0.0719008   0.0754059   -0.386848
-0.4515   -0.39061   0.497673
0.34001   -0.236997   -0.227255
-0.0972034   0.202912   0.477704
0.320558   0.264746   0.187669
-0.00165166   -0.272697   0.129323
-0.177475   -0.458226   -0.31166
-0.190935   0.394053   -0.154725
0.298979   0.349725   0.349475
0.397615   -0.410445   -0.271666
0.424863   -0.257788   -0.390108
-0.0219596   -0.363009   -0.330352
-0.487145   -0.118809   -0.355002
-0.409668   -0.119089   -0.380804
0.260953   -0.170872   -0.261046
-0.343139   -0.151706   -0.14593
-0.312449   -0.385172   -0.326441
-0.0308603   -0.259489   0.34475
-0.341213   -0.270379   -0.41708
0.317829   0.162926   0.330091
0.482235   -0.0339103   0.171545
0.196788   0.419793   -0.377414
0.0948985   0.476447   -0.043487
0.0389436   -0.334806   -0.380673
0.289555   -0.488546   -0.494016
-0.330777   0.463474   0.200999
-0.253283   -0.435111   -0.225724
-0.2081   -0.0749314   -0.0720526
0.174674   0.2742   -0.290857
0.257112   -0.255354   -0.251417
-0.373078   0.259176   -0.30536
-0.0137416   -0.0210244   0.046627
0.0697999   0.344584   -0.43109
0.352962   0.459467   -0.46002
-0.0572098   0.0687319   0.383073
0.243492   0.277718   0.317762
-0.479814   -0.158435   0.164032
-0.0819061   -0.272603   0.143585
-0.334403   -0.0738249   -0.179934
0.483849   -0.303602   -0.113744
0.389308   0.426266   -0.181871
0.097972   -0.292709   -0.0344762
0.113313   -0.351348   0.0658528
-0.267994   -0.182132   0.0169857
0.0998657   -0.289528   0.136647
0.0370149   -0.418596   -0.423944
0.161535   -0.159242   0.109263
0.284971   0.417284   -0.316208
-0.317406   0.474338   0.0976674
-0.404025   0.0811792   -0.177245
0.437569   0.186017   0.0959474
0.390378   -0.360743   0.134128
-0.459072   -0.335227   0.0479869
-0.0514791   -0.0463671   -0.409707
-0.204189   -0.196491   -0.121029
0.151981   -0.0924692   -0.157408
0.461909   -0.23509   -0.21574
-0.487973   -0.268094   -0.476715
-0.266127   -0.164855   -0.0845434
0.166797   -0.287104   -0.00226141
0.182687   0.30875   -0.398646
0.0552566   0.206025   -0.406622
-0.237268   0.34142   -0.103122
-0.0363738   0.111828   0.0209662
-0.121712   0.402701   0.0812302
0.0250522   0.233736   -0.187156
-0.284161   -0.433733   0.185861
-0.00202869   0.459941   0.329992
0.435318   -0.0690246   -0.0829674
0.411224   0.0704881   -0.171255
0.20295   -0.382429   -0.0262873
-0.452041   0.342543   0.097352
-0.292943   -0.177515   0.188973
0.296589   -0.0234548   0.207342
0.428155   0.363685   0.495014
-0.39083   -0.327552   -0.474084
-0.375442   -0.142113   0.366084
0.326193   -0.195648   -0.14581
-0.253291   0.040972   0.0926685
-0.158407   0.383181   0.320189
0.390223   0.321786   0.155115
-0.490596   -0.217182   -0.135265
-0.327975   0.341043   -0.489009
0.365446   0.407921   0.10691
-0.287384   -0.0835344   0.0218214
0.462652   0.0537033   0.424401
0.241366   0.273051   0.492841
-0.0229608   0.425402   0.0724791
-0.1905   -0.337677   -0.172366
-0.0152028   -0.112396   0.177508
-0.0622621   0.205898   -0.436046
-0.297929   -0.0548351   0.291133
0.3846   0.0878656   0.15153
0.217962   -0.231848   -0.00339302
0.216667   0.264191   0.0781709
-0.387108   0.477754   0.293511
-0.354159   -0.022451   0.418905
-0.465597   0.418146   0.101123
0.44105   -0.28687   0.234438
-0.445536   0.0203845   -0.388452
-0.0781754   0.231127   0.370202
0.140359   0.126757   -0.0203445
-0.310847   0.362215   0.337799
-0.34959   0.362191   0.257946
0.0783554   0.184289   0.0802214
0.383837   0.225411   0.205217
0.192214   -0.325646   -0.358792
0.295557   0.324927   0.123589
