0.0719556   0.0754803   -0.386831
-0.45147   -0.390599   0.497618
0.339928   -0.237011   -0.227286
-0.0972717   0.202967   0.477713
0.320489   0.264751   0.187779
-0.00171913   -0.27269   0.129371
-0.177476   -0.458226   -0.311674
-0.190876   0.394086   -0.154751
0.298961   0.349734   0.349423
0.39761   -0.410437   -0.271706
0.424819   -0.257775   -0.390117
-0.0219524   -0.363037   -0.330359
-0.487095   -0.118782   -0.354984
-0.409675   -0.119117   -0.380793
0.26095   -0.170928   -0.261025
-0.343111   -0.151659   -0.145867
-0.312478   -0.385114   -0.326456
-0.0308559   -0.259446   0.34478
-0.341181   -0.270306   -0.417031
0.31778   0.162865   0.330148
0.482186   -0.033946   0.171664
0.196774   0.419723   -0.377472
0.0949002   0.476527   -0.0435443
0.0390097   -0.334757   -0.380648
0.289596   -0.488563   -0.494008
-0.330784   0.463475   0.201031
-0.25333   -0.435153   -0.2257
-0.208118   -0.0748614   -0.0721039
0.17461   0.274165   -0.290878
0.257138   -0.255289   -0.251421
-0.373057   0.259161   -0.305394
-0.0137329   -0.0209547   0.0465482
0.0699438   0.344546   -0.43111
0.352964   0.459404   -0.460038
-0.0571685   0.0687623   0.383116
0.2435   0.277688   0.317782
-0.479783   -0.158515   0.163978
-0.0818416   -0.272626   0.143543
-0.334451   -0.0738572   -0.179941
0.483871   -0.303687   -0.113743
0.389387   0.42626   -0.181899
0.0979478   -0.292751   -0.0344946
0.113254   -0.351398   0.0658287
-0.267946   -0.18216   0.0169108
0.0998148   -0.289514   0.136611
0.0370893   -0.418593   -0.423928
0.161538   -0.159243   0.10925
0.285017   0.417311   -0.316148
-0.317436   0.474394   0.0975867
-0.404023   0.0811063   -0.177269
0.437601   0.186009   0.0958933
0.390409   -0.36071   0.134114
-0.459031   -0.335182   0.0479638
-0.0514354   -0.046378   -0.409622
-0.204194   -0.196472   -0.121086
0.152036   -0.0925111   -0.157437
0.461905   -0.23507   -0.215678
-0.487942   -0.268063   -0.476661
-0.266111   -0.164854   -0.0844857
0.166803   -0.28714   -0.00229442
0.182677   0.308741   -0.398696
0.0552142   0.206056   -0.406555
-0.237328   0.34143   -0.103112
-0.036434   0.111849   0.0209681
-0.12169   0.402679   0.0811941
0.0250326   0.233751   -0.187156
-0.284118   -0.43375   0.185833
-0.00198882   0.459898   0.33
0.435277   -0.0689844   -0.0829791
0.411199   0.0705169   -0.171261
0.202927   -0.382387   -0.0262644
-0.452148   0.34256   0.097354
-0.292969   -0.177598   0.189014
0.296623   -0.0234926   0.207323
0.428152   0.363708   0.495008
-0.390811   -0.3276   -0.474112
-0.375426   -0.142101   0.366097
0.326147   -0.19568   -0.145728
-0.253274   0.0409214   0.092711
-0.158358   0.38317   0.320213
0.390286   0.321829   0.155078
-0.490673   -0.217218   -0.135299
-0.328056   0.341115   -0.489049
0.365442   0.407885   0.106906
-0.287429   -0.0835303   0.0218563
0.462695   0.0537156   0.424348
0.24137   0.273035   0.492901
-0.0230471   0.425447   0.0725117
-0.190478   -0.337642   -0.172319
-0.0152063   -0.112425   0.177518
-0.0622447   0.205926   -0.436121
-0.297869   -0.0548501   0.291127
0.384565   0.0878068   0.151534
0.217978   -0.231833   -0.00338676
0.216663   0.264202   0.0782514
-0.387173   0.47782   0.293523
-0.354185   -0.0225155   0.418862
-0.465598   0.41812   0.10111
0.441056   -0.286747   0.234439
-0.445494   0.0204511   -0.388477
-0.0782176   0.231141   0.370175
0.140328   0.126754   -0.0203047
-0.310795   0.362172   0.337807
-0.349529   0.362148   0.257992
0.0783809   0.184299   0.0802423
0.383831   0.225407   0.205216
0.192223   -0.325711   -0.358855
0.295486   0.324893   0.123632
