0.0599955
0.0599958
0.0599963
0.059997
0.0599979
0.059999
0.0600003
0.0600018
0.0600035
0.0600054
0.0600075
0.0600099
0.0600124
0.0600152
0.0600182
0.0600214
0.0600249
0.0600286
0.0600326
0.0600368
0.0600412
0.060046
0.060051
0.0600562
0.0600618
0.0600676
0.0600738
0.0600802
0.0600869
0.060094
0.0601013
0.060109
0.0601171
0.0601254
0.0601342
0.0601433
0.0601528
0.0601627
0.0601731
0.0601838
0.060195
0.0602066
0.0602188
0.0602314
0.0602445
0.0602582
0.0602724
0.0602872
0.0603026
0.0603187
0.0600126
0.06003
0.0600481
0.0600671
0.0600868
0.0601073
0.0601287
0.0601511
0.0601744
0.0601987
0.0602241
0.0602507
0.0602785
0.0603075
0.0603379
0.0603697
0.060403
0.0604379
0.0604745
0.0605129
0.0605532
0.0605955
0.0606399
0.0606865
0.0607356
0.060787
0.0608411
0.0608978
0.0609573
0.0610196
0.0610846
0.0611523
0.0612225
0.0612947
0.0613684
0.0614427
0.0615163
0.0615873
0.0616532
0.0617107
0.0617556
0.061783
0.0617879
0.0617662
0.0617174
0.0616468
0.0615692
0.0615093
0.0614979
0.0615622
0.0601477
0.060381
0.0606655
0.0609682
0.0612604
0.0615222
0.0617424
0.0619154
0.062038
0.0621074
0.0621209
0.0620764
0.0619752
0.0618252
0.0616439
0.0614578
0.0612986
0.0611945
0.0611633
0.0612117
0.06134
0.0615455
0.0618222
0.062156
0.0625225
0.0628908
0.0632305
0.0635186
0.0637437
0.0639061
0.0640152
0.0640855
0.0641313
0.0641625
0.0641816
0.0641845
0.0641636
0.0641138
0.064036
0.0639392
0.0638388
0.0637518
0.063692
0.063666
0.0636738
0.0637107
0.0637716
0.0638532
0.0639548
0.0640779
0.0601335
0.0603047
0.0605062
0.0607368
0.0609932
0.06127
0.0615595
0.0618525
0.0621387
0.0624083
0.0626526
0.0628648
0.0630403
0.0631767
0.0632737
0.0633325
0.0633561
0.0633483
0.0633133
0.063255
0.0631749
0.0630709
0.0629356
0.0627573
0.0625219
0.0622178
0.0618413
0.0614016
0.0609254
0.0604615
0.0600858
0.0598941
0.0599643
0.0603021
0.0608245
0.0614066
0.0619454
0.0623892
0.0627296
0.0629812
0.0631657
0.0633029
0.0634079
0.0634911
0.0635599
0.0636192
0.0636733
0.0637257
0.0637791
0.0638349
0.0600519
0.0601093
0.0601649
0.0602132
0.0602475
0.0602607
0.0602456
0.0601965
0.0601102
0.0599875
0.0598352
0.0596662
0.0594998
0.0593583
0.0592628
0.0592276
0.0592559
0.0593395
0.059461
0.0595994
0.059735
0.0598532
0.0599461
0.0600127
0.060057
0.0600861
0.0601078
0.0601286
0.0601518
0.0601771
0.0602015
0.0602196
0.0602255
0.0602137
0.060179
0.0601176
0.0600271
0.0599071
0.0597608
0.0595952
0.0594211
0.0592515
0.0590976
0.0589649
0.0588524
0.0587544
0.0586658
0.0585867
0.0585232
0.0584848
0.0599939
0.0600215
0.060077
0.0601481
0.0602199
0.0602795
0.0603197
0.0603401
0.0603456
0.0603428
0.0603362
0.0603284
0.0603244
0.0603384
0.0603954
0.0605224
0.0607328
0.0610152
0.0613367
0.0616571
0.0619443
0.0621802
0.0623599
0.0624869
0.0625684
0.062612
0.0626244
0.06261
0.0625718
0.0625107
0.0624268
0.0623196
0.0621888
0.0620354
0.0618624
0.0616757
0.0614836
0.0612961
0.061123
0.0609709
0.0608411
0.06073
0.0606316
0.0605428
0.0604677
0.0604194
0.0604144
0.0604639
0.0605652
0.0607014
0.0601358
0.060265
0.0603644
0.060427
0.0604524
0.0604427
0.0604002
0.0603256
0.0602182
0.0600782
0.0599112
0.0597337
0.0595757
0.059477
0.0594733
0.0595788
0.0597776
0.060031
0.060295
0.0605352
0.0607327
0.0608819
0.0609858
0.0610511
0.0610851
0.0610946
0.0610842
0.0610572
0.0610147
0.0609563
0.0608803
0.0607837
0.0606634
0.0605168
0.0603433
0.0601457
0.0599323
0.0597176
0.0595218
0.0593674
0.0592744
0.0592536
0.0593032
0.0594087
0.0595478
0.0596965
0.0598345
0.0599488
0.0600339
0.0600919
0.0600339
0.060063
0.060096
0.0601417
0.0602039
0.060281
0.0603669
0.060453
0.0605307
0.0605932
0.060636
0.0606573
0.0606576
0.0606395
0.0606072
0.0605663
0.0605235
0.0604855
0.0604588
0.0604481
0.0604558
0.0604817
0.0605231
0.0605753
0.0606326
0.060689
0.0607387
0.0607761
0.0607955
0.0607909
0.0607559
0.0606837
0.0605675
0.0604021
0.0601862
0.0599249
0.059633
0.0593361
0.0590685
0.0588665
0.0587575
0.0586551
0.0587395
0.0588862
0.0590622
0.0592402
0.0594047
0.0595522
0.0596869
0.0598158
0.0600299
0.0601615
0.0602979
0.0604385
0.0605822
0.0607269
0.0608699
0.0610077
0.0611359
0.0612497
0.0613445
0.0614156
0.0614591
0.0614716
0.0614507
0.0613955
0.0613074
0.0611911
0.0610559
0.0609161
0.0607902
0.0606987
0.0606585
0.0606793
0.0607591
0.0608856
0.0610392
0.0611977
0.0613409
0.0614533
0.0615248
0.0615516
0.0615356
0.061485
0.0614136
0.0613388
0.0612785
0.0612463
0.0612489
0.0612842
0.0613445
0.0614198
0.0615019
0.0615855
0.0616679
0.0617482
0.0618256
0.0618979
0.061962
0.062014
0.0599714
0.0599862
0.0599807
0.0599551
0.0599116
0.0598541
0.0597876
0.0597173
0.0596473
0.0595804
0.0595169
0.059455
0.0593911
0.0593209
0.0592405
0.0591479
0.0590438
0.0589319
0.0588198
0.058717
0.0586343
0.0585806
0.0585615
0.0585781
0.0586267
0.0587005
0.0587916
0.0588921
0.0589958
0.0590982
0.0591962
0.059288
0.059372
0.0594468
0.0595108
0.0595624
0.0596003
0.0596238
0.0596336
0.0596319
0.059622
0.0596083
0.0595954
0.059587
0.0595854
0.0595908
0.0596019
0.0596156
0.0596289
0.0596388
0.0599407
0.0599372
0.0599282
0.0599149
0.0598986
0.0598804
0.0598608
0.0598394
0.059815
0.0597861
0.0597513
0.0597101
0.0596631
0.0596123
0.0595608
0.0595123
0.0594701
0.0594366
0.0594125
0.0593972
0.0593891
0.0593865
0.0593882
0.0593931
0.0594004
0.0594081
0.0594131
0.05941
0.0593919
0.0593517
0.0592839
0.0591878
0.0590696
0.0589428
0.0588243
0.0587284
0.0586609
0.0586196
0.0586
0.0586042
0.0586442
0.0587372
0.058895
0.0591143
0.0593751
0.0596468
0.0598977
0.0601026
0.0602462
0.0603234
0.059959
0.0599156
0.0598349
0.0597331
0.0596252
0.0595211
0.0594237
0.0593285
0.059225
0.0591009
0.0589461
0.0587585
0.0585492
0.0583461
0.0581902
0.0581205
0.0581554
0.0582819
0.0584652
0.058669
0.0588697
0.0590588
0.0592357
0.0594004
0.05955
0.059679
0.059782
0.0598559
0.0599007
0.0599184
0.0599103
0.059877
0.0598194
0.0597408
0.0596485
0.059553
0.0594667
0.059403
0.0593748
0.0593926
0.0594607
0.0595733
0.0597144
0.059862
0.0599955
0.0601013
0.0601746
0.060219
0.0602437
0.0602614
0.0599689
0.0600129
0.0600866
0.0601927
0.0603273
0.0604799
0.0606358
0.0607781
0.0608901
0.0609575
0.0609699
0.0609226
0.0608182
0.0606689
0.0604965
0.0603318
0.0602081
0.0601525
0.0601778
0.0602787
0.0604357
0.0606218
0.0608104
0.0609804
0.0611176
0.0612157
0.0612748
0.0613005
0.0613021
0.0612904
0.061277
0.0612728
0.0612876
0.0613293
0.061402
0.0615047
0.0616298
0.0617638
0.0618893
0.0619885
0.0620456
0.0620489
0.0619913
0.0618702
0.0616878
0.0614504
0.061169
0.0608597
0.0605435
0.0602444
0.0599863
0.0597874
0.0596552
0.0595848
0.0595603
0.0595609
0.0595678
0.0595701
0.0595672
0.0595672
0.0595811
0.0596161
0.0596724
0.059745
0.0598296
0.0599283
0.0600496
0.0602042
0.0603962
0.0606177
0.0608475
0.0610567
0.0612171
0.061309
0.0613261
0.0612773
0.0611848
0.0610793
0.0609907
0.0609391
0.0609287
0.060948
0.0609772
0.0609963
0.0609918
0.0609591
0.0609023
0.0608319
0.0607606
0.0607007
0.0606611
0.0606455
0.0606529
0.0606781
0.0607128
0.0607476
0.0607731
0.0607812
0.0607666
0.0607268
0.0606622
0.060576
0.0604736
0.0603622
0.06025
0.0601452
0.060055
0.059985
0.0599381
0.0599148
0.0599128
0.0599281
0.0599558
0.0599901
0.060026
0.0600587
0.0600845
0.0601006
0.0601055
0.0600984
0.0600797
0.0600505
0.0600127
0.0599687
0.0599217
0.059875
0.0598324
0.0597977
0.0597743
0.0597646
0.0597696
0.0597884
0.0598177
0.0598525
0.0598866
0.0599133
0.0599265
0.0599211
0.0598941
0.0598443
0.0597733
0.0596855
0.059588
0.05949
0.0594022
0.0593344
0.0592943
0.0592854
0.0593068
0.0593535
0.0594181
0.0594921
0.0595679
0.0596392
0.0597021
0.0597546
0.0597966
0.059829
0.0598535
0.0598721
0.0598865
0.059898
0.0599071
0.0599139
0.059918
0.0599188
0.0599154
0.0599071
0.0598933
0.0598729
0.059845
0.0598078
0.0597586
0.0596937
0.0596085
0.0594981
0.0593588
0.0591905
0.0589997
0.0588017
0.0586205
0.0584831
0.0584108
0.0584099
0.0584706
0.0585725
0.0586953
0.0588251
0.0589563
0.0590883
0.0592211
0.0593524
0.0594768
0.0595865
0.0596735
0.0597307
0.0597544
0.0597447
0.0597073
0.0596527
0.059596
0.0595534
0.0595389
0.0595604
0.0596166
0.0596976
0.0597872
0.0598659
0.0599141
0.0599148
0.0598548
0.0597287
0.0595432
0.0593229
0.0591121
0.0589658
0.0589289
0.0590139
0.0591944
0.0594211
0.0596449
0.059833
0.0599714
0.0600597
0.060105
0.0601171
0.0601057
0.0600799
0.0600473
0.0600144
0.0599864
0.0599671
0.0599589
0.0599625
0.0599774
0.0600018
0.0600332
0.0600687
0.0601057
0.0601417
0.0601751
0.0602046
0.0602296
0.0602499
0.0602657
0.060277
0.0602843
0.0602876
0.0602871
0.0602823
0.0602727
0.0602574
0.0602348
0.0602028
0.0601588
0.0600993
0.06002
0.0599162
0.0597831
0.0596169
0.0594178
0.0591924
0.058957
0.0587382
0.0585687
0.0584774
0.0584776
0.0585619
0.0587061
0.0588803
0.0590588
0.0592249
0.0593705
0.0594936
0.0595952
0.0596773
0.059742
0.0597907
0.0598247
0.059845
0.0598525
0.0598481
0.0598334
0.05981
0.0597803
0.0597468
0.0597122
0.0596792
0.0596501
0.0596265
0.059609
0.0595975
0.0595909
0.0595876
0.0595857
0.0595835
0.0595795
0.0595728
0.0595635
0.059552
0.0595396
0.0595279
0.0595187
0.0595135
0.059513
0.0595174
0.0595258
0.0595366
0.0595479
0.0595573
0.059563
0.0595632
0.0595567
0.0595429
0.0595219
0.059494
0.0594601
0.0594215
0.0593799
0.0593374
0.0592962
0.0592592
0.0592296
0.0592108
0.0592065
0.0592199
0.0592538
0.0593091
0.0593855
0.0594802
0.0595886
0.0597049
0.0598222
0.0599336
0.0600325
0.0601127
0.0601682
0.0601936
0.0601831
0.060131
0.0600315
0.0598795
0.0596716
0.0594087
0.0590999
0.0587663
0.0584438
0.0581807
0.0580256
0.0580107
0.0581376
0.0583775
0.058684
0.0590104
0.0593198
0.0595889
0.0598058
0.0599666
0.0600727
0.0601289
0.0601427
0.0601236
0.0600819
0.0600275
0.0599677
0.0599053
0.059838
0.05976
0.059665
0.0595516
0.0594277
0.0593131
0.0592361
0.059225
0.0592964
0.0594471
0.0596559
0.059893
0.0601302
0.0603476
0.0605342
0.060686
0.0608029
0.0608862
0.0609375
0.0609574
0.0609459
0.0609022
0.0608252
0.0607144
0.0605712
0.0603995
0.0602078
0.0600084
0.0598166
0.0596476
0.0595129
0.0594175
0.0593598
0.0593336
0.0593313
0.059346
0.0593727
0.0594084
0.059451
0.059499
0.0595506
0.0596032
0.0596532
0.059696
0.0597272
0.0597436
0.0597452
0.0597358
0.0597237
0.0597206
0.0597389
0.0597893
0.059877
0.0600007
0.0601531
0.0603227
0.0604967
0.0606638
0.0608146
0.0609432
0.0610459
0.0611213
0.0611694
0.061191
0.0611875
0.0611609
0.0611132
0.0610473
0.0609663
0.0608736
0.0607727
0.0606667
0.0605576
0.0604457
0.0603294
0.0602047
0.0600663
0.059908
0.0597254
0.0595184
0.0592942
0.0590696
0.0588699
0.058722
0.0586439
0.0586357
0.0586786
0.058744
0.0588058
0.0588496
0.0588755
0.0588947
0.0589227
0.0589729
0.0590512
0.0591553
0.0592757
0.0594004
0.0595175
0.0596185
0.0596981
0.0597546
0.0597888
0.0598033
0.0598015
0.0597871
0.0597639
0.0597352
0.0597037
0.0596714
0.0596397
0.0596093
0.0595804
0.0595529
0.0595267
0.0595014
0.0594768
0.059453
0.0594302
0.0594089
0.0593897
0.0593736
0.0593614
0.0593541
0.0593527
0.0593581
0.059371
0.0593921
0.0594217
0.0594601
0.0595071
0.0595623
0.0596252
0.0596947
0.0597696
0.059848
0.0599277
0.0600057
0.0600782
0.0601401
0.0601852
0.0602055
0.0601911
0.0601308
0.0600125
0.0598259
0.0595659
0.0592384
0.0588656
0.0584864
0.0581492
0.0578958
0.0577466
0.0576975
0.0577284
0.0578148
0.0579363
0.0580778
0.0582274
0.0583733
0.0585035
0.0586082
0.0586846
0.0587403
0.058792
0.0588603
0.058962
0.059103
0.0592768
0.0594675
0.0596565
0.0598277
0.0599703
0.0600793
0.0601536
0.0601952
0.060207
0.0601924
0.060155
0.0600985
0.060027
0.0599452
0.0598586
0.0597734
0.059696
0.0596321
0.0595858
0.059559
0.0595508
0.0595577
0.0595751
0.0595974
0.0596195
0.0596367
0.0596457
0.0596438
0.0596292
0.0596009
0.0595586
0.0595028
0.0594354
0.059359
0.059278
0.0591972
0.059122
0.0590573
0.0590065
0.0589709
0.0589499
0.0589408
0.05894
0.0589439
0.0589498
0.0589563
0.0589632
0.0589709
0.05898
0.0589906
0.059002
0.0590131
0.0590225
0.0590292
0.0590335
0.0590367
0.0590414
0.0590513
0.0590699
0.0590997
0.059142
0.0591957
0.0592581
0.0593251
0.0593922
0.0594549
0.0595099
0.0595547
0.0595878
0.0596091
0.0596189
0.0596185
0.0596093
0.0595933
0.0595717
0.0595457
0.0595156
0.0594804
0.0594386
0.0593878
0.0593258
0.0592512
0.0591645
0.0590688
0.0589706
0.0588791
0.0588056
0.0587615
0.0587557
0.0587926
0.0588711
0.0589849
0.0591246
0.0592791
0.0594384
0.0595938
0.059739
0.0598693
0.0599816
0.0600736
0.0601434
0.0601892
0.0602092
0.0602014
0.0601642
0.0600964
0.0599984
0.0598725
0.0597245
0.0595638
0.0594037
0.0592599
0.0591486
0.0590825
0.0590686
0.0591066
0.0591892
0.0593048
0.05944
0.0595818
0.0597196
0.0598454
0.0599544
0.0600443
0.0601148
0.0601674
0.0602044
0.0602292
0.0602455
0.0602568
0.060267
0.0602789
0.0602947
0.0603148
0.0603381
0.0603615
0.0603797
0.0603864
0.0603741
0.0603352
0.0602637
0.060157
0.0600185
0.0598606
0.0597057
0.059583
0.059521
0.0595368
0.0596292
0.0597799
0.0599616
0.0601486
0.0603226
0.0604741
0.0606004
0.0607032
0.0607856
0.0608509
0.0609015
0.0609385
0.0609615
0.0609687
0.060956
0.0609177
0.0608465
0.0607338
0.0605723
0.0603599
0.060106
0.0598379
0.0596023
0.0594551
0.0594373
0.0595537
0.0597694
0.0600284
0.0602784
0.0604846
0.0606306
0.0607128
0.0607345
0.0607016
0.0606214
0.060502
0.0603528
0.0601844
0.0600079
0.0598341
0.0596719
0.0595274
0.059404
0.059303
0.0592255
0.0591736
0.059152
0.0591682
0.059231
0.0593475
0.0595187
0.0597367
0.0599858
0.0602459
0.0604979
0.0607275
0.0609262
0.0610911
0.061223
0.0613251
0.0614013
0.0614561
0.0614933
0.0615163
0.061528
0.0615304
0.0615251
0.0615129
0.061494
0.0614683
0.061435
0.0613929
0.0613407
0.0612767
0.0611993
0.0611071
0.060999
0.060875
0.0607364
0.060586
0.060429
0.0602721
0.060124
0.0599937
0.0598896
0.059818
0.0597823
0.0597825
0.0598154
0.059876
0.0599577
0.0600541
0.0601591
0.0602672
0.060374
0.0604759
0.0605701
0.0606546
0.0607279
0.0607894
0.0608387
0.0608759
0.0609016
0.0609162
0.0609207
0.0609157
0.0609023
0.0608813
0.0608535
0.0608201
0.0607822
0.0607412
0.0606986
0.0606566
0.0606172
0.0605826
0.0605549
0.0605358
0.0605262
0.0605262
0.0605351
0.0605514
0.0605731
0.0605985
0.0606258
0.0606542
0.0606834
0.0607136
0.0607454
0.0607794
0.0608157
0.0608534
0.0608911
0.0609268
0.0609579
0.0609826
0.0609994
0.0610087
0.0610123
0.0610136
0.0610169
0.0610267
0.0610464
0.0610778
0.0611207
0.0611732
0.0612326
0.0612962
0.0613623
0.0614301
0.0614997
0.0615715
0.0616454
0.06172
0.0617916
0.0618534
0.0618948
0.0619028
0.0618628
0.0617644
0.0616082
0.0614157
0.0612333
0.0611227
0.0611328
0.0612705
0.0614947
0.0617401
0.0619504
0.0620975
0.0621824
0.0622269
0.0622617
0.0623156
0.0624067
0.0625392
0.0627058
0.0628927
0.0630858
0.0632738
0.0634485
0.0636035
0.0637331
0.0638306
0.0638898
0.0639055
0.0638767
0.0638085
0.0637138
0.063612
0.0635242
0.0634659
0.0634411
0.0634415
0.0634517
0.0634562
0.0634452
0.0634176
0.0633791
0.0633399
0.0633115
0.0633041
0.0633245
0.0633756
0.0634564
0.0635629
0.0636896
0.06383
0.0639781
0.0641284
0.0642766
0.0644187
0.0645519
0.0646734
0.064781
0.0648725
0.0649454
0.0649975
0.0650265
0.0650299
0.0650051
0.0649487
0.0648561
0.0647202
0.0645305
0.0642735
0.0639379
0.0635274
0.0630802
0.0626823
0.062447
0.0624524
0.0626824
0.0630358
0.0633923
0.0636698
0.0638352
0.0638898
0.0638505
0.0637387
0.0635755
0.0633806
0.0631714
0.0629634
0.0627685
0.0625954
0.0624491
0.0623321
0.0622453
0.0621892
0.0621629
0.062162
0.0621752
0.0621837
0.0621648
0.0621005
0.0619879
0.0618473
0.0617203
0.0616551
0.0616837
0.061806
0.0619932
0.062206
0.0624126
0.0625958
0.062751
0.0628799
0.062985
0.0630666
0.0631224
0.063147
0.0631338
0.0630758
0.0629671
0.0628047
0.0625901
0.0623317
0.0620455
0.0617554
0.0614901
0.0612775
0.0611379
0.0610773
0.0610847
0.0611364
0.0612034
0.0612611
0.0612953
0.061305
0.0613007
0.0613
0.0613206
0.0613744
0.0614638
0.0615826
0.0617195
0.0618619
0.0619996
0.0621262
0.0622385
0.0623362
0.0624207
0.0624938
0.0625577
0.0626143
0.0626649
0.0627105
0.0627519
0.0627895
0.0628236
0.0628545
0.0628826
0.0629081
0.0629312
0.0629524
0.0629716
0.0629891
