1.9
1.9
1.9
1.9
1.9
1.9
1.9
1.9
1.9
1.9
1.9
1.9
1.9
1.9
1.9
1.9
1.9
1.9
1.9
1.9
1.9
1.9
1.9
1.9
1.9
1.9
1.9
1.9
1.9
1.9
1.9
1.9
1.9
1.9
1.9
1.9
1.9
1.9
1.9
1.9
1.9
1.9
1.9
1.9
1.9
1.9
1.9
1.9
1.9
1.9
1.9
1.9
1.9
1.9
1.9
1.9
1.9
1.9
1.9
1.9
1.9
1.9
1.9
1.9
1.9
1.9
1.9
1.9
1.9
1.90001
1.90002
1.90004
1.90006
1.90008
1.9001
1.90012
1.90015
1.90018
1.90021
1.90025
1.90029
1.90033
1.90038
1.90043
1.90048
1.90055
1.90062
1.9007
1.90078
1.90087
1.90097
1.90108
1.9012
1.90133
1.90148
1.90163
1.9018
1.90198
1.90217
1.90238
1.90021
1.90045
1.90071
1.90099
1.90128
1.9016
1.90194
1.9023
1.90269
1.9031
1.90354
1.90402
1.90452
1.90506
1.90562
1.90623
1.90687
1.90756
1.90828
1.90905
1.90987
1.91074
1.91165
1.91262
1.91364
1.91471
1.91583
1.917
1.91821
1.91946
1.92075
1.92205
1.92337
1.92467
1.92594
1.92715
1.92825
1.92922
1.93
1.93055
1.93085
1.93087
1.93063
1.93021
1.92971
1.9293
1.92915
1.9294
1.9301
1.9312
1.90122
1.90244
1.90326
1.9034
1.90262
1.90085
1.89824
1.89531
1.89287
1.89189
1.89306
1.89649
1.9016
1.90749
1.9133
1.91848
1.92278
1.92619
1.92881
1.93075
1.93211
1.93295
1.93328
1.93308
1.93234
1.931
1.92907
1.92658
1.92361
1.92034
1.91703
1.91403
1.91176
1.9106
1.9108
1.91235
1.91498
1.91817
1.92129
1.92379
1.92525
1.92543
1.92428
1.92197
1.91885
1.91547
1.91248
1.91049
1.9099
1.91082
1.90223
1.90555
1.90949
1.91367
1.91779
1.9216
1.92496
1.92779
1.93008
1.93186
1.93317
1.93404
1.93451
1.9346
1.93432
1.93367
1.93262
1.93115
1.92926
1.92695
1.92425
1.92123
1.91801
1.91479
1.91178
1.90921
1.90728
1.90611
1.90569
1.90588
1.90647
1.90723
1.90794
1.90848
1.90883
1.90902
1.90914
1.90924
1.90934
1.90942
1.90946
1.90948
1.90955
1.90979
1.91034
1.91131
1.91271
1.91444
1.9163
1.91797
1.90095
1.90094
1.89942
1.89592
1.89019
1.88247
1.87401
1.86707
1.86423
1.86673
1.87357
1.88233
1.89073
1.8975
1.90232
1.90545
1.90727
1.90819
1.90849
1.90838
1.90801
1.90744
1.90669
1.90579
1.90469
1.90339
1.90184
1.90008
1.89812
1.89609
1.89414
1.89253
1.8915
1.89125
1.89185
1.89324
1.89519
1.89745
1.89971
1.90174
1.90333
1.90433
1.90461
1.90403
1.90248
1.89982
1.89603
1.89123
1.88583
1.8806
1.89613
1.89398
1.89396
1.89553
1.89765
1.89926
1.89956
1.89807
1.89464
1.88937
1.88268
1.87539
1.86877
1.86429
1.86321
1.86602
1.87218
1.88044
1.8893
1.89754
1.90444
1.90974
1.9135
1.91594
1.91734
1.91796
1.918
1.91764
1.91702
1.91623
1.91535
1.91443
1.91349
1.91256
1.91164
1.91075
1.9099
1.90907
1.90827
1.9075
1.90675
1.90602
1.9053
1.90459
1.9039
1.90324
1.90261
1.90202
1.90148
1.901
1.89963
1.89931
1.89905
1.89885
1.89869
1.89854
1.89836
1.89812
1.8978
1.89738
1.89684
1.89622
1.89554
1.89487
1.89429
1.8939
1.89377
1.89396
1.89449
1.89532
1.8964
1.89765
1.89897
1.90029
1.90153
1.90265
1.90364
1.90447
1.90515
1.9057
1.90612
1.90644
1.90666
1.90681
1.90689
1.90692
1.9069
1.90686
1.90679
1.90671
1.90664
1.90658
1.90657
1.90661
1.90672
1.90694
1.90728
1.90775
1.90835
1.90905
