2.85
2.85
2.85
2.85
2.85
2.85
2.85
2.85
2.85
2.85
2.85
2.85
2.85
2.85
2.85
2.85
2.85
2.85
2.85
2.85
2.85
2.85
2.85
2.85
2.85
2.85
2.85
2.85
2.85
2.85
2.85
2.85
2.85
2.85
2.85
2.85
2.85
2.85
2.85
2.85
2.85
2.85
2.85
2.85
2.85
2.85
2.85
2.85
2.85
2.85
2.85
2.85
2.85
2.85
2.85
2.85
2.85
2.85
2.85
2.85
2.85
2.85
2.85
2.85
2.85
2.85
2.85
2.85
2.85
2.85001
2.85003
2.85006
2.85009
2.85012
2.85015
2.85019
2.85022
2.85027
2.85032
2.85037
2.85043
2.8505
2.85057
2.85064
2.85073
2.85083
2.85093
2.85105
2.85117
2.85131
2.85146
2.85162
2.8518
2.852
2.85222
2.85245
2.8527
2.85297
2.85325
2.85356
2.85032
2.85068
2.85107
2.85148
2.85192
2.8524
2.85291
2.85345
2.85403
2.85465
2.85532
2.85603
2.85678
2.85758
2.85844
2.85934
2.86031
2.86133
2.86242
2.86358
2.8648
2.8661
2.86748
2.86893
2.87046
2.87207
2.87374
2.8755
2.87731
2.87919
2.88112
2.88308
2.88505
2.88701
2.88891
2.89072
2.89238
2.89383
2.895
2.89583
2.89627
2.8963
2.89595
2.89531
2.89457
2.89395
2.89372
2.89409
2.89515
2.89681
2.85184
2.85365
2.85489
2.8551
2.85393
2.85127
2.84736
2.84296
2.8393
2.83783
2.8396
2.84473
2.8524
2.86124
2.86995
2.87772
2.88417
2.88928
2.89321
2.89612
2.89817
2.89942
2.89992
2.89963
2.8985
2.8965
2.89361
2.88986
2.88541
2.88051
2.87554
2.87105
2.86764
2.8659
2.86619
2.86853
2.87248
2.87725
2.88194
2.88569
2.88787
2.88814
2.88642
2.88295
2.87828
2.87321
2.86872
2.86573
2.86484
2.86624
2.85334
2.85832
2.86424
2.87051
2.87668
2.8824
2.88744
2.89169
2.89513
2.89779
2.89975
2.90106
2.90177
2.90191
2.90149
2.9005
2.89892
2.89673
2.89389
2.89043
2.88637
2.88184
2.87702
2.87219
2.86767
2.86381
2.86093
2.85917
2.85853
2.85882
2.85971
2.86084
2.86191
2.86272
2.86324
2.86353
2.86371
2.86386
2.86401
2.86413
2.86419
2.86423
2.86433
2.86469
2.86552
2.86697
2.86906
2.87166
2.87445
2.87696
2.85142
2.85141
2.84912
2.84388
2.83528
2.82371
2.81101
2.80061
2.79635
2.80009
2.81036
2.8235
2.8361
2.84624
2.85348
2.85817
2.86091
2.86228
2.86273
2.86258
2.86201
2.86115
2.86004
2.85868
2.85704
2.85508
2.85277
2.85011
2.84718
2.84413
2.84122
2.8388
2.83726
2.83688
2.83778
2.83985
2.84279
2.84617
2.84957
2.85261
2.85499
2.85649
2.85691
2.85605
2.85372
2.84974
2.84405
2.83684
2.82875
2.8209
2.8442
2.84097
2.84094
2.84329
2.84647
2.8489
2.84934
2.84711
2.84196
2.83405
2.82401
2.81308
2.80315
2.79644
2.79482
2.79902
2.80827
2.82066
2.83395
2.84631
2.85666
2.86461
2.87025
2.87392
2.87602
2.87693
2.87699
2.87646
2.87553
2.87435
2.87303
2.87164
2.87023
2.86883
2.86746
2.86613
2.86484
2.86361
2.86241
2.86125
2.86012
2.85902
2.85794
2.85688
2.85585
2.85486
2.85391
2.85302
2.85221
2.8515
2.84944
2.84896
2.84857
2.84828
2.84804
2.8478
2.84754
2.84719
2.84671
2.84607
2.84527
2.84433
2.84331
2.84231
2.84144
2.84085
2.84066
2.84094
2.84173
2.84298
2.8446
2.84647
2.84846
2.85043
2.85229
2.85398
2.85546
2.8567
2.85773
2.85855
2.85918
2.85966
2.86
2.86021
2.86033
2.86037
2.86036
2.86029
2.86019
2.86007
2.85996
2.85987
2.85985
2.85991
2.86009
2.86041
2.86092
2.86163
2.86252
2.86357
