-0.0318402
-0.0318491
-0.031864
-0.0318849
-0.0319117
-0.0319445
-0.0319834
-0.0320284
-0.0320795
-0.0321368
-0.0322003
-0.0322725
-0.0323512
-0.0324508
-0.0325526
-0.0326708
-0.032794
-0.03291
-0.0330595
-0.0332144
-0.0333675
-0.0335308
-0.0337068
-0.0338887
-0.0340813
-0.0342873
-0.0344855
-0.0346997
-0.0349349
-0.0351702
-0.0354032
-0.0356581
-0.0359256
-0.0362013
-0.0364855
-0.0367691
-0.037069
-0.0373998
-0.0377336
-0.0380613
-0.0383953
-0.038755
-0.0391242
-0.0395202
-0.039922
-0.0403376
-0.04077
-0.0412342
-0.0417047
-0.0421943
-0.0427517
-0.04329
-0.0438384
-0.0444026
-0.0450003
-0.0456207
-0.0462676
-0.0469448
-0.0476465
-0.0483814
-0.0491442
-0.0499486
-0.050794
-0.0516708
-0.0525952
-0.0535531
-0.0545635
-0.0556127
-0.0567152
-0.0578741
-0.0590973
-0.0603763
-0.0617193
-0.0631322
-0.0646162
-0.0661794
-0.0678014
-0.0695157
-0.0713078
-0.0731809
-0.0751416
-0.0771771
-0.0792902
-0.081469
-0.0836927
-0.0859331
-0.0881376
-0.0902655
-0.0922244
-0.0939121
-0.0952169
-0.0959723
-0.0960448
-0.0953171
-0.0937814
-0.0916171
-0.0893103
-0.087618
-0.0874728
-0.0896541
-0.0949312
-0.102123
-0.110755
-0.119841
-0.128542
-0.136284
-0.142756
-0.147795
-0.151311
-0.153237
-0.153474
-0.151962
-0.148771
-0.144151
-0.138655
-0.133112
-0.128465
-0.125542
-0.124844
-0.126539
-0.130625
-0.137027
-0.145534
-0.155682
-0.166723
-0.177733
-0.1878
-0.19627
-0.202825
-0.207518
-0.210651
-0.212655
-0.213972
-0.214872
-0.2154
-0.215429
-0.214729
-0.21314
-0.210736
-0.207803
-0.204797
-0.202254
-0.200564
-0.199894
-0.200225
-0.201405
-0.203297
-0.205802
-0.208921
-0.212675
-0.217408
-0.222635
-0.228769
-0.235759
-0.24353
-0.251885
-0.260599
-0.269376
-0.277926
-0.285954
-0.293197
-0.299453
-0.304602
-0.30857
-0.311364
-0.313029
-0.313633
-0.313313
-0.312187
-0.310376
-0.307914
-0.304718
-0.300547
-0.295046
-0.287794
-0.278456
-0.266947
-0.253602
-0.239272
-0.225511
-0.214658
-0.209609
-0.212554
-0.223388
-0.239421
-0.256878
-0.272806
-0.285807
-0.295717
-0.303038
-0.30841
-0.312399
-0.315469
-0.317918
-0.319956
-0.321723
-0.32333
-0.324906
-0.32651
-0.328205
-0.330051
-0.33177
-0.333426
-0.334841
-0.335821
-0.336143
-0.335593
-0.33401
-0.331311
-0.327531
-0.322896
-0.317795
-0.312845
-0.308712
-0.306013
-0.305153
-0.306181
-0.308832
-0.312553
-0.316716
-0.320753
-0.32423
-0.326942
-0.328865
-0.330134
-0.33097
-0.331624
-0.332245
-0.332946
-0.333712
-0.334433
-0.334943
-0.335079
-0.334663
-0.333548
-0.331621
-0.328815
-0.325118
-0.320656
-0.315647
-0.310423
-0.305366
-0.3008
-0.29689
-0.29356
-0.290672
-0.288031
-0.285709
-0.283865
-0.282802
-0.282664
-0.283582
-0.285305
-0.287456
-0.289588
-0.291334
-0.292478
-0.29303
-0.29316
-0.293071
-0.292873
-0.292641
-0.292545
-0.293054
-0.294941
-0.298993
-0.305555
-0.314196
-0.323885
-0.333434
-0.341915
-0.348832
-0.354057
-0.357717
-0.360045
-0.361242
-0.361522
-0.361005
-0.359786
-0.357885
-0.355316
-0.352031
-0.348041
-0.343366
-0.338126
-0.3325
-0.326733
-0.32115
-0.316007
-0.311513
-0.307678
-0.304393
-0.301467
-0.298832
-0.296639
-0.295302
-0.295301
-0.296945
-0.300112
-0.304266
-0.309008
-0.312806
-0.315675
-0.317443
-0.318095
-0.317711
-0.316343
-0.314012
-0.31069
-0.306404
-0.301329
-0.296023
-0.291413
-0.288705
-0.28892
-0.292411
-0.298603
-0.306297
-0.31418
-0.321272
-0.327054
-0.331388
-0.334386
-0.336256
-0.337188
-0.337411
-0.337054
-0.336194
-0.33487
-0.333069
-0.330732
-0.327769
-0.32408
-0.319606
-0.314326
-0.308338
-0.301902
-0.295488
-0.289715
-0.285242
-0.282659
-0.282254
-0.283935
-0.287229
-0.291462
-0.295913
-0.300006
-0.303361
-0.305839
-0.307506
-0.308691
-0.309565
-0.310588
-0.312008
-0.313931
-0.316281
-0.318862
-0.321443
-0.323729
-0.325552
-0.326765
-0.327344
-0.327293
-0.326702
-0.325696
-0.324443
-0.323159
-0.322049
-0.321285
-0.321014
-0.321302
-0.322133
-0.323411
-0.325004
-0.326723
-0.328412
-0.329879
-0.330961
-0.331474
-0.331254
-0.33011
-0.327817
-0.324182
-0.319071
-0.312456
-0.304511
-0.295696
-0.286829
-0.278954
-0.273137
-0.270176
-0.270267
-0.273002
-0.277511
-0.282821
-0.288116
-0.292985
-0.297346
-0.301354
-0.305197
-0.309402
-0.313331
-0.317419
-0.321629
-0.325932
-0.330257
-0.334528
-0.338616
-0.342405
-0.34577
-0.34853
-0.350569
-0.351765
-0.352027
-0.351275
-0.349501
-0.346746
-0.34316
-0.339054
-0.334855
-0.331129
-0.328494
-0.327446
-0.328234
-0.330777
-0.334669
-0.339291
-0.344005
-0.348214
-0.351458
-0.35345
-0.354098
-0.353476
-0.351856
-0.349656
-0.347399
-0.345644
-0.344759
-0.344927
-0.346056
-0.347902
-0.350171
-0.352629
-0.355111
-0.357566
-0.359946
-0.362235
-0.364359
-0.366241
-0.367742
-0.368799
-0.369174
-0.368927
-0.368088
-0.366723
-0.364949
-0.362942
-0.360813
-0.35871
-0.356725
-0.354834
-0.352973
-0.351045
-0.348918
-0.346469
-0.343662
-0.340516
-0.337151
-0.333811
-0.330787
-0.328386
-0.326883
-0.32643
-0.327037
-0.328588
-0.330871
-0.333654
-0.336699
-0.339817
-0.342886
-0.345807
-0.348543
-0.351033
-0.353252
-0.355141
-0.356656
-0.357751
-0.358417
-0.35867
-0.358587
-0.358262
-0.357847
-0.357461
-0.357229
-0.357202
-0.357379
-0.357717
-0.358129
-0.358523
-0.358797
-0.358873
-0.358747
-0.358462
-0.358045
-0.357544
-0.356988
-0.356398
-0.355741
-0.354992
-0.354107
-0.353048
-0.351794
-0.350367
-0.348829
-0.347292
-0.345839
-0.344595
-0.343609
-0.342905
-0.342459
-0.342227
-0.342157
-0.342215
-0.342356
-0.342566
-0.342784
-0.342913
-0.342778
-0.342165
-0.340868
-0.338741
-0.335767
-0.332159
-0.328352
-0.324839
-0.322027
-0.320066
-0.318883
-0.318339
-0.318533
-0.319858
-0.322825
-0.32774
-0.334465
-0.342349
-0.350459
-0.357867
-0.363837
-0.367932
-0.370034
-0.370209
-0.368754
-0.36624
-0.363136
-0.359885
-0.356779
-0.353863
-0.350999
-0.347847
-0.344046
-0.339303
-0.333584
-0.327285
-0.321278
-0.316811
-0.315029
-0.316392
-0.320416
-0.326032
-0.332168
-0.33816
-0.343791
-0.349062
-0.353969
-0.35841
-0.362217
-0.365234
-0.367375
-0.368631
-0.36909
-0.368792
-0.367718
-0.365928
-0.363521
-0.360734
-0.357888
-0.355362
-0.353544
-0.352836
-0.353529
-0.355725
-0.359228
-0.363514
-0.367932
-0.371877
-0.374966
-0.377064
-0.378325
-0.379033
-0.379569
-0.380358
-0.38175
-0.384043
-0.387309
-0.39141
-0.395999
-0.400634
-0.404814
-0.408035
-0.409876
-0.410044
-0.408428
-0.405104
-0.400501
-0.395288
-0.3904
-0.386837
-0.385377
-0.386361
-0.389564
-0.394376
-0.399974
-0.405585
-0.410566
-0.414552
-0.417353
-0.418999
-0.419667
-0.41963
-0.419236
-0.418828
-0.418724
-0.419218
-0.420546
-0.422797
-0.425946
-0.429721
-0.433716
-0.437409
-0.440254
-0.441803
-0.441717
-0.439782
-0.435944
-0.430276
-0.422989
-0.414422
-0.405088
-0.395615
-0.386715
-0.379117
-0.373342
-0.369561
-0.367605
-0.366961
-0.367015
-0.367213
-0.367259
-0.367157
-0.367172
-0.367632
-0.368738
-0.37048
-0.372687
-0.375262
-0.378264
-0.381986
-0.386716
-0.392576
-0.399274
-0.406134
-0.412292
-0.416909
-0.419429
-0.419712
-0.418072
-0.415207
-0.412051
-0.409485
-0.408041
-0.407826
-0.408462
-0.409326
-0.409839
-0.409613
-0.408548
-0.406775
-0.404629
-0.402501
-0.400756
-0.399633
-0.39924
-0.399525
-0.400317
-0.401366
-0.402395
-0.403111
-0.403292
-0.402768
-0.401491
-0.399476
-0.396832
-0.393727
-0.390367
-0.387015
-0.383885
-0.381231
-0.379192
-0.377852
-0.377217
-0.377217
-0.377725
-0.378569
-0.379615
-0.380687
-0.381657
-0.382401
-0.382844
-0.382951
-0.382705
-0.382101
-0.381192
-0.380034
-0.378686
-0.377272
-0.37588
-0.374622
-0.373606
-0.37293
-0.372684
-0.372883
-0.37348
-0.37439
-0.375443
-0.376453
-0.377216
-0.377563
-0.377338
-0.376467
-0.374901
-0.372714
-0.370054
-0.367112
-0.364186
-0.3616
-0.359634
-0.358516
-0.358343
-0.359073
-0.360542
-0.362509
-0.364744
-0.367009
-0.369127
-0.370992
-0.372539
-0.373769
-0.374715
-0.375429
-0.375979
-0.3764
-0.376731
-0.376999
-0.377191
-0.377306
-0.377324
-0.377216
-0.376958
-0.376516
-0.375881
-0.375021
-0.373865
-0.372342
-0.370334
-0.367709
-0.364314
-0.360043
-0.354907
-0.349131
-0.343205
-0.337859
-0.333917
-0.331948
-0.332116
-0.334091
-0.337232
-0.340959
-0.344855
-0.348792
-0.352758
-0.356741
-0.360667
-0.364353
-0.367584
-0.370107
-0.371736
-0.372344
-0.371957
-0.370764
-0.369095
-0.367405
-0.366198
-0.365865
-0.366618
-0.368395
-0.370877
-0.373562
-0.37585
-0.377179
-0.377029
-0.375033
-0.371051
-0.365342
-0.358697
-0.352492
-0.34838
-0.347647
-0.350539
-0.356175
-0.363023
-0.369659
-0.375168
-0.379164
-0.381669
-0.382906
-0.383186
-0.382788
-0.381987
-0.380996
-0.380024
-0.379211
-0.37866
-0.378447
-0.378593
-0.37907
-0.379819
-0.380778
-0.381856
-0.382954
-0.384032
-0.38502
-0.385886
-0.38662
-0.387207
-0.387665
-0.387999
-0.388197
-0.388281
-0.388255
-0.388098
-0.38779
-0.387304
-0.386599
-0.385614
-0.384257
-0.382417
-0.37997
-0.376765
-0.372676
-0.367592
-0.361524
-0.3547
-0.347635
-0.341171
-0.33629
-0.333821
-0.334097
-0.336835
-0.341294
-0.346566
-0.351905
-0.356835
-0.361141
-0.364765
-0.367748
-0.370163
-0.372049
-0.373465
-0.374438
-0.375006
-0.375192
-0.375034
-0.374558
-0.373823
-0.372913
-0.371895
-0.370859
-0.369874
-0.369027
-0.36834
-0.367838
-0.367501
-0.367319
-0.36723
-0.367184
-0.367109
-0.366981
-0.366776
-0.366489
-0.366135
-0.365757
-0.365426
-0.365162
-0.365015
-0.365025
-0.36517
-0.365426
-0.365762
-0.366102
-0.366384
-0.366539
-0.366528
-0.366314
-0.365886
-0.365232
-0.364377
-0.363335
-0.362173
-0.360915
-0.359635
-0.358411
-0.357318
-0.356448
-0.355913
-0.355832
-0.356277
-0.35736
-0.359091
-0.361438
-0.364329
-0.367624
-0.371129
-0.374642
-0.377963
-0.38088
-0.383222
-0.384801
-0.385459
-0.385027
-0.383334
-0.380204
-0.375478
-0.369073
-0.36103
-0.35165
-0.34162
-0.332053
-0.324413
-0.320143
-0.32014
-0.324345
-0.331815
-0.341134
-0.350914
-0.360109
-0.368028
-0.374368
-0.379031
-0.38205
-0.383595
-0.383893
-0.383236
-0.381939
-0.380275
-0.378467
-0.376588
-0.374557
-0.372174
-0.369277
-0.365829
-0.362114
-0.358746
-0.356596
-0.356502
-0.358895
-0.363616
-0.370012
-0.377167
-0.384246
-0.390684
-0.396184
-0.400623
-0.404033
-0.406436
-0.407877
-0.408393
-0.407954
-0.406548
-0.404137
-0.400711
-0.39632
-0.391105
-0.385319
-0.37933
-0.37362
-0.36864
-0.364713
-0.361969
-0.360333
-0.359625
-0.359609
-0.360092
-0.36092
-0.362007
-0.363303
-0.36477
-0.366316
-0.367887
-0.369374
-0.370634
-0.371522
-0.371972
-0.371977
-0.371669
-0.371313
-0.371273
-0.371897
-0.373521
-0.376265
-0.380076
-0.384718
-0.389848
-0.395066
-0.400034
-0.404495
-0.408278
-0.411284
-0.41346
-0.414822
-0.415395
-0.415211
-0.414342
-0.412857
-0.410835
-0.408367
-0.405559
-0.402506
-0.399312
-0.396031
-0.392667
-0.389151
-0.38539
-0.381191
-0.37637
-0.370829
-0.364553
-0.357795
-0.351086
-0.345217
-0.340972
-0.338847
-0.33879
-0.340186
-0.342171
-0.343982
-0.345241
-0.345987
-0.346572
-0.347466
-0.349041
-0.351477
-0.354662
-0.358311
-0.362035
-0.365514
-0.36849
-0.370807
-0.372431
-0.373395
-0.37378
-0.373683
-0.373216
-0.3725
-0.371613
-0.370665
-0.369686
-0.368738
-0.367832
-0.366975
-0.366154
-0.365379
-0.364614
-0.363881
-0.363172
-0.362496
-0.361863
-0.361291
-0.360815
-0.360462
-0.36026
-0.360237
-0.360418
-0.360828
-0.361486
-0.362397
-0.363588
-0.365023
-0.366713
-0.368623
-0.370725
-0.373003
-0.375361
-0.377745
-0.380066
-0.38222
-0.384037
-0.38533
-0.385852
-0.385292
-0.383335
-0.3796
-0.373791
-0.365776
-0.355774
-0.34451
-0.333195
-0.323288
-0.315986
-0.311825
-0.310629
-0.311751
-0.314475
-0.31821
-0.322485
-0.326973
-0.331327
-0.335167
-0.338222
-0.34043
-0.342064
-0.343639
-0.345771
-0.348947
-0.35329
-0.358578
-0.364318
-0.369965
-0.375033
-0.379212
-0.382376
-0.384504
-0.385648
-0.385912
-0.385397
-0.384219
-0.382471
-0.380295
-0.377826
-0.375235
-0.372694
-0.3704
-0.368526
-0.367206
-0.36645
-0.36626
-0.366508
-0.367059
-0.367737
-0.368385
-0.368882
-0.369125
-0.369027
-0.368554
-0.367669
-0.366351
-0.364645
-0.362582
-0.36027
-0.357832
-0.355427
-0.35319
-0.351276
-0.349791
-0.34878
-0.348192
-0.347943
-0.347939
-0.348063
-0.348251
-0.34844
-0.34864
-0.34888
-0.349166
-0.349494
-0.349836
-0.35016
-0.350436
-0.350631
-0.350755
-0.350858
-0.351016
-0.351332
-0.351918
-0.352847
-0.354151
-0.355803
-0.357699
-0.359716
-0.361719
-0.363581
-0.365205
-0.366509
-0.367463
-0.368055
-0.36831
-0.368257
-0.36796
-0.367457
-0.366792
-0.366002
-0.365076
-0.364009
-0.36274
-0.36118
-0.359288
-0.357001
-0.354372
-0.351486
-0.348538
-0.345835
-0.343707
-0.342496
-0.342445
-0.34368
-0.346158
-0.34967
-0.353921
-0.358592
-0.363357
-0.367995
-0.37231
-0.376169
-0.379492
-0.382192
-0.384224
-0.385517
-0.386035
-0.385711
-0.384501
-0.382379
-0.379337
-0.37549
-0.370984
-0.366149
-0.361362
-0.357129
-0.353914
-0.352073
-0.351814
-0.353098
-0.355693
-0.359237
-0.363322
-0.367573
-0.371679
-0.375409
-0.378621
-0.381265
-0.38332
-0.384844
-0.38591
-0.386623
-0.387094
-0.38743
-0.387745
-0.388115
-0.388589
-0.389213
-0.389917
-0.390619
-0.391149
-0.391306
-0.390875
-0.389616
-0.387364
-0.384053
-0.379819
-0.375052
-0.370462
-0.366934
-0.365304
-0.366018
-0.368998
-0.373656
-0.379151
-0.384755
-0.389908
-0.394368
-0.39809
-0.401099
-0.403513
-0.405426
-0.406901
-0.407973
-0.408621
-0.408781
-0.408335
-0.407095
-0.404842
-0.401319
-0.396319
-0.389798
-0.38209
-0.374072
-0.3672
-0.363125
-0.363014
-0.366867
-0.373546
-0.381362
-0.388768
-0.39479
-0.398985
-0.401257
-0.40174
-0.400605
-0.398071
-0.394384
-0.38983
-0.384742
-0.379444
-0.374254
-0.369444
-0.365169
-0.36153
-0.358568
-0.356325
-0.354852
-0.354302
-0.354909
-0.35694
-0.360604
-0.365896
-0.372546
-0.380074
-0.387872
-0.395382
-0.402185
-0.40805
-0.412896
-0.416761
-0.419742
-0.421964
-0.423557
-0.424631
-0.425287
-0.425609
-0.42566
-0.425469
-0.425078
-0.424483
-0.423689
-0.42267
-0.421372
-0.41978
-0.417825
-0.415473
-0.412654
-0.409368
-0.4056
-0.401398
-0.396853
-0.392123
-0.387434
-0.383027
-0.379183
-0.376152
-0.374116
-0.373162
-0.373271
-0.374346
-0.376242
-0.37875
-0.38168
-0.38484
-0.388086
-0.391275
-0.394308
-0.397105
-0.399615
-0.401782
-0.403589
-0.405029
-0.406108
-0.406847
-0.407253
-0.407355
-0.407183
-0.406759
-0.406114
-0.405265
-0.404243
-0.403091
-0.401848
-0.400574
-0.39932
-0.398149
-0.397127
-0.396329
-0.3958
-0.395537
-0.395571
-0.395872
-0.396388
-0.397059
-0.397822
-0.39864
-0.399499
-0.400369
-0.401285
-0.402244
-0.403269
-0.404351
-0.405483
-0.406615
-0.407672
-0.408599
-0.409318
-0.4098
-0.410054
-0.410152
-0.410195
-0.410315
-0.410636
-0.411264
-0.41224
-0.413557
-0.415161
-0.416965
-0.418887
-0.420864
-0.422902
-0.425003
-0.427158
-0.429379
-0.431608
-0.433738
-0.435544
-0.436701
-0.436824
-0.435459
-0.432323
-0.427488
-0.42167
-0.41632
-0.413314
-0.414017
-0.418485
-0.425371
-0.43269
-0.438824
-0.44304
-0.445428
-0.446702
-0.447779
-0.449493
-0.452334
-0.456421
-0.461503
-0.467157
-0.472946
-0.478553
-0.483738
-0.48831
-0.492114
-0.494939
-0.496586
-0.496924
-0.495931
-0.493781
-0.490899
-0.487857
-0.485292
-0.48364
-0.48299
-0.48305
-0.48335
-0.483444
-0.483064
-0.482195
-0.481021
-0.479876
-0.479074
-0.478937
-0.479631
-0.481256
-0.483761
-0.487026
-0.490877
-0.49513
-0.499584
-0.504092
-0.508527
-0.512772
-0.516728
-0.520338
-0.523528
-0.52623
-0.528361
-0.529856
-0.53065
-0.530674
-0.529851
-0.528074
-0.525184
-0.520972
-0.515098
-0.507165
-0.496856
-0.484342
-0.470935
-0.459332
-0.452926
-0.453846
-0.461276
-0.472033
-0.482587
-0.490599
-0.495213
-0.496547
-0.495118
-0.491579
-0.486561
-0.480642
-0.474357
-0.468142
-0.462356
-0.457243
-0.45294
-0.449511
-0.446995
-0.445403
-0.444691
-0.444713
-0.445123
-0.445323
-0.444639
-0.44256
-0.439054
-0.434817
-0.431122
-0.429414
-0.430568
-0.434492
-0.440225
-0.446632
-0.452775
-0.458191
-0.462765
-0.466552
-0.469636
-0.472011
-0.473596
-0.474234
-0.473704
-0.471817
-0.468391
-0.463361
-0.456777
-0.448916
-0.440277
-0.431612
-0.423768
-0.417593
-0.413639
-0.412047
-0.412448
-0.414079
-0.416083
-0.417757
-0.418699
-0.418933
-0.418784
-0.41879
-0.419495
-0.421216
-0.423997
-0.427637
-0.431778
-0.436046
-0.44015
-0.443907
-0.447225
-0.450118
-0.45261
-0.454776
-0.456684
-0.458359
-0.459856
-0.461208
-0.46244
-0.463552
-0.464561
-0.46548
-0.466314
-0.467061
-0.46776
-0.468393
-0.468961
-0.469484
