1.76816
1.76816
1.76816
1.76816
1.76816
1.76816
1.76816
1.76816
1.76816
1.76816
1.76816
1.76815
1.76815
1.76813
1.76812
1.7681
1.76808
1.76807
1.76804
1.76801
1.76799
1.76797
1.76794
1.76792
1.76789
1.76786
1.76785
1.76782
1.76779
1.76776
1.76775
1.76773
1.7677
1.76767
1.76765
1.76764
1.76763
1.76759
1.76757
1.76756
1.76756
1.76755
1.76754
1.76753
1.76752
1.76751
1.76751
1.76748
1.76748
1.76747
1.75772
1.75771
1.7577
1.75771
1.7577
1.75769
1.75769
1.75768
1.75768
1.75767
1.75767
1.75766
1.75765
1.75764
1.75763
1.75763
1.75761
1.75761
1.75761
1.7576
1.75758
1.75757
1.75756
1.75755
1.75753
1.75751
1.75751
1.7575
1.75749
1.75749
1.75747
1.75747
1.75746
1.75745
1.75744
1.75742
1.75743
1.75743
1.75745
1.75748
1.75752
1.75759
1.75766
1.75774
1.75781
1.75786
1.75783
1.75773
1.75753
1.75728
1.70956
1.70937
1.70927
1.70927
1.70933
1.70944
1.70958
1.70973
1.70989
1.71005
1.71021
1.71039
1.71054
1.71066
1.71072
1.71068
1.71055
1.71035
1.71011
1.70987
1.70963
1.70939
1.70919
1.70905
1.709
1.70904
1.70917
1.70934
1.70954
1.70971
1.70985
1.70996
1.71001
1.71005
1.7101
1.71015
1.71023
1.71032
1.71039
1.71042
1.71041
1.71034
1.71024
1.71013
1.71003
1.70996
1.70989
1.70983
1.70976
1.7097
1.58664
1.58655
1.58646
1.58638
1.5863
1.58625
1.58622
1.58623
1.58627
1.58633
1.58642
1.58653
1.58664
1.58677
1.58688
1.58698
1.58708
1.58717
1.58724
1.58731
1.58737
1.58744
1.58755
1.5877
1.58789
1.58811
1.58832
1.58848
1.58852
1.58836
1.58795
1.58724
1.58641
1.58571
1.58534
1.58535
1.58559
1.5859
1.5862
1.58643
1.58659
1.58672
1.5868
1.58685
1.58687
1.58688
1.5869
1.5869
1.58689
1.58687
1.47153
1.47154
1.47155
1.47158
1.47163
1.47171
1.4718
1.47191
1.47202
1.47212
1.47219
1.47222
1.47218
1.47207
1.4719
1.4717
1.47152
1.47138
1.4713
1.47129
1.47132
1.47139
1.47147
1.47154
1.4716
1.47164
1.47164
1.47164
1.47163
1.47163
1.47164
1.47167
1.47171
1.47177
1.47185
1.47193
1.47202
1.47212
1.47219
1.47223
1.47223
1.4722
1.47215
1.47208
1.47204
1.47198
1.47197
1.47192
1.47185
1.47176
1.51718
1.51709
1.51703
1.51701
1.51703
1.51707
1.51713
1.5172
1.51723
1.51724
1.51724
1.51723
1.51721
1.51712
1.51694
1.5167
1.51645
1.51628
1.51624
1.5163
1.51643
1.51659
1.51676
1.51691
1.51703
1.51714
1.51723
1.51731
1.51739
1.51745
1.51751
1.51758
1.51764
1.51771
1.51776
1.51779
1.51779
1.51775
1.5177
1.51763
1.51757
1.51752
1.5175
1.51747
1.51741
1.5173
1.51715
1.51699
1.51686
1.51679
1.49508
1.49516
1.49527
1.49538
1.49549
1.49559
1.49568
1.49577
1.49587
1.49596
1.49602
1.496
1.49587
1.49562
1.49529
1.49497
1.49474
1.49465
1.49468
1.4948
1.49494
1.49508
1.4952
1.49529
1.49538
1.49544
1.49549
1.49554
1.49558
1.49563
1.49569
1.49575
1.49583
1.49591
1.49598
1.49605
1.49608
1.49605
1.49595
1.49579
1.49558
1.49537
1.49517
1.49504
1.49498
1.49499
1.49504
1.49511
1.49519
1.49526
1.49234
1.49233
1.4923
1.49225
1.4922
1.49216
1.49215
1.49216
1.4922
1.49225
1.49232
1.49238
1.49244
1.49249
1.49253
1.49255
1.49255
1.49253
1.49249
1.49244
1.49238
1.49233
1.49229
1.49226
1.49226
1.49227
1.49229
1.49233
1.4924
1.49248
1.49258
1.4927
1.49285
1.493
1.49314
1.49324
1.4933
1.49326
1.49311
1.49287
1.49256
1.49227
1.49205
1.49192
1.49188
1.49191
1.49195
1.492
1.49202
1.49203
1.49422
1.49423
1.49421
1.4942
1.49419
1.49419
1.49419
1.49422
1.49426
1.49429
1.49436
1.49444
1.49453
1.49462
1.49473
1.49483
1.49492
1.495
1.49503
1.49502
1.49495
1.49482
1.49464
1.49446
1.49429
1.49418
1.49414
1.49416
1.49423
1.49434
1.49447
1.4946
1.49473
1.49481
1.49485
1.49484
1.49476
1.49467
1.49455
1.49446
1.4944
1.49438
1.49436
1.49437
1.49436
1.49438
1.49439
1.49441
1.49444
1.49448
1.43213
1.43219
1.43225
1.43231
1.43236
1.43241
1.43241
1.43243
1.43243
1.43241
1.43239
1.4324
1.43241
1.43244
1.43248
1.43252
1.43255
1.43256
1.43255
1.4325
1.43242
1.43232
1.43221
1.43211
1.43202
1.43196
1.43192
1.43189
1.43189
1.4319
1.43192
1.43194
1.43198
1.432
1.43204
1.43207
1.43212
1.43216
1.4322
1.43223
1.43226
1.43226
1.43226
1.43224
1.43221
1.4322
1.43219
1.43219
1.43219
1.43221
1.44119
1.44121
1.44122
1.44123
1.44124
1.44125
1.44125
1.44126
1.44128
1.44129
1.4413
1.44132
1.44133
1.44134
1.44132
1.44132
1.44129
1.44126
1.44124
1.44122
1.4412
1.44118
1.44117
1.44117
1.44117
1.44117
1.44118
1.44121
1.44127
1.44135
1.44144
1.44151
1.44157
1.44156
1.4415
1.44143
1.44135
1.44128
1.44122
1.44114
1.441
1.44082
1.44062
1.44046
1.44039
1.44042
1.44052
1.44069
1.44089
1.44109
1.42997
1.43011
1.43019
1.43023
1.43024
1.43021
1.4302
1.4302
1.43024
1.43032
1.43042
1.43051
1.43053
1.43044
1.43023
1.42993
1.42962
1.42939
1.42928
1.42926
1.4293
1.42935
1.42939
1.42944
1.42949
1.42956
1.42964
1.42972
1.42982
1.4299
1.42997
1.43005
1.43012
1.43018
1.43021
1.4302
1.43015
1.43006
1.42994
1.42979
1.42965
1.42953
1.42949
1.42951
1.42957
1.42966
1.42977
1.42985
1.42988
1.42987
1.4203
1.42022
1.42013
1.42003
1.41995
1.41992
1.41995
1.42001
1.42013
1.42028
1.42046
1.42063
1.4208
1.4209
1.42092
1.42084
1.42066
1.42043
1.42018
1.41998
1.41986
1.41982
1.41984
1.41994
1.42004
1.42016
1.42027
1.42035
1.42041
1.42044
1.42042
1.42038
1.42031
1.42021
1.42013
1.42004
1.42
1.42001
1.42007
1.42018
1.42033
1.4205
1.42069
1.42089
1.42107
1.42122
1.42134
1.42138
1.42135
1.42127
1.42112
1.42091
1.42072
1.42056
1.42046
1.42041
1.42041
1.42043
1.42044
1.42041
1.42036
1.4203
1.42024
1.4202
1.42016
1.42011
1.42002
1.41992
1.41981
1.41975
1.41977
1.41988
1.42007
1.4203
1.42052
1.42069
1.42077
1.42075
1.42065
1.42054
1.42044
1.42037
1.42038
1.42043
1.42051
1.42059
1.42066
1.42068
1.42066
1.42061
1.42054
1.42046
1.42039
1.42035
1.42034
1.42035
1.42039
1.42045
1.42053
1.42061
1.42069
1.42074
1.42077
1.42079
1.42077
1.42075
1.4207
1.42063
1.42056
1.4205
1.42043
1.42038
1.42037
1.42035
1.42035
1.42036
1.42039
1.42043
1.42046
1.4205
1.42054
1.42057
1.42059
1.42062
1.42062
1.42061
1.42059
1.42056
1.42053
1.42049
1.42044
1.4204
1.42037
1.42036
1.42037
1.42041
1.42046
1.42052
1.42058
1.42065
1.42071
1.42074
1.42075
1.42074
1.42069
1.42062
1.42053
1.42044
1.42035
1.42028
1.42025
1.42024
1.42024
1.42026
1.42029
1.42031
1.42034
1.42037
1.42039
1.42039
1.4204
1.42041
1.42042
1.42043
1.42044
1.42044
1.42044
1.42045
1.42047
1.4205
1.42052
1.42055
1.4206
1.42066
1.42072
1.4208
1.42089
1.42098
1.42103
1.42101
1.42092
1.42074
1.42053
1.42034
1.42018
1.4201
1.42005
1.42005
1.42005
1.42004
1.42004
1.42005
1.42009
1.42015
1.42023
1.42032
1.42042
1.42052
1.42059
1.42062
1.4206
1.42053
1.42043
1.42032
1.42023
1.42017
1.42017
1.42024
1.42036
1.42053
1.42073
1.42092
1.42107
1.4211
1.42098
1.4207
1.42033
1.41998
1.41976
1.41971
1.41979
1.41992
1.42008
1.42022
1.42034
1.42042
1.42048
1.4205
1.42052
1.4205
1.42047
1.42044
1.42041
1.42037
1.42034
1.42032
1.4203
1.42029
1.4203
1.4203
1.42031
1.42033
1.42035
1.42037
1.42038
1.42039
1.42041
1.42042
1.42043
1.42044
1.42046
1.42049
1.42051
1.42054
1.42057
1.42063
1.4207
1.42079
1.42088
1.42098
1.42107
1.42113
1.42113
1.42103
1.42083
1.42056
1.42029
1.42008
1.41995
1.4199
1.41991
1.41997
1.42003
1.4201
1.42016
1.42021
1.42026
1.42031
1.42035
1.42039
1.42043
1.42046
1.42049
1.42052
1.42054
1.42055
1.42055
1.42055
1.42052
1.4205
1.42048
1.42047
1.42045
1.42044
1.42043
1.42044
1.42044
1.42045
1.42045
1.42046
1.42047
1.42045
1.42044
1.42042
1.4204
1.42039
1.42038
1.42037
1.42037
1.42037
1.42038
1.4204
1.42042
1.42043
1.42046
1.42047
1.4205
1.4205
1.42051
1.42052
1.4205
1.42049
1.42047
1.42044
1.42039
1.42035
1.42028
1.42021
1.42015
1.4201
1.42006
1.42004
1.42005
1.42007
1.42012
1.42018
1.42027
1.42037
1.42049
1.42062
1.42077
1.42093
1.4211
1.42125
1.42137
1.42139
1.42128
1.42103
1.42065
1.4202
1.4198
1.41953
1.41941
1.41942
1.4195
1.41966
1.41983
1.41999
1.42015
1.42029
1.42041
1.42049
1.42054
1.42057
1.42058
1.42059
1.4206
1.42064
1.42069
1.42074
1.42074
1.42066
1.4205
1.42027
1.42001
1.41981
1.41968
1.41964
1.41968
1.41976
1.41986
1.41997
1.42007
1.42016
1.42026
1.42034
1.42044
1.42053
1.42063
1.42074
1.42083
1.4209
1.42093
1.42094
1.42089
1.4208
1.42069
1.42057
1.42047
1.4204
1.42034
1.4203
1.42028
1.42026
1.42024
1.42021
1.42022
1.42022
1.42024
1.42026
1.42031
1.42035
1.42039
1.42042
1.42041
1.42036
1.42028
1.42017
1.42006
1.41996
1.41989
1.41985
1.41985
1.41989
1.41996
1.42003
1.42011
1.42019
1.42028
1.42035
1.42043
1.4205
1.42056
1.4206
1.42064
1.42066
1.42069
1.4207
1.42071
1.42072
1.42075
1.42077
1.42081
1.42088
1.42095
1.42101
1.42105
1.42102
1.4209
1.4207
1.42049
1.4203
1.42019
1.42017
1.42021
1.42026
1.4203
1.42029
1.42023
1.42016
1.42008
1.42001
1.41998
1.41999
1.42003
1.42008
1.42015
1.42022
1.42029
1.42034
1.42038
1.42041
1.42044
1.42046
1.42046
1.42047
1.42047
1.42046
1.42045
1.42045
1.42044
1.42044
1.42044
1.42043
1.42043
1.42042
1.42042
1.42041
1.4204
1.42038
1.42036
1.42034
1.42032
1.42029
1.42027
1.42023
1.42021
1.42017
1.42015
1.42013
1.4201
1.4201
1.42011
1.42013
1.42014
1.42019
1.42025
1.42033
1.42046
1.42061
1.4208
1.42101
1.42122
1.4214
1.42148
1.42142
1.42121
1.42091
1.42059
1.42032
1.42012
1.41999
1.4199
1.41987
1.41987
1.41989
1.41996
1.42004
1.42013
1.42017
1.42014
1.42006
1.41994
1.41982
1.41975
1.41973
1.41975
1.41982
1.41992
1.42002
1.42013
1.42023
1.42032
1.4204
1.42045
1.42051
1.42054
1.42055
1.42054
1.42053
1.4205
1.42046
1.42039
1.42034
1.42028
1.42025
1.42022
1.42021
1.42022
1.42024
1.42027
1.42031
1.42034
1.42038
1.42043
1.42046
1.4205
1.42052
1.42053
1.42051
1.42049
1.42046
1.42042
1.42037
1.42033
1.4203
1.42028
1.42027
1.42026
1.42027
1.42027
1.42027
1.42025
1.42024
1.42024
1.42025
1.42026
1.42026
1.42027
1.42026
1.42024
1.42023
1.42019
1.42016
1.42013
1.42009
1.42006
1.42005
1.42006
1.42008
1.42011
1.42015
1.42019
1.42023
1.42027
1.42031
1.42034
1.42036
1.42038
1.42039
1.42041
1.42042
1.42043
1.42047
1.4205
1.42055
1.42058
1.42059
1.42059
1.42055
1.42048
1.42036
1.42024
1.42011
1.41999
1.41989
1.41983
1.4198
1.41981
1.41983
1.41987
1.41992
1.41997
1.42003
1.42009
1.42017
1.42025
1.42034
1.42044
1.42053
1.42063
1.4207
1.42076
1.42078
1.42076
1.42068
1.42056
1.42042
1.42026
1.42011
1.41999
1.41992
1.41989
1.41989
1.41992
1.41997
1.42002
1.42007
1.42014
1.42019
1.42023
1.42027
1.42028
1.42029
1.42028
1.42026
1.42026
1.42024
1.42024
1.42024
1.42025
1.4203
1.42036
1.42045
1.42056
1.42067
1.42075
1.42078
1.42072
1.42056
1.42033
1.4201
1.41989
1.41975
1.41971
1.41971
1.41978
1.41986
1.41993
1.42001
1.42007
1.42011
1.42015
1.42019
1.42023
1.42029
1.42035
1.42045
1.42056
1.4207
1.42086
1.42101
1.4211
1.42107
1.42088
1.42054
1.42011
1.41975
1.41954
1.4195
1.41959
1.41976
1.41994
1.42014
1.4203
1.42045
1.42058
1.42069
1.42076
1.4208
1.4208
1.42078
1.42072
1.42066
1.4206
1.42053
1.42045
1.42037
1.42027
1.42014
1.42
1.41983
1.41967
1.41956
1.41951
1.41951
1.41956
1.41965
1.41974
1.41985
1.41994
1.42002
1.42009
1.42013
1.42018
1.42021
1.42024
1.42026
1.42029
1.42032
1.42035
1.42037
1.42039
1.42042
1.42045
1.42049
1.42052
1.42057
1.42061
1.42066
1.4207
1.42074
1.42075
1.42074
1.4207
1.42064
1.42054
1.42043
1.42032
1.42021
1.42013
1.42005
1.41999
1.41995
1.41994
1.41994
1.41995
1.41998
1.42
1.42003
1.42006
1.4201
1.42014
1.42018
1.42021
1.42024
1.42027
1.4203
1.42032
1.42033
1.42035
1.42037
1.42038
1.42039
1.42039
1.42039
1.42037
1.42036
1.42033
1.42028
1.42026
1.42022
1.42019
1.42016
1.42014
1.42014
1.42014
1.42014
1.42014
1.42013
1.42013
1.42012
1.42013
1.42013
1.42013
1.42014
1.42015
1.42017
1.42019
1.42022
1.42023
1.42022
1.4202
1.42017
1.42014
1.4201
1.42007
1.42005
1.42002
1.42001
1.42002
1.42001
1.42
1.42
1.41999
1.42
1.42002
1.42007
1.42015
1.42027
1.42044
1.42062
1.42077
1.42081
1.42069
1.42038
1.41998
1.41964
1.41948
1.41952
1.4197
1.4199
1.42005
1.42011
1.42008
1.41999
1.41988
1.41977
1.41968
1.41964
1.41964
1.41967
1.41973
1.41981
1.41989
1.41999
1.42012
1.42025
1.42038
1.42049
1.42053
1.42051
1.42044
1.42035
1.42025
1.42021
1.42021
1.42025
1.4203
1.42035
1.42036
1.42033
1.42028
1.4202
1.42012
1.42002
1.41994
1.41987
1.41982
1.41978
1.41977
1.41977
1.41978
1.4198
1.41984
1.41988
1.41992
1.41996
1.42001
1.42008
1.42016
1.42024
1.42031
1.4204
1.42051
1.42065
1.42083
1.42105
1.42129
1.42149
1.42148
1.42115
1.4205
1.41974
1.41921
1.41905
1.4192
1.41951
1.41986
1.42016
1.42041
1.42059
1.42072
1.42079
1.4208
1.42077
1.42071
1.42063
1.42055
1.42046
1.42038
1.42029
1.42021
1.42016
1.42015
1.4202
1.42032
1.42047
1.4206
1.42062
1.4205
1.42025
1.41996
1.4197
1.41959
1.41956
1.41962
1.4197
1.41978
1.41986
1.41993
1.42001
1.42009
1.42019
1.42033
1.42048
1.42064
1.4208
1.42095
1.42105
1.42111
1.42107
1.42095
1.42075
1.42052
1.42029
1.42012
1.42003
1.42004
1.4201
1.42018
1.42024
1.42026
1.42023
1.42015
1.42004
1.41994
1.41987
1.41983
1.41984
1.41987
1.41991
1.41996
1.42
1.42004
1.42007
1.42008
1.4201
1.42012
1.42014
1.42015
1.42016
1.42018
1.42019
1.42019
1.42021
1.42021
1.42021
1.42022
1.42022
