0.497423   0.529312
0.425229   0.620213
0.606636   0.729497
0.485835   0.889488
0.440377   0.95459
0.239369   0.876484
0.199515   0.942113
0.175656   0.863179
0.0840153   0.832644
0.0165276   0.81327
0.105495   0.629108
0.124283   0.670624
0.414656   0.734484
0.357795   0.57153
0.299712   0.422687
0.336117   0.150279
0.404552   0.198513
0.580332   0.298696
0.5943   0.337911
0.636962   0.269787
0.796324   0.230642
0.857404   0.0335856
0.93206   0.114933
0.890274   0.227158
0.948944   0.460045
0.980835   0.685542
0.935072   0.815854
0.721488   0.525354
0.688447   0.388921
0.615385   0.383678
0.497423   0.529312
