           1     7.59974     7.59974           0
           2     7.58276     7.59125  0.00600575
           3      7.8209      7.6678   0.0626309
           4     7.63038     7.65845   0.0476667
           5     7.71447     7.66965   0.0394281
           6     7.64934     7.66626   0.0330017
           7     7.76767     7.68075   0.0313056
           8     7.64104     7.67579   0.0277831
           9     7.78997     7.68847   0.0274402
          10     7.55944     7.67557   0.0275634
          11     7.92328     7.69809   0.0329985
          12     7.65317     7.69435   0.0304602
          13     7.75182     7.69877   0.0284361
          14     7.52246     7.68617   0.0290601
          15     7.71989     7.68842   0.0272096
          16      7.6033      7.6831   0.0260239
          17     7.59182     7.67773    0.025041
          18     7.67856     7.67778   0.0236498
          19      7.6789     7.67784   0.0224052
          20     7.64733     7.67631   0.0213368
          21     7.62679     7.67395   0.0204506
          22     7.41969      7.6624   0.0225515
          23     7.56992     7.65838   0.0219266
          24     7.40241     7.64771   0.0234638
          25     7.63035     7.64702   0.0225355
          26     7.69293     7.64878   0.0217379
          27     7.59497     7.64679   0.0210239
          28     7.60888     7.64544   0.0203166
          29     7.61176     7.64427   0.0196492
          30     7.43409     7.63727   0.0202047
          31     7.80947     7.64282   0.0203021
          32     7.51435     7.63881   0.0200607
          33     7.63627     7.63873    0.019453
          34     7.56314     7.63651   0.0190075
          35     7.75423     7.63987   0.0187596
          36     7.41071     7.63351   0.0192883
          37     7.63598     7.63357   0.0187671
          38     7.74457     7.63649   0.0184992
          39      7.4375     7.63139   0.0187153
          40     7.74623     7.63426   0.0184663
          41     7.61122      7.6337   0.0180244
          42     7.33638     7.62662   0.0189344
          43     7.71849     7.62876   0.0186143
          44     7.62567     7.62869   0.0181913
          45     7.61887     7.62847   0.0177884
          46     7.61812     7.62824   0.0174031
          47     7.56654     7.62693   0.0170823
          48     7.67096     7.62785    0.016751
          49     7.57059     7.62668   0.0164498
          50     7.48616     7.62387   0.0163592
          51     7.39414     7.61937    0.016647
          52     7.55683     7.61816   0.0163703
          53     7.43911     7.61478   0.0164063
          54     7.63466     7.61515   0.0161066
          55     7.84919     7.61941   0.0163662
          56     7.51747     7.61759   0.0161749
          57      7.6195     7.61762   0.0158911
          58     7.48057     7.61526   0.0157918
          59        7.65     7.61585   0.0155352
          60     7.65917     7.61657    0.015293
          61     7.73553     7.61852   0.0151661
          62     7.59849      7.6182    0.014925
          63     7.59714     7.61786   0.0146918
          64     7.53349     7.61654   0.0145213
          65     7.44231     7.61386   0.0145432
          66     7.37491     7.61024   0.0147666
          67     7.55139     7.60936   0.0145723
          68     7.45365     7.60707   0.0145368
          69     7.54516     7.60618   0.0143538
          70     7.79173     7.60883   0.0143914
          71     7.61865     7.60897   0.0141894
          72     7.48916      7.6073   0.0140895
          73     7.48738     7.60566    0.013992
          74     7.49303     7.60414   0.0138854
          75     7.62867     7.60446   0.0137041
          76     7.51184     7.60325   0.0135779
          77     7.50853     7.60202   0.0134572
          78     7.57213     7.60163   0.0132901
          79      7.4405     7.59959   0.0132775
          80     7.48549     7.59817   0.0131879
          81     7.75359     7.60009   0.0131639
          82     7.58048     7.59985   0.0130056
          83     7.71916     7.60128   0.0129281
          84     7.55562     7.60074   0.0127856
          85     7.49532      7.5995   0.0126952
          86     7.55754     7.59901   0.0125569
          87      7.7004     7.60018   0.0124665
          88     7.64445     7.60068    0.012335
          89     7.52824     7.59987   0.0122233
          90     7.49373     7.59869   0.0121442
          91     7.38412     7.59633   0.0122375
          92     7.63697     7.59677   0.0121125
          93     7.70324     7.59792   0.0120362
          94     7.68203     7.59881   0.0119414
          95     7.69694     7.59984   0.0118603
          96     7.72517     7.60115   0.0118084
          97     7.53493     7.60047   0.0117063
          98     7.72882     7.60178   0.0116599
          99     7.35914     7.59933   0.0117969
         100     7.50221     7.59835   0.0117189
         101     7.71785     7.59954   0.0116624
         102     7.58171     7.59936   0.0115494
         103     7.60932     7.59946   0.0114376
         104       7.462     7.59814   0.0114038
         105     7.60199     7.59817   0.0112952
         106      7.8247     7.60031    0.011389
         107     7.43065     7.59873   0.0113924
         108     7.48351     7.59766   0.0113368
         109     7.73371     7.59891   0.0113013
         110     7.83376     7.60104   0.0113984
         111     7.72166     7.60213   0.0113474
         112     7.54616     7.60163   0.0112571
         113     7.74001     7.60285   0.0112239
         114     7.68156     7.60354   0.0111467
         115     7.25977     7.60055   0.0114436
         116      7.4226     7.59902   0.0114473
         117     7.57575     7.59882   0.0113512
         118     7.46638      7.5977   0.0113103
         119     7.73679     7.59887   0.0112755
         120     7.55162     7.59847   0.0111884
         121     7.51754     7.59781   0.0111159
         122     7.53135     7.59726   0.0110382
         123     7.51497     7.59659   0.0109687
         124     7.40907     7.59508    0.010984
         125     7.64676     7.59549   0.0109039
         126     7.62264     7.59571   0.0108195
         127     7.57512     7.59555   0.0107355
         128     7.55704     7.59525   0.0106558
         129     7.36546     7.59346   0.0107211
         130     7.78249     7.59492   0.0107368
         131     7.57958      7.5948   0.0106554
         132     7.91334     7.59721   0.0108445
         133     7.52959     7.59671   0.0107749
         134     7.62811     7.59694    0.010697
         135      7.5876     7.59687    0.010618
         136     7.61392       7.597   0.0105407
         137     7.27369     7.59464   0.0107247
         138     7.61462     7.59478   0.0106479
         139     7.55398     7.59449   0.0105754
         140     7.69321     7.59519   0.0105233
         141     7.65898     7.59565   0.0104584
         142     7.45178     7.59463   0.0104337
         143     7.68271     7.59525   0.0103789
         144     7.49109     7.59452    0.010332
         145     7.91545     7.59674   0.0104951
         146     7.51508     7.59618   0.0104381
         147     7.72758     7.59707   0.0104053
         148     7.69149     7.59771   0.0103546
         149     7.48633     7.59696    0.010312
         150     7.53766     7.59657   0.0102508
         151     7.56969     7.59639   0.0101845
         152     7.37015      7.5949   0.0102257
         153     7.68768     7.59551   0.0101768
         154     7.56851     7.59533   0.0101122
         155     7.86144     7.59705   0.0101917
         156     7.46835     7.59622   0.0101597
         157     7.44303     7.59525   0.0101417
         158     7.75802     7.59628   0.0101297
         159     7.76896     7.59736   0.0101241
         160     7.49727     7.59674   0.0100801
         161     7.40613     7.59556   0.0100868
         162     7.53775      7.5952   0.0100308
         163     7.57655     7.59508  0.00996995
         164     7.62739     7.59528  0.00991111
         165     7.53867     7.59494  0.00985698
         166     7.64677     7.59525  0.00980254
         167     7.87746     7.59694  0.00988843
         168     7.77749     7.59801   0.0098878
         169     7.55447     7.59776  0.00983265
         170     7.66242     7.59814  0.00978217
         171     7.73997     7.59897  0.00976006
         172     7.66723     7.59936  0.00971138
         173     7.83085      7.6007    0.009747
         174     7.67266     7.60112  0.00969975
         175     7.90683     7.60286  0.00980037
         176      7.5913      7.6028  0.00974491
         177     7.44623     7.60191  0.00972991
         178     7.51298     7.60141  0.00968807
         179     7.59887      7.6014  0.00963396
         180     7.65091     7.60167  0.00958436
         181      7.6205     7.60178  0.00953197
         182     7.66818     7.60214  0.00948658
         183     7.57645       7.602  0.00943578
         184     7.50896      7.6015  0.00939804
         185     7.55541     7.60125  0.00935054
         186     7.33111     7.59979  0.00941239
         187     7.51485     7.59934  0.00937301
         188     7.61213     7.59941   0.0093234
         189      7.9581     7.60131  0.00946526
         190      7.4372     7.60044  0.00945477
         191      7.3964     7.59937  0.00946543
         192       7.393      7.5983  0.00947696
         193     7.56251     7.59811  0.00942967
         194     7.73734     7.59883  0.00940834
         195      7.6086     7.59888  0.00936022
         196      7.6052     7.59891  0.00931252
         197     7.44876     7.59815  0.00929639
         198     7.49238     7.59762  0.00926477
         199     7.83279      7.5988  0.00929328
         200     7.56935     7.59865  0.00924798
