           1    -7.54585    -7.54585           0
           2    -7.54894     -7.5474  0.00109263
           3    -7.50439    -7.53306   0.0117284
           4    -7.53875    -7.53448  0.00888222
           5    -7.52578    -7.53274  0.00727434
           6    -7.53801    -7.53362  0.00611472
           7    -7.51494    -7.53095  0.00579443
           8    -7.53928    -7.53199  0.00516292
           9    -7.51175    -7.52974  0.00505551
          10    -7.55247    -7.53202  0.00503508
          11    -7.48987    -7.52818  0.00585638
          12    -7.53268    -7.52856  0.00538033
          13    -7.51731    -7.52769  0.00503552
          14    -7.55716     -7.5298  0.00509683
          15    -7.52507    -7.52948  0.00476678
          16    -7.54618    -7.53053  0.00458159
          17    -7.54735    -7.53152   0.0044177
          18     -7.5299    -7.53143  0.00417319
          19    -7.53184    -7.53145   0.0039536
          20    -7.53782    -7.53177  0.00376873
          21     -7.5416    -7.53224  0.00361822
          22    -7.57866    -7.53435  0.00402227
          23    -7.55099    -7.53507  0.00391197
          24    -7.58197    -7.53702  0.00420877
          25    -7.53934    -7.53712  0.00404144
          26    -7.53021    -7.53685  0.00389472
          27    -7.54526    -7.53716   0.0037629
          28    -7.54359    -7.53739  0.00363552
          29    -7.54522    -7.53766  0.00352016
          30    -7.57351    -7.53886  0.00359995
          31    -7.50943    -7.53791   0.0036068
          32    -7.55928    -7.53858  0.00355538
          33    -7.53706    -7.53853  0.00344794
          34    -7.55117     -7.5389   0.0033665
          35    -7.51627    -7.53825  0.00333184
          36    -7.57763    -7.53935  0.00341406
          37    -7.53757     -7.5393  0.00332212
          38    -7.52111    -7.53882  0.00326901
          39    -7.57085    -7.53964  0.00328671
          40    -7.51882    -7.53912  0.00324552
          41    -7.54295    -7.53922   0.0031677
          42    -7.59344    -7.54051  0.00334502
          43    -7.52581    -7.54016  0.00328463
          44    -7.54046    -7.54017  0.00320999
          45    -7.54183    -7.54021  0.00313887
          46     -7.5432    -7.54027   0.0030713
          47    -7.55099     -7.5405  0.00301441
          48    -7.53397    -7.54037  0.00295469
          49    -7.55096    -7.54058  0.00290229
          50    -7.56489    -7.54107  0.00288467
          51    -7.58186    -7.54187  0.00293693
          52    -7.55345    -7.54209  0.00288888
          53     -7.5744     -7.5427  0.00289799
          54     -7.5387    -7.54263  0.00284527
          55    -7.49784    -7.54181  0.00290774
          56    -7.55933    -7.54212  0.00287259
          57    -7.54504    -7.54218  0.00282265
          58    -7.56662     -7.5426  0.00280526
          59     -7.5353    -7.54247  0.00276043
          60    -7.53271    -7.54231  0.00271922
          61    -7.52002    -7.54194  0.00269908
          62    -7.54553      -7.542  0.00265617
          63    -7.54571    -7.54206  0.00261466
          64    -7.55876    -7.54232  0.00258679
          65    -7.57307     -7.5428   0.0025899
          66    -7.58641    -7.54346   0.0026336
          67    -7.55337     -7.5436  0.00259845
          68    -7.57144    -7.54401  0.00259227
          69    -7.55623    -7.54419  0.00256074
          70    -7.51274    -7.54374  0.00256328
          71    -7.54333    -7.54374  0.00252719
          72    -7.56429    -7.54402  0.00250816
          73    -7.56588    -7.54432  0.00249161
          74    -7.56392    -7.54459  0.00247198
          75    -7.53783     -7.5445  0.00244066
          76    -7.56163    -7.54472  0.00241894
          77    -7.56212    -7.54495  0.00239805
          78    -7.54737    -7.54498  0.00236751
          79    -7.57558    -7.54537  0.00236902
          80      -7.566    -7.54562  0.00235341
          81    -7.51947     -7.5453  0.00234639
          82    -7.54864    -7.54534  0.00231813
          83    -7.52404    -7.54508  0.00230437
          84    -7.55568    -7.54521  0.00228039
          85    -7.56383    -7.54543  0.00226406
          86    -7.55298    -7.54552  0.00223943
          87    -7.52827    -7.54532  0.00222244
          88    -7.53598    -7.54521  0.00219972
          89    -7.55844    -7.54536  0.00218002
          90    -7.56626    -7.54559  0.00216813
          91    -7.58428    -7.54602  0.00218558
          92    -7.53884    -7.54594  0.00216322
          93    -7.52547    -7.54572  0.00215113
          94    -7.53247    -7.54558  0.00213286
          95    -7.52847     -7.5454    0.002118
          96    -7.52438    -7.54518  0.00210722
          97     -7.5579    -7.54531  0.00208957
          98    -7.52061    -7.54506   0.0020834
          99    -7.58944    -7.54551  0.00211004
         100    -7.56469     -7.5457  0.00209764
         101    -7.52432    -7.54549  0.00208752
         102    -7.54847    -7.54552  0.00206726
         103    -7.54523    -7.54551  0.00204719
         104    -7.56902    -7.54574  0.00203994
         105    -7.54513    -7.54573  0.00202052
         106    -7.50284    -7.54533  0.00204158
         107    -7.57561    -7.54561  0.00204202
         108    -7.56659    -7.54581  0.00203233
         109    -7.52122    -7.54558  0.00202617
         110    -7.50252    -7.54519  0.00204521
         111    -7.52256    -7.54499  0.00203693
         112    -7.55403    -7.54507  0.00202034
         113    -7.51886    -7.54484  0.00201573
         114    -7.53055    -7.54471  0.00200194
         115    -7.60708    -7.54525  0.00205668
         116    -7.57759    -7.54553  0.00205776
         117    -7.54994    -7.54557  0.00204052
         118    -7.57019    -7.54578  0.00203386
         119    -7.52111    -7.54557  0.00202731
         120    -7.55464    -7.54565  0.00201183
         121    -7.55895    -7.54576   0.0019982
         122    -7.55726    -7.54585  0.00198405
         123    -7.55996    -7.54596  0.00197123
         124    -7.58101    -7.54625  0.00197549
         125    -7.53826    -7.54618  0.00196072
         126    -7.54173    -7.54615  0.00194547
         127    -7.54946    -7.54617  0.00193033
         128    -7.55348    -7.54623  0.00191609
         129    -7.58791    -7.54655  0.00192829
         130    -7.51221    -7.54629  0.00193147
         131    -7.54649    -7.54629  0.00191673
         132    -7.49039    -7.54587  0.00194844
         133    -7.55865    -7.54596  0.00193616
         134    -7.54117    -7.54593  0.00192204
         135    -7.54823    -7.54595  0.00190788
         136    -7.54262    -7.54592  0.00189401
         137    -7.60492    -7.54635  0.00192852
         138    -7.54428    -7.54634   0.0019146
         139    -7.55439    -7.54639   0.0019017
         140    -7.52924    -7.54627  0.00189206
         141     -7.5351    -7.54619   0.0018803
         142    -7.57396    -7.54639   0.0018772
         143    -7.53038    -7.54628   0.0018674
         144    -7.56442     -7.5464  0.00185868
         145    -7.48712    -7.54599  0.00189029
         146    -7.56039    -7.54609  0.00187991
         147    -7.52121    -7.54592  0.00187473
         148     -7.5293    -7.54581  0.00186542
         149    -7.56663    -7.54595  0.00185813
         150    -7.55821    -7.54603  0.00184754
         151    -7.55038    -7.54606  0.00183553
         152    -7.58668    -7.54633   0.0018428
         153    -7.53092    -7.54623   0.0018335
         154    -7.55131    -7.54626  0.00182189
         155    -7.49903    -7.54596  0.00183544
         156    -7.56799     -7.5461  0.00182911
         157    -7.57249    -7.54627  0.00182517
         158    -7.51563    -7.54607  0.00182388
         159    -7.51518    -7.54588  0.00182273
         160    -7.56401    -7.54599  0.00181486
         161    -7.58271    -7.54622  0.00181786
         162    -7.55713    -7.54629  0.00180788
         163    -7.54961    -7.54631  0.00179691
         164    -7.53923    -7.54626  0.00178647
         165    -7.55793    -7.54633  0.00177704
         166    -7.53579    -7.54627  0.00176747
         167     -7.4961    -7.54597  0.00178223
         168    -7.51202    -7.54577  0.00178305
         169     -7.5534    -7.54581  0.00177307
         170    -7.53256    -7.54573  0.00176435
         171    -7.52014    -7.54559  0.00176037
         172    -7.53145     -7.5455  0.00175205
         173    -7.50409    -7.54526   0.0017582
         174    -7.53338     -7.5452  0.00174942
         175    -7.49007    -7.54488  0.00176756
         176    -7.54735    -7.54489  0.00175757
         177    -7.57446    -7.54506  0.00175556
         178    -7.56155    -7.54515  0.00174814
         179    -7.54539    -7.54516  0.00173837
         180    -7.53393    -7.54509  0.00172984
         181    -7.54092    -7.54507  0.00172043
         182    -7.53325      -7.545   0.0017122
         183    -7.54954    -7.54503  0.00170303
         184     -7.5603    -7.54511  0.00169579
         185    -7.55382    -7.54516  0.00168728
         186    -7.59395    -7.54542  0.00169848
         187    -7.56021     -7.5455  0.00169124
         188    -7.54167    -7.54548  0.00168236
         189    -7.48182    -7.54514  0.00170684
         190    -7.57511     -7.5453  0.00170513
         191    -7.58331     -7.5455  0.00170777
         192    -7.58272    -7.54569  0.00170985
         193    -7.55225    -7.54573  0.00170133
         194    -7.52066     -7.5456  0.00169746
         195    -7.54416    -7.54559  0.00168877
         196    -7.54377    -7.54558  0.00168018
         197    -7.57148    -7.54571  0.00167678
         198    -7.56527    -7.54581  0.00167122
         199    -7.50259     -7.5456  0.00167688
         200    -7.55072    -7.54562  0.00166869
