# Temperature ----- Mean Value ----- Variance
0.256 -0.999987 2.0841e-06
0.312 -0.999738 1.05987e-05
0.368 -0.998179 2.40228e-05
0.424 -0.99269 5.13864e-05
0.48 -0.980363 7.72568e-05
0.536 -0.961249 8.79183e-05
0.592 -0.93835 6.98954e-05
0.648 -0.914488 5.47223e-05
0.704 -0.890255 5.24783e-05
0.76 -0.865876 4.96484e-05
0.816 -0.841288 4.11184e-05
0.872 -0.816675 3.97585e-05
0.928 -0.792276 3.61757e-05
0.984 -0.768328 3.15187e-05
1.04 -0.744954 3.24352e-05
1.096 -0.722338 3.27e-05
1.152 -0.700406 2.91029e-05
1.208 -0.679317 2.8179e-05
1.264 -0.65906 2.69787e-05
1.32 -0.639652 2.54012e-05
1.376 -0.62104 2.44904e-05
1.432 -0.603281 2.40127e-05
1.488 -0.586309 2.56827e-05
1.544 -0.570065 2.57336e-05
1.6 -0.554613 2.42092e-05
1.656 -0.539771 2.63175e-05
1.712 -0.525655 2.39414e-05
1.768 -0.512114 2.40893e-05
1.824 -0.49921 2.1267e-05
1.88 -0.486843 2.23754e-05
1.936 -0.475013 2.18057e-05
1.992 -0.463699 2.41877e-05
2.048 -0.452846 2.19301e-05
2.104 -0.442465 2.14481e-05
2.16 -0.432505 2.36598e-05
2.216 -0.42298 2.21593e-05
2.272 -0.413796 2.31675e-05
2.328 -0.404984 2.39861e-05
2.384 -0.396497 2.22197e-05
2.44 -0.388371 2.0654e-05
2.496 -0.380528 2.23883e-05
2.552 -0.373005 2.21042e-05
2.608 -0.365727 2.13724e-05
2.664 -0.358708 2.04944e-05
2.72 -0.351969 1.99795e-05
2.776 -0.345435 1.88848e-05
2.832 -0.339109 2.04523e-05
2.888 -0.333036 2.1248e-05
2.944 -0.327163 1.98741e-05
3 -0.321512 2.02592e-05
