# Temperature ----- Mean Value ----- Variance
0.256 0.999989 2.42263e-06
0.312 0.994597 0.00283099
0.368 0.986916 0.00221456
0.424 0.965033 0.00159222
0.48 0.915235 0.00149737
0.536 0.820687 0.00120933
0.592 0.692389 0.00114054
0.648 0.553801 0.00102741
0.704 0.435554 0.000850122
0.76 0.343053 0.000740888
0.816 0.273178 0.000524933
0.872 0.222002 0.000416648
0.928 0.183246 0.000385622
0.984 0.153745 0.000315001
1.04 0.13056 0.000248082
1.096 0.112602 0.000241695
1.152 0.0980965 0.000219519
1.208 0.086376 0.000169175
1.264 0.0768453 0.000174315
1.32 0.068682 0.000163489
1.376 0.0619981 0.000149286
1.432 0.0562269 0.000113349
1.488 0.0516053 0.000130326
1.544 0.0472345 0.000112851
1.6 0.0436046 9.94355e-05
1.656 0.0403995 8.93546e-05
1.712 0.0375354 9.38997e-05
1.768 0.0350052 8.80349e-05
1.824 0.0326754 7.98759e-05
1.88 0.0307281 9.51387e-05
1.936 0.0290486 7.71448e-05
1.992 0.0274142 7.80153e-05
2.048 0.0260123 7.11585e-05
2.104 0.0247 7.45741e-05
2.16 0.0234262 7.22488e-05
2.216 0.0222172 6.55571e-05
2.272 0.021287 7.03661e-05
2.328 0.0202308 6.75587e-05
2.384 0.0193491 5.46298e-05
2.44 0.0185533 5.52392e-05
2.496 0.0177641 5.63256e-05
2.552 0.0170972 5.49296e-05
2.608 0.0165142 5.26175e-05
2.664 0.0158921 5.172e-05
2.72 0.0153913 5.51929e-05
2.776 0.0147935 5.08246e-05
2.832 0.0142405 4.5489e-05
2.888 0.0138592 4.65469e-05
2.944 0.0134476 4.17229e-05
3 0.0129855 4.55029e-05
