# Temperature ----- Mean Value ----- Variance
0.256 195.291 0.00388634
0.312 159.901 0.0168603
0.368 133.771 0.032429
0.424 110.687 0.0591149
0.48 87.3733 0.0793808
0.536 64.9172 0.0784985
0.592 46.3446 0.0557816
0.648 33.0776 0.0380075
0.704 24.1341 0.0274541
0.76 18.2349 0.0180998
0.816 14.2029 0.012697
0.872 11.3522 0.00919297
0.928 9.29933 0.00735225
0.984 7.75454 0.00544706
1.04 6.57933 0.00412963
1.096 5.66249 0.00334287
1.152 4.92765 0.00249717
1.208 4.33243 0.00202843
1.264 3.84969 0.00198747
1.32 3.44727 0.00171341
1.376 3.10927 0.00146663
1.432 2.82354 0.00113663
1.488 2.57698 0.0010471
1.544 2.36443 0.00100931
1.6 2.1812 0.00062339
1.656 2.01988 0.000744588
1.712 1.87845 0.000705317
1.768 1.75302 0.000663282
1.824 1.64068 0.000604504
1.88 1.54165 0.000475618
1.936 1.45119 0.000441483
1.992 1.37009 0.000454336
2.048 1.29631 0.000403312
2.104 1.22975 0.000386694
2.16 1.1682 0.000377407
2.216 1.11323 0.000319091
2.272 1.06187 0.000329044
2.328 1.01474 0.00029303
2.384 0.97069 0.000283137
2.44 0.929981 0.000227761
2.496 0.892707 0.000264509
2.552 0.857875 0.000216109
2.608 0.825221 0.000211324
2.664 0.795383 0.000210744
2.72 0.767427 0.000196815
2.776 0.740297 0.000198279
2.832 0.715215 0.000195296
2.888 0.691927 0.000177252
2.944 0.670221 0.000144901
3 0.649132 0.000169781
