# Temperature ----- Mean Value ----- Variance
0.256 0.000808226 0.000127058
0.312 0.0107377 0.00043324
0.368 0.052874 0.000681782
0.424 0.152506 0.000975744
0.48 0.286923 0.000868548
0.536 0.38485 0.000435829
0.592 0.421425 0.000333242
0.648 0.429384 0.000340255
0.704 0.433606 0.000311808
0.76 0.438139 0.000270432
0.816 0.440273 0.000230797
0.872 0.438195 0.000188713
0.928 0.432516 0.000162182
0.984 0.42315 0.000158725
1.04 0.411579 0.00014256
1.096 0.398344 0.000123621
1.152 0.384055 0.000128891
1.208 0.368994 0.000108014
1.264 0.353948 9.18071e-05
1.32 0.339137 8.27159e-05
1.376 0.324391 9.29512e-05
1.432 0.31012 7.92421e-05
1.488 0.296397 6.87038e-05
1.544 0.283102 6.79415e-05
1.6 0.270423 6.67287e-05
1.656 0.258432 5.73951e-05
1.712 0.246918 5.23519e-05
1.768 0.236078 5.59468e-05
1.824 0.225697 5.14068e-05
1.88 0.215991 4.43545e-05
1.936 0.206695 4.87795e-05
1.992 0.197913 4.52128e-05
2.048 0.189588 4.37439e-05
2.104 0.181719 3.85391e-05
2.16 0.174337 3.63741e-05
2.216 0.167245 3.46452e-05
2.272 0.160567 3.58088e-05
2.328 0.154292 2.94299e-05
2.384 0.148361 3.08218e-05
2.44 0.142682 3.13495e-05
2.496 0.137314 2.66821e-05
2.552 0.132185 2.78985e-05
2.608 0.127366 2.6806e-05
2.664 0.122749 2.70571e-05
2.72 0.118433 2.49922e-05
2.776 0.114278 2.54924e-05
2.832 0.110325 2.5497e-05
2.888 0.106601 2.5166e-05
2.944 0.103018 2.13567e-05
3 0.0995972 2.30789e-05
