-0.487913   0.484313   -0.483165
-0.308183   -0.321094   0.478589
-0.475239   -0.343614   -0.342715
-0.312665   0.472696   -0.322771
-0.169825   -0.494463   -0.482691
0.0058248   -0.383471   0.494194
-0.139614   -0.34172   -0.3431
0.0100572   0.488882   -0.316201
0.18949   0.476877   0.494572
0.349294   -0.352986   -0.495136
0.157969   -0.332345   -0.340086
0.350229   0.489025   -0.317975
-0.495974   -0.152448   -0.492093
-0.309747   0.0177015   -0.496671
0.496371   0.00654854   -0.328474
-0.33522   -0.140823   -0.352674
-0.164356   -0.158668   -0.484793
0.0202268   0.00939571   -0.476446
-0.139423   -0.00242651   -0.314662
-0.0037698   -0.184246   -0.348558
0.177672   -0.181635   0.481856
0.283698   0.00260383   -0.477703
0.141269   0.00123366   -0.311259
0.321851   -0.171825   -0.354054
0.481114   0.148522   -0.4942
-0.32773   0.306809   0.499002
0.494773   0.331186   -0.324633
-0.335436   0.179313   -0.337026
-0.164193   0.176026   0.498188
0.02431   0.333917   -0.478628
-0.153163   0.332383   -0.348376
-0.00288628   0.18857   -0.311342
0.17263   0.174021   -0.48353
0.341378   0.317004   -0.498063
0.183262   0.344242   -0.329124
0.336345   0.167069   -0.329273
-0.470032   -0.494425   -0.183127
-0.321947   -0.353839   -0.179063
-0.493744   -0.336122   0.0129874
-0.334748   -0.489675   -0.0120432
-0.14223   0.483529   -0.187487
0.0039411   -0.332858   -0.164802
-0.161477   -0.36015   -0.00973045
0.00968968   0.480799   0.0234846
0.178361   -0.494713   -0.155746
0.318138   -0.315739   -0.165077
0.128334   -0.315499   0.00531246
0.351587   -0.498196   0.00936033
-0.499433   -0.198278   -0.17902
-0.355992   -0.00621161   -0.160005
0.471772   -0.0247491   -0.00601422
-0.341814   -0.183234   -0.0232696
-0.186507   -0.166106   -0.199677
-0.00160829   0.0150514   -0.154272
-0.174808   0.0243937   -0.0122677
-0.00747131   -0.159195   -0.0237862
0.15532   -0.173675   -0.182311
0.319376   -0.00969962   -0.180785
0.12398   0.0244477   0.0157056
0.324645   -0.158325   0.00284397
-0.498836   0.171802   -0.154867
-0.331497   0.336719   -0.167793
0.496233   0.316517   0.00645111
-0.354163   0.166446   0.0159807
-0.179798   0.176728   -0.172174
0.0433685   0.349732   -0.145494
-0.179818   0.351788   -0.00504514
-0.0219551   0.195517   -0.0154563
0.171629   0.16496   -0.153778
0.322345   0.347285   -0.16527
0.205925   0.348902   0.0143521
0.34014   0.154175   -0.0106166
-0.488459   -0.489141   0.177334
-0.323642   -0.328399   0.163457
-0.480939   -0.30714   0.327921
-0.329881   -0.480489   0.345964
-0.184421   0.485258   0.175975
-0.0027768   -0.344228   0.159452
-0.158677   -0.319836   0.309505
0.0189754   -0.495433   0.321357
0.172269   -0.499736   0.150284
0.305718   -0.329384   0.142871
0.184613   -0.358312   0.325639
0.343936   -0.49612   0.329578
0.483393   -0.148304   0.162711
-0.366353   -0.00187262   0.183256
0.487871   0.0115996   0.339336
-0.324368   -0.150708   0.332077
-0.197005   -0.164815   0.126515
-0.0293311   -0.00875328   0.166788
-0.152513   0.0105827   0.34685
-0.00882991   -0.169024   0.329753
0.154089   -0.150878   0.166828
0.319773   -0.00733858   0.169256
0.166371   0.0044215   0.342473
0.339842   -0.173957   0.327664
0.498991   0.164642   0.171159
-0.349245   0.333839   0.186345
-0.496115   0.338684   0.346826
-0.33608   0.155807   0.329424
-0.192393   0.150522   0.150396
-0.0406956   0.329224   0.17558
-0.16137   0.316199   0.334717
0.0228172   0.164438   0.352796
0.171213   0.178434   0.162526
0.331668   0.341766   0.176489
0.163046   0.324218   0.336388
0.339725   0.173309   0.33403
