-0.487897   0.484336   -0.483151
-0.308194   -0.321048   0.478604
-0.475323   -0.34356   -0.342569
-0.312763   0.472553   -0.32283
-0.169922   -0.494381   -0.482541
0.00574419   -0.383458   0.494193
-0.139605   -0.341673   -0.343006
0.0103407   0.488965   -0.316152
0.189694   0.477   0.494518
0.349143   -0.353184   -0.495175
0.157827   -0.332428   -0.340109
0.350057   0.488961   -0.317934
-0.495869   -0.152457   -0.491969
-0.309663   0.0179356   -0.49647
0.496503   0.00644075   -0.328509
-0.335105   -0.14063   -0.35254
-0.164209   -0.158691   -0.484929
0.020176   0.00939194   -0.476668
-0.139412   -0.00232815   -0.31472
-0.00365789   -0.18422   -0.348571
0.17774   -0.181496   0.481885
0.283575   0.00255024   -0.477629
0.141341   0.00116125   -0.31131
0.321961   -0.171813   -0.353949
0.481274   0.148524   -0.49437
-0.327643   0.306845   0.499144
0.494728   0.331235   -0.324739
-0.335645   0.179525   -0.33691
-0.164096   0.175946   0.498238
0.0244603   0.333877   -0.478701
-0.153206   0.332643   -0.348206
-0.003127   0.188739   -0.311254
0.172679   0.173799   -0.483507
0.341612   0.317204   -0.498029
0.183138   0.344428   -0.329068
0.336495   0.167031   -0.329232
-0.469817   -0.494626   -0.183337
-0.322072   -0.353651   -0.179017
-0.493571   -0.336332   0.0130368
-0.334806   -0.489797   -0.0118117
-0.142477   0.483662   -0.187583
0.00410011   -0.332893   -0.164792
-0.161257   -0.359932   -0.00965629
0.00968081   0.480871   0.0234349
0.178244   -0.494851   -0.155972
0.318258   -0.315601   -0.165161
0.128487   -0.315634   0.00534442
0.351757   -0.498285   0.00936984
-0.4994   -0.198292   -0.179123
-0.356023   -0.00621183   -0.160006
0.471712   -0.0248127   -0.00583281
-0.341722   -0.183431   -0.0231854
-0.186767   -0.165873   -0.199564
-0.00175773   0.0151887   -0.154296
-0.174978   0.0245474   -0.0122877
-0.00777867   -0.158997   -0.0239617
0.155373   -0.173712   -0.182339
0.31934   -0.0097442   -0.180635
0.12395   0.0245666   0.0160342
0.324765   -0.158464   0.00281079
-0.498661   0.17197   -0.154756
-0.331518   0.336981   -0.168042
0.496139   0.316493   0.00631301
-0.354097   0.166317   0.0158622
-0.179893   0.176828   -0.172012
0.043309   0.349534   -0.145556
-0.179656   0.351572   -0.00522965
-0.0217828   0.195625   -0.0153651
0.171867   0.16469   -0.153845
0.322343   0.347475   -0.165185
0.205911   0.34884   0.014295
0.340005   0.1539   -0.0105787
-0.488727   -0.489026   0.177062
-0.323645   -0.328326   0.163573
-0.480871   -0.307259   0.328038
-0.32989   -0.480506   0.346095
-0.184388   0.484965   0.176152
-0.0027723   -0.344357   0.159186
-0.15848   -0.319812   0.309367
0.0189878   -0.495275   0.321396
0.172248   -0.499737   0.150069
0.305439   -0.329552   0.142918
0.184406   -0.358252   0.325902
0.343781   -0.496134   0.329341
0.483568   -0.148543   0.162639
-0.366382   -0.00186014   0.183431
0.487855   0.0115992   0.339293
-0.324329   -0.15077   0.332069
-0.19716   -0.164674   0.126297
-0.0291153   -0.0085851   0.166842
-0.152606   0.0104645   0.346795
-0.00874934   -0.168864   0.329889
0.154052   -0.15085   0.166866
0.319697   -0.00734439   0.169334
0.166314   0.00431709   0.342527
0.339844   -0.174092   0.327589
0.498956   0.164584   0.171058
-0.349309   0.333774   0.186341
-0.496181   0.338579   0.346908
-0.3361   0.155795   0.329428
-0.192386   0.150581   0.150287
-0.0407462   0.329089   0.175417
-0.161421   0.316257   0.334893
0.0228641   0.164349   0.352664
0.17118   0.178604   0.162442
0.331778   0.341667   0.176344
0.162737   0.32395   0.336311
0.339746   0.173357   0.334011
