2.08235
2.02247
1.92275
1.78602
1.61744
1.42555
1.22276
1.02513
0.850444
0.714541
0.627497
0.591114
0.599118
0.639761
0.699234
0.764588
0.825514
0.875002
0.909251
0.927193
0.929874
0.919883
0.900779
0.876566
0.851309
0.828693
0.811897
0.803597
0.805938
0.820433
0.847713
0.887174
0.936645
0.992417
1.04975
1.10371
1.15003
1.18569
1.20919
1.22063
1.22163
1.21488
1.20355
1.19078
1.17894
1.16928
1.16193
1.15617
1.15094
1.14526
2.08044
2.03774
1.97386
1.89197
1.79689
1.69556
1.59708
1.5119
1.44978
1.41656
1.4113
1.42646
1.45185
1.47911
1.50419
1.52694
1.5489
1.57099
1.59244
1.61146
1.6264
1.63672
1.64305
1.64667
1.64861
1.64896
1.64712
1.64223
1.63417
1.62433
1.61579
1.61209
1.61548
1.62531
1.63775
1.64701
1.64735
1.63488
1.60847
1.57024
1.52517
1.48037
1.44323
1.41956
1.41207
1.41995
1.4402
1.46893
1.50187
1.5343
2.11908
2.11118
2.07224
2.00361
1.91116
1.80493
1.69806
1.60504
1.53961
1.51219
1.52705
1.58039
1.66152
1.75666
1.85308
1.94143
2.01631
2.07512
2.11734
2.14378
2.15601
2.15536
2.14304
2.12094
2.09232
2.06034
2.02624
1.98972
1.95078
1.91113
1.87354
1.84051
1.81309
1.79175
1.77712
1.76947
1.76738
1.76743
1.76574
1.76065
1.75469
1.75434
1.76732
1.79805
1.84405
1.89666
1.94551
1.98368
2.00966
2.02603
2.10617
2.10844
2.1078
2.10394
2.09441
2.07562
2.04626
2.01105
1.98068
1.96372
1.95691
1.94857
1.93275
1.91497
1.90364
1.90064
1.90132
1.90047
1.89473
1.88199
1.86146
1.83483
1.8067
1.78319
1.7697
1.76898
1.78036
1.80014
1.82268
1.84258
1.85716
1.86813
1.88114
1.90244
1.93381
1.97098
2.00759
2.0394
2.06472
2.08215
2.08895
2.08187
2.05989
2.02611
1.98721
1.95146
1.92624
1.91691
1.92613
1.95264
2.13307
2.16535
2.18605
2.18872
2.17096
2.13518
2.08858
2.04147
2.00396
1.98275
1.97994
1.99502
2.02653
2.07141
2.12316
2.17057
2.19998
2.19984
2.16508
2.09942
2.01428
1.9249
1.84509
1.78451
1.74929
1.74326
1.76685
1.81522
1.87866
1.94499
2.00248
2.04179
2.0578
2.05038
2.02434
1.98838
1.95305
1.928
1.91932
1.92832
1.95177
1.98368
2.01743
2.04871
2.07763
2.10696
2.13658
2.16112
2.17413
2.17256
2.08303
2.05982
2.03763
2.02332
2.02199
2.03426
2.05611
2.08103
2.10305
2.11776
2.12261
2.11668
2.1007
2.0772
2.04932
2.01959
1.98892
1.95692
1.9228
1.88607
1.84749
1.81016
1.77943
1.76115
1.7593
1.7745
1.80392
1.84222
1.88347
1.92304
1.95824
1.98774
2.01043
2.02488
2.0298
2.02487
2.0114
1.99236
1.97199
1.95486
1.94425
1.94095
1.943
1.94724
1.95156
1.95607
1.96237
1.9712
1.98051
1.98656
2.09514
2.08404
2.07531
2.07904
2.10032
2.13567
2.175
2.20666
2.22264
2.221
2.20531
2.18149
2.15441
2.12586
2.09468
2.05897
2.01859
1.97611
1.93616
1.90363
1.88184
1.87159
1.87189
1.88068
1.89547
1.91347
1.93284
1.95414
1.97955
2.00964
2.04167
2.07076
2.09342
2.1099
2.12359
2.13797
2.1532
2.16621
2.17417
2.17711
2.17802
2.18005
2.1834
2.18505
2.18169
2.172
2.15643
2.13577
2.10906
2.07208
2.04364
1.96864
1.89393
1.84775
1.84382
1.86731
1.8961
1.91963
1.93734
1.95236
1.96836
1.98694
2.00631
2.0235
2.03823
2.05393
2.07496
2.10268
2.13325
2.15939
2.17316
2.16893
2.14621
2.11147
2.07784
2.06089
2.07154
2.11009
2.16561
2.22116
2.26107
2.27577
2.26271
2.22482
2.16821
2.10075
2.03053
1.96512
1.91071
1.87204
1.85304
1.85716
1.8864
1.93869
2.00623
2.07707
2.13855
2.18088
2.19903
2.19345
2.07299
2.03446
1.98929
1.94068
1.89443
1.86057
1.8498
1.86583
1.90217
1.94692
1.98979
2.02527
2.05263
2.074
2.09217
2.10843
2.1215
2.12768
2.12255
2.10281
2.06822
2.02295
1.97611
1.94015
1.926
1.93758
1.97082
2.01722
2.06763
2.11425
2.15173
2.17754
2.19147
2.19418
2.18608
2.16716
2.13798
2.10039
2.05706
2.01033
1.96203
1.91381
1.86846
1.83059
1.80627
1.80084
1.81586
1.84758
1.88862
1.9317
2.13362
2.16001
2.17828
2.18936
2.19406
2.19439
2.19257
2.1876
2.1744
2.1473
2.10562
2.05609
2.01081
1.98144
1.97425
1.98825
2.01696
2.0512
2.08246
2.10558
2.12009
2.1291
2.13742
2.14914
2.16533
2.18309
2.19667
2.20007
2.189
2.16184
2.12002
2.06797
2.01186
1.95935
1.92006
1.90467
1.91985
1.96338
2.02475
2.09087
2.15155
2.20075
2.23508
2.25248
2.25173
2.233
2.19822
2.15095
2.09551
2.03632
2.03966
1.98085
1.93222
1.89776
1.87975
1.87814
1.89091
1.91586
1.9533
2.0055
2.07321
2.1518
2.23144
2.30029
2.34824
2.36929
2.36226
2.33025
2.27909
2.21561
2.14684
2.08033
2.02451
1.98719
1.97301
1.98149
2.00784
2.04554
2.08876
2.13291
2.17395
2.20765
2.22945
2.23586
2.22694
2.20725
2.18378
2.16283
2.14776
2.13888
2.1349
2.13379
2.13325
2.13118
2.12678
2.12112
2.11597
2.11152
2.10681
2.10255
2.09784
2.10834
2.13727
2.18293
2.23382
2.27291
2.2865
2.26956
2.22609
2.16627
2.10297
2.04817
2.0098
1.99126
1.99309
2.01365
2.04839
2.09
2.13062
2.16419
2.1869
2.19683
2.19375
2.17897
2.15534
2.12775
2.10318
2.08869
2.08726
2.09535
2.10495
2.10851
2.10332
2.09252
2.08299
2.0813
2.09001
2.1068
2.12547
2.13943
2.14562
2.14622
2.14645
2.15024
2.1571
2.16276
2.16226
2.15302
2.13588
2.11454
2.07715
2.05797
2.04499
2.03748
2.03407
2.03405
2.03811
2.04865
2.06951
2.10375
2.15022
2.20186
2.24828
2.28058
2.29422
2.28928
2.26932
2.24027
2.2093
2.18271
2.16372
2.15235
2.14749
2.14895
2.15781
2.17487
2.19882
2.22472
2.24426
2.24891
2.23368
2.19985
2.15579
2.11407
2.08482
2.06996
2.06372
2.05876
2.05113
2.0413
2.032
2.02589
2.02424
2.02768
2.03699
2.053
2.07536
2.10198
2.12983
2.15648
2.11957
2.13953
2.15858
2.17566
2.18847
2.19351
2.18788
2.17204
2.1505
2.12901
2.11139
2.0983
2.08793
2.07757
2.06497
2.05009
2.03615
2.02804
2.02857
2.03579
2.04407
2.04763
2.0447
2.03876
2.03575
2.03871
2.04647
2.05638
2.06689
2.07714
2.08549
2.08945
2.08698
2.07794
2.06466
2.05079
2.03961
2.03446
2.03948
2.05494
2.0735
2.0857
2.0874
2.08109
2.07307
2.07017
2.0772
2.09577
2.12417
2.15893
