-7.82869
-7.74755
-7.62584
-7.47463
-7.29065
-7.09055
-6.88426
-6.68359
-6.50888
-6.37591
-6.29108
-6.26019
-6.27173
-6.31392
-6.37454
-6.43922
-6.49926
-6.54735
-6.57933
-6.59437
-6.595
-6.58457
-6.56574
-6.54124
-6.51674
-6.49554
-6.47915
-6.47215
-6.47533
-6.49141
-6.51932
-6.55926
-6.61149
-6.667
-6.72421
-6.77791
-6.82425
-6.85776
-6.88164
-6.89324
-6.89462
-6.88694
-6.87436
-6.86256
-6.85219
-6.84213
-6.83498
-6.82804
-6.82345
-6.81898
-6.79545
-6.74957
-6.68501
-6.59766
-6.49772
-6.39752
-6.29698
-6.2137
-6.15364
-6.12371
-6.12092
-6.13854
-6.16606
-6.19256
-6.21931
-6.24125
-6.26353
-6.28627
-6.30821
-6.32818
-6.34525
-6.35383
-6.3595
-6.36453
-6.36698
-6.36715
-6.36276
-6.35754
-6.35018
-6.33934
-6.32983
-6.32581
-6.33025
-6.34121
-6.35361
-6.35995
-6.35883
-6.34561
-6.32175
-6.28451
-6.23945
-6.19606
-6.15875
-6.13696
-6.13174
-6.14135
-6.16327
-6.19198
-6.22154
-6.25396
-6.27505
-6.26086
-6.21913
-6.14584
-6.0502
-5.94165
-5.83647
-5.74529
-5.68294
-5.66131
-5.68064
-5.73798
-5.82277
-5.91696
-6.01358
-6.10044
-6.17509
-6.2332
-6.27477
-6.30069
-6.31287
-6.30938
-6.29791
-6.27597
-6.24787
-6.21339
-6.17971
-6.14261
-6.10479
-6.06326
-6.02604
-5.99354
-5.96704
-5.94472
-5.93177
-5.92347
-5.9221
-5.92085
-5.91884
-5.91379
-5.90837
-5.90837
-5.92075
-5.95228
-5.99876
-6.05306
-6.1014
-6.13671
-6.16221
-6.1801
-6.18941
-6.19329
-6.18979
-6.18421
-6.17489
-6.15341
-6.12086
-6.08624
-6.05728
-6.04301
-6.03854
-6.02791
-6.01117
-5.99176
-5.98359
-5.98122
-5.97873
-5.97718
-5.97244
-5.95925
-5.93896
-5.91322
-5.88526
-5.86287
-5.85058
-5.85213
-5.86261
-5.88424
-5.90641
-5.92682
-5.94088
-5.94948
-5.9634
-5.98735
-6.01633
-6.05308
-6.09064
-6.12315
-6.14841
-6.16493
-6.17145
-6.16382
-6.14014
-6.10614
-6.06588
-6.02958
-6.00607
-5.99787
-6.00831
-6.03533
-6.07384
-6.10405
-6.12189
-6.12319
-6.10377
-6.0678
-6.01839
-5.97311
-5.93863
-5.91954
-5.91889
-5.93602
-5.97002
-6.01596
-6.06591
-6.11022
-6.13614
-6.13554
-6.09706
-6.02915
-5.94255
-5.85162
-5.77271
-5.71378
-5.68038
-5.67834
-5.7031
-5.75639
-5.82004
-5.88697
-5.94398
-5.98112
-5.99632
-5.98512
-5.95571
-5.92126
-5.88721
-5.86391
-5.858
-5.87059
-5.89325
-5.92563
-5.95862
-5.99022
-6.01873
-6.04981
-6.07858
-6.10062
-6.1132
-6.11051
-6.09107
-6.0657
-6.04529
-6.03242
-6.03251
-6.0447
-6.06684
-6.09172
-6.11285
-6.1273
-6.13012
-6.12312
-6.10561
-6.08023
-6.05111
-6.02127
-5.99114
-5.96026
-5.92752
-5.88957
-5.85124
-5.81495
-5.78456
-5.76779
-5.768
-5.78513
-5.81603
-5.85392
-5.89583
-5.93602
-5.97103
-6.00022
-6.02183
-6.03733
-6.04157
-6.03635
-6.0241
-6.00407
-5.98317
-5.96561
-5.95445
-5.95246
-5.95422
-5.95789
-5.95992
-5.96485
-5.97205
-5.98139
-5.98797
-5.99319
-5.98878
-5.97777
-5.96955
-5.97557
-5.99986
-6.03581
-6.0752
-6.1033
-6.12107
-6.11811
-6.09972
-6.07442
-6.04652
-6.01974
-5.98883
-5.95423
-5.91219
-5.87004
-5.82901
-5.79841
-5.77647
-5.7667
-5.76731
-5.77779
-5.79529
-5.81607
-5.83362
-5.85524
-5.88016
-5.90999
-5.94227
-5.96953
-5.99214
-6.00815
-6.02179
-6.03632
-6.05376
-6.06571
-6.07245
-6.07599
-6.0769
-6.07879
-6.08214
-6.0844
-6.08042
-6.07011
-6.054
-6.03413
-6.00825
-5.96928
-5.90403
-5.82736
-5.75355
-5.71276
-5.71229
-5.73459
-5.76215
-5.78276
-5.80002
-5.81499
-5.83219
-5.85196
-5.87123
-5.88909
-5.90112
-5.91653
-5.93792
-5.96618
-5.99699
-6.0216
-6.03312
-6.02825
-6.00294
-5.96891
-5.9395
-5.92398
-5.93696
-5.97949
-6.03614
-6.09141
-6.12815
-6.13975
-6.12239
-6.08166
-6.02327
-5.95808
-5.88671
-5.8215
-5.76847
-5.729
-5.71249
-5.71973
-5.75016
-5.80604
-5.87288
-5.94204
-6.00231
-6.043
-6.05933
-6.05415
-6.02101
-5.98297
-5.93729
-5.88762
-5.84371
-5.81172
-5.80363
-5.82312
-5.86215
-5.90549
-5.94811
-5.98373
-6.01262
-6.03485
-6.05184
-6.0653
-6.07853
-6.08086
-6.0747
-6.0557
-6.01847
-5.97287
-5.92491
-5.89006
-5.87877
-5.89185
-5.92747
-5.97079
-6.02276
-6.06964
-6.10797
-6.13192
-6.14631
-6.14794
-6.13681
-6.11521
-6.08475
-6.04679
-6.00399
-5.95639
-5.90963
-5.86154
-5.8167
-5.77925
-5.75986
-5.75777
-5.77602
-5.80839
-5.85155
-5.89518
-5.93188
-5.95675
-5.97265
-5.98337
-5.98687
-5.9882
-5.98522
-5.97939
-5.96307
-5.93443
-5.89218
-5.84313
-5.8009
-5.77262
-5.76867
-5.78646
-5.81712
-5.85174
-5.8804
-5.90228
-5.91702
-5.92735
-5.93651
-5.95063
-5.96653
-5.98287
-5.99634
-5.99779
-5.98417
-5.95671
-5.91201
-5.8586
-5.80184
-5.74919
-5.70955
-5.69768
-5.71596
-5.76218
-5.82266
-5.89057
-5.94966
-5.99588
-6.0299
-6.04423
-6.04132
-6.02346
-5.98498
-5.93896
-5.88132
-5.82168
-5.75249
-5.69446
-5.64612
-5.61356
-5.59399
-5.59523
-5.60929
-5.63672
-5.67422
-5.72833
-5.79776
-5.87665
-5.95704
-6.02614
-6.07355
-6.09274
-6.08204
-6.04781
-5.99284
-5.92851
-5.85831
-5.79442
-5.73882
-5.70595
-5.69415
-5.70436
-5.7328
-5.77129
-5.81382
-5.85655
-5.89511
-5.92718
-5.94724
-5.9543
-5.94338
-5.92265
-5.89984
-5.8797
-5.86333
-5.85437
-5.85304
-5.8534
-5.85149
-5.85178
-5.84589
-5.83924
-5.83418
-5.82781
-5.825
-5.82193
-5.82158
-5.83278
-5.86038
-5.90627
-5.95969
-5.9964
-6.00928
-5.98873
-5.94568
-5.88361
-5.82293
-5.76917
-5.73204
-5.71361
-5.7184
-5.73902
-5.77578
-5.81763
-5.85615
-5.88717
-5.90574
-5.91371
-5.91034
-5.8955
-5.87152
-5.84519
-5.82264
-5.80942
-5.80952
-5.82076
-5.82843
-5.83243
-5.82548
-5.81219
-5.80384
-5.80088
-5.81092
-5.82788
-5.84539
-5.85669
-5.86181
-5.8644
-5.86421
-5.86938
-5.87798
-5.88322
-5.87965
-5.86822
-5.84756
-5.82928
-5.80537
-5.78583
-5.77215
-5.76609
-5.76368
-5.76401
-5.7676
-5.77801
-5.80108
-5.83702
-5.8841
-5.93603
-5.983
-6.01518
-6.0285
-6.02314
-6.00133
-5.97337
-5.94259
-5.91797
-5.9001
-5.88555
-5.8813
-5.88377
-5.89375
-5.91194
-5.93735
-5.96238
-5.98111
-5.98424
-5.96599
-5.93324
-5.8885
-5.84767
-5.81896
-5.80304
-5.7982
-5.79178
-5.78548
-5.77427
-5.76357
-5.75786
-5.75928
-5.76295
-5.77257
-5.7912
-5.81185
-5.83711
-5.86753
-5.89234
-5.9158
-5.93438
-5.95298
-5.96943
-5.98197
-5.98831
-5.98285
-5.96294
-5.94181
-5.92123
-5.90569
-5.89202
-5.88211
-5.87226
-5.85776
-5.84213
-5.82887
-5.81898
-5.82002
-5.82667
-5.83535
-5.84053
-5.83673
-5.8305
-5.82673
-5.83255
-5.83837
-5.85
-5.86021
-5.86939
-5.88
-5.88696
-5.88444
-5.87386
-5.86327
-5.84791
-5.83457
-5.82994
-5.83546
-5.84844
-5.86836
-5.87667
-5.87866
-5.87315
-5.86438
-5.8623
-5.87015
-5.88981
-5.91903
-5.95453
