0.882482
0.857571
0.816525
0.760627
0.69188
0.613341
0.529218
0.444767
0.365955
0.298701
0.24791
0.216546
0.205087
0.2116
0.232344
0.26266
0.297864
0.333872
0.367543
0.396761
0.420374
0.438035
0.450026
0.457047
0.460123
0.460398
0.459037
0.45714
0.455682
0.45538
0.456683
0.459768
0.464548
0.470765
0.47793
0.48555
0.49313
0.500234
0.506515
0.511686
0.515573
0.51801
0.518835
0.517935
0.51518
0.510506
0.503916
0.495632
0.48614
0.476179
0.879316
0.853458
0.822168
0.788219
0.754407
0.723284
0.696836
0.676237
0.661867
0.653475
0.650326
0.6513
0.655089
0.660315
0.66576
0.670513
0.674076
0.676215
0.676754
0.675293
0.671389
0.664682
0.655333
0.644268
0.633173
0.624089
0.619002
0.619269
0.62513
0.635428
0.647986
0.6605
0.671368
0.680046
0.686815
0.692291
0.696952
0.700832
0.703516
0.704418
0.703137
0.699561
0.693981
0.686917
0.678851
0.670097
0.660637
0.650332
0.639141
0.627402
0.856566
0.834984
0.811458
0.788807
0.769718
0.756141
0.748887
0.747607
0.75118
0.758223
0.76744
0.777851
0.788586
0.798775
0.807579
0.81413
0.817671
0.817768
0.814452
0.808353
0.800791
0.793736
0.789374
0.78953
0.795119
0.80587
0.820417
0.836626
0.852014
0.864382
0.872181
0.874869
0.872954
0.867832
0.861473
0.855934
0.852805
0.852878
0.855988
0.861199
0.866997
0.871824
0.874459
0.874303
0.871366
0.866163
0.859448
0.851854
0.843832
0.835486
0.947843
0.931633
0.911351
0.887941
0.863335
0.840345
0.822104
0.811123
0.808777
0.814905
0.828013
0.845713
0.865424
0.884898
0.902667
0.917972
0.930718
0.941206
0.949727
0.956296
0.960609
0.962055
0.959947
0.953822
0.94371
0.930163
0.914122
0.896471
0.877787
0.858457
0.839166
0.821267
0.806681
0.797149
0.793458
0.794983
0.80012
0.807052
0.814375
0.82112
0.826708
0.830838
0.833362
0.834299
0.833779
0.83207
0.829653
0.82716
0.82529
0.824784
0.898491
0.899123
0.902117
0.908683
0.919488
0.934443
0.952684
0.972913
0.993686
1.01365
1.0316
1.04639
1.05702
1.06271
1.06297
1.05774
1.04731
1.03233
1.0138
0.993127
0.972051
0.952719
0.937293
0.927377
0.92344
0.924834
0.930229
0.938062
0.946817
0.954975
0.961075
0.963717
0.961854
0.954979
0.943371
0.928337
0.912278
0.8983
0.889212
0.886438
0.889592
0.896989
0.90662
0.916895
0.926801
0.935714
0.943218
0.948974
0.952765
0.954602
0.888967
0.888427
0.888074
0.887958
0.88834
0.889874
0.893359
0.899383
0.90782
0.917655
0.92711
0.934047
0.936404
0.932755
0.922684
0.906995
0.887833
0.868265
0.851643
0.840657
0.836788
0.839916
0.848626
0.86075
0.87405
0.886741
0.897775
0.906868
0.914283
0.920565
0.926157
0.930988
0.934471
0.935711
0.93374
0.927845
0.917659
0.903365
0.885609
0.865652
0.845324
0.826877
0.812645
0.804643
0.804115
0.811211
0.824898
0.843165
0.863482
0.883314
0.886278
0.897655
0.903318
0.902303
0.894453
0.880703
0.863176
0.844802
0.828595
0.816898
0.811076
0.811362
0.817055
0.826913
0.839342
0.852591
0.864849
0.874285
0.879264
0.878682
0.872226
0.860728
0.846323
0.832134
0.821675
0.817819
0.821911
0.833412
0.850362
0.870184
0.890362
0.908963
0.924939
0.938239
0.94962
0.960202
0.970975
0.982144
0.992892
1.00158
1.00657
1.00676
1.00184
0.992539
0.980787
0.969148
0.959885
0.954003
0.950792
0.948573
0.926213
0.920639
0.913083
0.903958
0.894214
0.885099
0.877768
0.873011
0.870863
0.870741
0.871645
0.872601
0.872775
0.871671
0.869104
0.865108
0.859914
0.853807
0.847046
0.839996
0.833121
0.826908
0.822041
0.819242
0.819053
0.821758
0.827361
0.835829
0.847113
0.861015
0.876745
0.893094
0.908628
0.921979
0.931962
0.937583
0.937964
0.932698
0.922068
0.907046
0.889424
0.871468
0.855629
0.843973
0.837617
0.836414
0.839058
0.843522
0.847903
0.851141
0.879359
0.879515
0.880553
0.883144
0.886891
0.890434
0.892036
0.890247
0.884188
0.874024
0.861118
0.847667
0.836196
0.828887
0.827156
0.831312
0.840736
0.853988
0.869202
0.884473
0.898179
0.909146
0.916761
0.920878
0.921625
0.919358
0.914436
0.907247
0.898074
0.887116
0.874486
0.860338
0.844977
0.828956
0.813072
0.79822
0.785291
0.775077
0.76833
0.765826
0.768272
0.776191
0.789749
0.808789
0.832959
0.861806
0.894788
0.931024
0.969201
1.00736
1.07723
1.10644
1.12811
1.14104
1.14469
1.13913
1.12498
1.10335
1.07575
1.04388
1.00969
0.975262
0.942555
0.913386
0.889218
0.870996
0.858902
0.852432
0.850692
0.852691
0.857628
0.864872
0.873666
0.882964
0.891347
0.897438
0.900442
0.90052
0.898668
0.89637
0.895212
0.896603
0.90139
0.909803
0.921186
0.934059
0.946353
0.955973
0.961446
0.962308
0.95916
0.953144
0.945479
0.937066
0.928296
0.919214
0.909729
0.89977
0.889502
0.879342
0.925892
0.914717
0.90519
0.898463
0.895404
0.896692
0.902841
0.913905
0.929255
0.94717
0.965188
0.98073
0.991914
0.99812
0.999827
0.998012
0.993428
0.986421
0.977416
0.967358
0.957673
0.949842
0.944644
0.941834
0.940276
0.938357
0.934414
0.927173
0.916138
0.901797
0.885747
0.870583
0.859495
0.855428
0.860161
0.87374
0.894401
0.919199
0.94489
0.968564
0.987877
1.00092
1.00627
1.00293
0.990522
0.969542
0.941523
0.909064
0.87596
0.846823
0.879145
0.86793
0.86933
0.881608
0.900495
0.92076
0.93793
0.94919
0.953661
0.952162
0.946792
0.940299
0.935303
0.93358
0.935505
0.940197
0.945944
0.950807
0.953324
0.952824
0.94938
0.94358
0.936355
0.928746
0.921665
0.915944
0.912319
0.91177
0.915594
0.924902
0.939778
0.958763
0.978937
0.996848
1.00925
1.01384
1.00979
0.997941
0.980628
0.961304
0.943769
0.931579
0.927846
0.934746
0.952538
0.978747
1.00869
1.03715
1.05983
1.07404
0.935303
0.935634
0.935179
0.933874
0.931708
0.928763
0.925088
0.920566
0.915003
0.908289
0.900459
0.891757
0.882656
0.873896
0.866562
0.861935
0.861172
0.864872
0.872826
0.88391
0.896418
0.908649
0.919315
0.927604
0.932955
0.934887
0.932954
0.926863
0.916807
0.903562
0.888463
0.873122
0.859103
0.84787
0.840649
0.838455
0.841816
0.850337
0.862404
0.875456
0.886761
0.894395
0.897803
0.897726
0.895584
0.892725
0.890097
0.888049
0.886425
0.884706
0.882381
0.879168
0.875139
0.870834
0.866935
0.863828
0.861421
0.859427
0.857658
0.856433
0.856385
0.857945
0.860993
0.864705
0.868068
0.870619
0.872838
0.87628
0.882617
0.892311
0.903901
0.914832
0.922725
0.92606
0.924276
0.917772
0.907745
0.895916
0.884097
0.873505
0.864524
0.856854
0.850123
0.844025
0.83852
0.833662
0.829655
0.826971
0.826215
0.827842
0.832091
0.838787
0.847455
0.857339
0.867502
0.876973
0.884976
0.890981
0.894798
0.896579
0.896663
0.895603
0.894244
0.893834
0.895643
0.900669
0.909104
0.920289
0.932992
0.945853
0.957725
0.967813
0.975371
0.979453
0.978904
0.972719
0.960564
0.943178
0.922184
0.8994
0.876387
0.854678
0.836231
0.823436
0.818329
0.82135
0.830699
0.842999
0.85513
0.865359
0.873672
0.881116
0.889112
0.899045
0.911928
0.928287
0.947994
0.970289
0.993881
1.01715
1.03809
1.0544
1.0638
1.06462
1.05636
1.0401
1.01825
0.994013
0.970485
0.949979
0.933719
0.921763
0.913029
0.905827
0.898189
0.888523
0.876
0.860641
0.843358
0.825829
0.810306
0.799361
0.795147
0.798717
0.809493
0.825325
0.843162
0.859922
0.873256
0.882037
0.886293
0.886984
0.885513
0.883323
0.881612
0.881188
0.882445
0.88524
0.888713
0.891519
0.892424
0.891164
0.889135
0.888671
0.891305
0.896062
0.900173
0.901029
0.897418
0.889635
0.879071
0.867782
0.857939
0.851343
0.849041
0.851246
0.857341
0.865945
0.875067
0.882457
0.885968
0.884008
0.876099
0.863168
0.847432
0.83187
0.819194
0.811222
0.808668
0.811455
0.818979
0.830348
0.844561
0.860609
0.877686
0.895508
0.914151
0.933348
0.951811
0.967252
0.977304
0.9805
0.976522
0.966126
0.950817
0.932686
0.91432
0.898509
0.887494
0.882163
0.881851
0.884743
0.888615
0.891383
0.891485
0.887931
0.880598
0.870352
0.85895
0.848772
0.842337
0.841882
0.848944
0.863891
0.885751
0.912279
0.940373
0.966698
0.988406
1.00376
1.01235
1.01474
1.01177
1.0039
0.991283
0.973975
0.952714
0.92914
0.905766
0.885418
0.870672
0.863339
0.864195
0.872913
0.888126
0.907681
0.928901
0.948711
0.964226
0.973207
0.974311
0.96722
0.952478
0.931409
0.905804
0.877751
0.849618
0.823825
0.802562
0.787294
0.778661
0.776637
0.78079
0.790298
0.804079
0.820673
0.838312
0.855172
0.869695
0.88085
0.888291
0.892366
0.893815
0.893411
0.891719
0.88893
0.884981
0.880085
0.874929
0.870868
0.869581
0.872462
0.880191
0.892354
0.907437
0.92306
0.936471
0.945242
0.947779
0.943635
0.933583
0.919197
0.902347
0.884759
0.868104
0.853972
0.844024
0.839646
0.841606
0.849777
0.863317
0.880872
0.900923
0.921933
0.942301
0.960435
0.974899
0.984529
0.988515
0.986533
0.978689
0.965369
0.947281
0.925656
0.902386
0.880083
0.86167
0.849579
0.844889
0.847029
0.854105
0.863765
0.873883
0.882969
0.890383
0.896139
0.900587
0.904183
0.907485
0.91124
0.916213
0.922752
0.93037
0.937541
0.942211
0.942574
0.937642
0.927413
0.912764
0.895278
0.87707
0.860425
0.8473
0.838951
0.83575
0.837096
0.841716
0.848132
0.855175
0.862132
0.868577
0.874047
0.877921
0.87946
0.878065
0.873684
0.867137
0.860083
0.854639
0.852736
0.855396
0.862418
0.87262
0.884252
0.895474
0.904714
0.910935
0.913779
0.913497
0.910701
0.906098
0.900323
0.894013
0.888081
0.883748
0.882135
0.883742
0.888181
0.894489
0.90173
0.909137
0.916024
0.921621
0.925146
0.92601
0.924106
0.919796
0.913919
0.90763
0.902146
0.898438
0.897057
0.898153
0.901476
0.906583
0.912893
0.919672
0.925961
0.930617
0.93216
0.929006
0.919914
0.904559
0.883721
0.859412
0.834415
0.811634
0.793526
0.781669
0.7767
0.778578
0.786592
0.799462
0.815518
0.833048
0.850548
0.866891
0.881433
0.893771
0.903731
0.911316
0.916752
0.920328
0.922181
0.922219
0.920192
0.915947
0.909753
0.902424
0.895462
0.890926
0.89125
0.898738
0.914796
0.939274
0.970245
1.00453
1.03837
1.06821
1.09098
1.10454
1.10772
1.10048
1.08372
1.05918
1.02911
0.995864
0.961674
0.928546
0.898142
0.87162
0.849507
0.831769
0.818325
0.809303
0.805023
0.805864
0.811772
0.822067
0.835226
0.849243
0.862164
0.872571
0.879899
0.88425
0.886191
0.886456
0.886001
0.885925
0.887339
0.891081
0.897381
0.905645
0.914423
0.921832
0.926135
0.926265
0.922106
0.914569
0.90551
0.897521
0.893523
0.89577
0.904828
0.91921
0.936078
0.952322
0.965527
0.974203
0.977796
0.976492
0.971048
0.962666
0.952534
0.941619
0.930477
0.919242
0.907904
0.896405
0.884721
0.872677
0.859858
0.845712
0.829848
0.8125
0.794682
0.777983
0.764188
0.754807
0.750933
0.753159
0.76163
0.775891
0.794691
0.816094
0.837761
0.857345
0.872794
0.882542
0.885873
0.883066
0.875606
0.866245
0.858344
0.854701
0.856305
0.862413
0.871643
0.88306
0.896136
0.91014
0.923602
0.934412
0.940462
0.940483
0.934637
0.924764
0.914043
0.906189
0.904458
0.910496
0.923776
0.941798
0.961043
0.978233
0.991071
0.998386
0.999969
0.996061
0.987245
0.974263
0.958219
0.940747
0.923914
0.910063
0.901325
0.899087
0.903389
0.912784
0.924575
0.935767
0.943982
0.948084
0.948082
0.944602
0.938497
0.930712
0.92237
0.914617
0.908325
0.903889
0.901191
0.89965
0.898573
0.897241
0.895159
0.892271
0.888759
0.885041
0.881654
0.879062
0.877543
0.877478
0.879601
0.88512
0.895158
0.909826
0.927568
0.945318
0.959312
0.966251
0.964137
0.952561
0.932838
0.907813
0.88136
0.857712
0.840545
0.832087
0.832517
0.840174
0.852332
0.866072
0.879019
0.889711
0.897711
0.903341
0.907344
0.91056
0.913682
0.917149
0.921021
0.924996
0.928556
0.931199
0.93271
0.933116
0.932662
0.931457
0.929431
0.926406
0.922377
0.91756
0.91225
0.906738
0.901308
0.896196
0.891658
0.887796
0.884447
0.881263
0.877654
0.872955
0.866842
0.859644
0.85252
0.847204
0.845314
0.84784
0.854908
0.865794
0.878947
0.892251
0.903508
0.911322
0.915553
0.917316
0.918389
0.920162
0.922979
0.926111
0.928291
0.928373
0.925737
0.920416
0.912608
0.902544
0.890336
0.876228
0.861335
0.847919
0.839146
0.837903
0.845213
0.859599
0.877709
0.895912
0.911489
0.923033
0.930169
0.933176
0.932772
0.930014
0.926376
0.923617
0.92348
0.927135
0.934626
0.944763
0.955271
0.963526
0.967013
0.963985
0.95376
0.936846
0.914845
0.89021
0.865774
0.844233
0.827472
0.816124
0.809788
0.807291
0.807219
0.808372
0.809944
0.811465
0.812711
0.813701
0.814732
0.816365
0.819307
0.824125
0.831038
0.83974
0.849517
0.859452
0.86875
0.877007
0.884201
0.890634
0.896701
0.902589
0.908128
0.912892
0.916498
0.918855
0.92023
0.921156
0.922191
0.923661
0.925671
0.928161
0.93106
0.934299
0.937795
0.941378
0.944678
0.947061
0.947615
0.945395
0.939517
0.929359
0.914618
0.895503
0.873087
0.849371
0.827086
0.809202
0.798287
0.796213
0.804161
0.822374
0.849739
0.883644
0.920347
0.955963
0.987147
1.01146
1.0274
1.03425
1.03213
1.02176
1.00451
0.982331
0.957792
0.933826
0.913229
0.898008
0.888878
0.885308
0.886033
0.889698
0.895205
0.901826
0.909032
0.916126
0.922204
0.92632
0.927743
0.926076
0.921234
0.913331
0.902567
0.889382
0.874513
0.859095
0.844432
0.831902
0.822932
0.818763
0.820334
0.828001
0.841424
0.859587
0.881088
0.90449
0.928276
0.950573
0.969118
0.981551
0.986056
0.981801
0.969205
0.949752
0.925563
0.899046
0.87271
0.849086
0.830423
0.818257
0.812802
0.812881
0.816499
0.821561
0.826511
0.830505
0.8333
0.834967
0.835705
0.835842
0.835927
0.836789
0.839393
0.844541
0.852706
0.864051
0.878477
0.89573
0.915237
0.935884
0.956057
0.973973
0.987996
0.99715
1.00121
1.00038
0.995187
0.986246
0.974085
0.958987
0.941227
0.921371
0.900711
0.881367
0.865369
0.853834
0.846859
0.844014
0.84508
0.850114
0.859103
0.871549
0.886347
0.901858
0.916369
0.928615
0.938047
0.944738
0.949103
0.951359
0.951121
0.947308
0.938534
0.923921
0.903942
0.880916
0.858648
0.841132
0.830719
0.827166
0.827998
0.830165
0.831648
0.832294
0.833566
0.837748
0.846741
0.861135
0.87981
0.90028
0.919522
0.934971
0.945119
0.94971
0.949223
0.944639
0.937325
0.928965
0.921522
0.916966
0.916903
0.922143
0.93254
0.947145
0.964379
0.982189
0.998338
1.01073
1.01774
1.01837
1.01244
1.0007
0.984677
0.966501
0.948593
0.933225
0.922066
0.915918
0.914556
0.916596
0.919939
0.922213
0.921358
0.916103
0.906333
0.893222
0.878924
0.865676
0.854901
0.846819
0.840767
0.835924
0.832067
0.829904
0.830961
0.836685
0.84763
0.862783
0.879782
0.895791
0.908512
0.916849
0.920875
0.92151
0.91989
0.917044
0.913558
0.909822
0.906219
0.903333
0.901988
0.902971
0.906665
0.912656
0.919524
0.925068
0.926819
0.923242
0.914409
0.902353
0.89036
0.88188
0.879331
0.883236
0.892166
0.903284
0.913218
0.919087
0.919178
0.913198
0.902223
0.888373
0.874308
0.862659
0.855508
0.853876
0.857711
0.866031
0.877106
0.888828
0.89915
0.90652
0.910283
0.910808
0.90923
0.906766
0.904273
0.901977
0.899416
0.89581
0.89043
0.882975
0.873627
0.862994
0.851819
0.840781
0.830298
0.820667
0.812507
