1.38823
1.34832
1.28183
1.19068
1.0783
0.950365
0.81517
0.683422
0.566963
0.476361
0.418331
0.394076
0.399412
0.426507
0.466156
0.509725
0.550343
0.583335
0.606167
0.618129
0.619916
0.613255
0.600519
0.584377
0.567539
0.552462
0.541265
0.535731
0.537292
0.546956
0.565142
0.591449
0.62443
0.661611
0.699835
0.735805
0.766688
0.790459
0.806124
0.813751
0.814418
0.809919
0.802364
0.793852
0.785957
0.77952
0.774618
0.770781
0.76729
0.763509
1.38696
1.35849
1.3159
1.26131
1.19793
1.13037
1.06472
1.00794
0.966517
0.944373
0.940865
0.950973
0.967901
0.986072
1.00279
1.01796
1.0326
1.04733
1.06163
1.07431
1.08427
1.09114
1.09537
1.09778
1.09908
1.09931
1.09808
1.09482
1.08944
1.08289
1.07719
1.07473
1.07698
1.08354
1.09183
1.098
1.09824
1.08992
1.07231
1.04683
1.01678
0.986912
0.962153
0.946375
0.94138
0.946636
0.96013
0.979286
1.00125
1.02287
1.41272
1.40745
1.38149
1.33574
1.27411
1.20329
1.13204
1.07003
1.0264
1.00813
1.01803
1.05359
1.10768
1.17111
1.23539
1.29428
1.34421
1.38341
1.41156
1.42919
1.43734
1.43691
1.42869
1.41396
1.39488
1.37356
1.35082
1.32648
1.30052
1.27408
1.24902
1.227
1.20873
1.1945
1.18475
1.17965
1.17825
1.17829
1.17716
1.17377
1.16979
1.16956
1.17821
1.1987
1.22937
1.26444
1.29701
1.32246
1.33977
1.35069
1.40411
1.40563
1.4052
1.40263
1.39627
1.38375
1.36417
1.3407
1.32045
1.30915
1.30461
1.29905
1.2885
1.27664
1.2691
1.26709
1.26755
1.26698
1.26315
1.25466
1.24097
1.22322
1.20447
1.18879
1.1798
1.17932
1.1869
1.20009
1.21512
1.22839
1.23811
1.24542
1.25409
1.26829
1.28921
1.31399
1.33839
1.3596
1.37648
1.3881
1.39264
1.38791
1.37326
1.35074
1.32481
1.30097
1.28416
1.27794
1.28409
1.30176
1.42205
1.44357
1.45737
1.45915
1.44731
1.42345
1.39239
1.36098
1.33598
1.32183
1.31996
1.33002
1.35102
1.38094
1.41544
1.44705
1.46665
1.46656
1.44339
1.39961
1.34285
1.28327
1.23006
1.18967
1.1662
1.16217
1.1779
1.21015
1.25244
1.29666
1.33498
1.36119
1.37187
1.36692
1.34956
1.32559
1.30203
1.28533
1.27955
1.28555
1.30118
1.32245
1.34496
1.3658
1.38508
1.40464
1.42438
1.44075
1.44942
1.44837
1.38868
1.37322
1.35842
1.34888
1.34799
1.35618
1.37074
1.38736
1.40203
1.41184
1.41507
1.41112
1.40047
1.3848
1.36622
1.3464
1.32594
1.30461
1.28187
1.25738
1.23166
1.20677
1.18628
1.1741
1.17287
1.183
1.20261
1.22815
1.25564
1.28203
1.3055
1.32516
1.34029
1.34992
1.3532
1.34991
1.34094
1.32824
1.31466
1.30324
1.29617
1.29397
1.29534
1.29816
1.30104
1.30405
1.30824
1.31413
1.32034
1.32438
1.39676
1.38936
1.38354
1.38603
1.40021
1.42378
1.45
1.47111
1.48176
1.48066
1.47021
1.45433
1.43628
1.41724
1.39645
1.37265
1.34573
1.3174
1.29077
1.26909
1.25456
1.24773
1.24793
1.25379
1.26365
1.27564
1.28856
1.30276
1.3197
1.33976
1.36111
1.38051
1.39562
1.4066
1.41573
1.42531
1.43547
1.44414
1.44945
1.45141
1.45201
1.45337
1.4556
1.4567
1.45446
1.448
1.43762
1.42385
1.40604
1.38138
1.36243
1.31242
1.26262
1.23183
1.22921
1.24487
1.26406
1.27976
1.29156
1.30158
1.31224
1.32463
1.33754
1.349
1.35882
1.36929
1.3833
1.40179
1.42216
1.43959
1.44877
1.44595
1.43081
1.40764
1.38523
1.37392
1.38102
1.40673
1.44374
1.48077
1.50738
1.51718
1.50847
1.48321
1.44548
1.4005
1.35369
1.31008
1.27381
1.24802
1.23536
1.23811
1.2576
1.29246
1.33749
1.38471
1.4257
1.45392
1.46602
1.4623
1.38199
1.35631
1.32619
1.29379
1.26295
1.24038
1.2332
1.24389
1.26811
1.29795
1.32652
1.35018
1.36842
1.38266
1.39478
1.40562
1.41434
1.41845
1.41503
1.40188
1.37882
1.34863
1.31741
1.29343
1.284
1.29172
1.31388
1.34481
1.37842
1.4095
1.43449
1.4517
1.46098
1.46279
1.45739
1.44478
1.42532
1.40026
1.37137
1.34022
1.30802
1.27587
1.24564
1.22039
1.20418
1.20056
1.21057
1.23172
1.25908
1.2878
1.42241
1.44
1.45219
1.45957
1.4627
1.46293
1.46171
1.4584
1.4496
1.43153
1.40374
1.37073
1.34054
1.32096
1.31617
1.3255
1.34464
1.36747
1.38831
1.40372
1.41339
1.4194
1.42495
1.43276
1.44355
1.4554
1.46445
1.46671
1.45934
1.44123
1.41335
1.37865
1.34124
1.30623
1.28004
1.26978
1.2799
1.30892
1.34984
1.39391
1.43437
1.46717
1.49006
1.50165
1.50115
1.48867
1.46548
1.43397
1.39701
1.35755
1.35977
1.32057
1.28815
1.26518
1.25317
1.2521
1.2606
1.27724
1.3022
1.337
1.38214
1.43453
1.48762
1.53352
1.56549
1.57953
1.57484
1.5535
1.51939
1.47708
1.43123
1.38689
1.34967
1.32479
1.31534
1.32099
1.33856
1.36369
1.39251
1.42194
1.4493
1.47177
1.4863
1.49057
1.48463
1.4715
1.45585
1.44189
1.43184
1.42592
1.42327
1.42253
1.42216
1.42079
1.41785
1.41408
1.41064
1.40768
1.40454
1.4017
1.39856
1.40556
1.42484
1.45529
1.48921
1.51527
1.52433
1.51304
1.48406
1.44418
1.40198
1.36545
1.33987
1.32751
1.32873
1.34243
1.36559
1.39334
1.42041
1.4428
1.45793
1.46456
1.4625
1.45265
1.43689
1.4185
1.40212
1.39246
1.39151
1.3969
1.4033
1.40567
1.40221
1.39501
1.38866
1.38753
1.39334
1.40453
1.41698
1.42629
1.43041
1.43082
1.43097
1.43349
1.43807
1.44184
1.4415
1.43534
1.42392
1.40969
1.38476
1.37198
1.36332
1.35832
1.35605
1.35603
1.35874
1.36576
1.37967
1.4025
1.43348
1.46791
1.49885
1.52039
1.52948
1.52619
1.51288
1.49351
1.47287
1.45514
1.44248
1.4349
1.43166
1.43263
1.43854
1.44991
1.46588
1.48315
1.49617
1.49928
1.48912
1.46656
1.43719
1.40938
1.38988
1.37997
1.37581
1.3725
1.36742
1.36087
1.35467
1.35059
1.34949
1.35179
1.35799
1.36867
1.38358
1.40132
1.41989
1.43765
1.41305
1.42636
1.43905
1.45044
1.45898
1.46234
1.45859
1.44802
1.43366
1.41934
1.40759
1.39886
1.39195
1.38505
1.37665
1.36673
1.35743
1.35203
1.35238
1.35719
1.36271
1.36509
1.36313
1.35917
1.35716
1.35914
1.36431
1.37092
1.37793
1.38476
1.39032
1.39297
1.39132
1.38529
1.37644
1.36719
1.35974
1.3563
1.35965
1.36996
1.38233
1.39047
1.3916
1.3874
1.38205
1.38011
1.3848
1.39718
1.41611
1.43929
