-5.74634
-5.72508
-5.70309
-5.68861
-5.67321
-5.66501
-5.6615
-5.65845
-5.65844
-5.66137
-5.66359
-5.66907
-5.67261
-5.67416
-5.6753
-5.67463
-5.67375
-5.67235
-5.67008
-5.66718
-5.66513
-5.66469
-5.66496
-5.66468
-5.66543
-5.66684
-5.66726
-5.66856
-5.66939
-5.67098
-5.6716
-5.67208
-5.67485
-5.67458
-5.67446
-5.6742
-5.67422
-5.67207
-5.67245
-5.67261
-5.67299
-5.67206
-5.67081
-5.67179
-5.67326
-5.67285
-5.67306
-5.67187
-5.67251
-5.67372
-4.71501
-4.71183
-4.71115
-4.70569
-4.70083
-4.70196
-4.69989
-4.70179
-4.70386
-4.70715
-4.70962
-4.71208
-4.71421
-4.71345
-4.71512
-4.71431
-4.71463
-4.71527
-4.71577
-4.71672
-4.71885
-4.71711
-4.71645
-4.71786
-4.71836
-4.71818
-4.71564
-4.71531
-4.71601
-4.71501
-4.71404
-4.71372
-4.71477
-4.7159
-4.71586
-4.71295
-4.71148
-4.71073
-4.71328
-4.71427
-4.71428
-4.71569
-4.71552
-4.7174
-4.71967
-4.72139
-4.72308
-4.72305
-4.71966
-4.71966
-4.15596
-4.14968
-4.1469
-4.14224
-4.13905
-4.13672
-4.13841
-4.14026
-4.14334
-4.14911
-4.15359
-4.15759
-4.16125
-4.1603
-4.1605
-4.15902
-4.15878
-4.15809
-4.15743
-4.1569
-4.15686
-4.15402
-4.15487
-4.15503
-4.15554
-4.15305
-4.15348
-4.15289
-4.15401
-4.15214
-4.1525
-4.15303
-4.15394
-4.15296
-4.15464
-4.154
-4.15472
-4.15342
-4.1531
-4.15314
-4.15368
-4.15403
-4.15344
-4.15423
-4.1547
-4.1564
-4.15588
-4.15303
-4.15255
-4.15407
-4.08324
-4.08485
-4.08198
-4.08027
-4.08048
-4.07779
-4.0746
-4.07519
-4.0766
-4.07929
-4.08163
-4.07933
-4.07842
-4.07679
-4.07995
-4.08059
-4.0774
-4.07671
-4.07771
-4.07726
-4.0775
-4.07839
-4.07856
-4.07968
-4.08088
-4.08315
-4.08226
-4.0841
-4.08374
-4.08424
-4.08372
-4.08135
-4.08226
-4.08491
-4.08252
-4.0821
-4.08305
-4.08375
-4.08369
-4.08278
-4.0825
-4.08196
-4.08024
-4.08003
-4.07867
-4.07812
-4.07983
-4.08097
-4.08218
-4.08269
-3.94077
-3.9387
-3.93584
-3.93447
-3.93281
-3.93263
-3.92981
-3.93164
-3.93466
-3.9368
-3.93895
-3.941
-3.9435
-3.94455
-3.94276
-3.93964
-3.93616
-3.9357
-3.93198
-3.92973
-3.92827
-3.92672
-3.92762
-3.92927
-3.93108
-3.93508
-3.93625
-3.94118
-3.94138
-3.94198
-3.9415
-3.93933
-3.93852
-3.93474
-3.93137
-3.93288
-3.93415
-3.93592
-3.93868
-3.94227
-3.94148
-3.94196
-3.94119
-3.94152
-3.9411
-3.94285
-3.94201
-3.93949
-3.93907
-3.93795
-4.00805
-4.00588
-4.00766
-4.0091
-4.01052
-4.01043
-4.01072
-4.01068
-4.0098
-4.00954
-4.00751
-4.00645
-4.00491
-4.00303
-4.00178
-4.00167
-4.00222
-4.00334
-4.00471
-4.00349
-4.00375
-4.00479
-4.00513
-4.00664
-4.00871
-4.01063
-4.01212
-4.0117
-4.01236
-4.01299
-4.01279
-4.01249
-4.0114
-4.01244
-4.01177
-4.01147
-4.0127
-4.01171
-4.01119
-4.01075
-4.0102
-4.01151
-4.01122
-4.01065
-4.00836
-4.00878
-4.00968
-4.0102
-4.00745
-4.00663
-3.89364
-3.89374
-3.89423
-3.89653
-3.89954
-3.90014
-3.9002
-3.89664
-3.89842
-3.89711
-3.8944
-3.89293
-3.89211
-3.89387
-3.89414
-3.89526
-3.89359
-3.89393
-3.89284
-3.89478
-3.89464
-3.89511
-3.89542
-3.89711
-3.89982
-3.9026
-3.90079
-3.90109
-3.90062
-3.90034
-3.9006
-3.89877
-3.89872
-3.89825
-3.89819
-3.89834
-3.90056
-3.89949
-3.89828
-3.89888
-3.89888
-3.89874
-3.89874
-3.89935
-3.89873
-3.8981
-3.89757
-3.89836
-3.89919
-3.8972
-3.86039
-3.85872
-3.85962
-3.86501
-3.86846
-3.86729
-3.86605
-3.86312
-3.86269
-3.86263
-3.86384
-3.86502
-3.86492
-3.86559
-3.86289
-3.8626
-3.86296
-3.8635
-3.86375
-3.86221
-3.85996
-3.85932
-3.85673
-3.85745
-3.86166
-3.86309
-3.86542
-3.8694
-3.87053
-3.87025
-3.86708
-3.86398
-3.85967
-3.85684
-3.85506
-3.85733
-3.85619
-3.85638
-3.85776
-3.85697
-3.85945
-3.86257
-3.86376
-3.86735
-3.86665
-3.86497
-3.86376
-3.86213
-3.8603
-3.86071
-3.94802
-3.94851
-3.948
-3.94694
-3.94928
-3.95115
-3.95384
-3.95728
-3.95998
-3.95857
-3.95833
-3.95845
-3.96
-3.96085
-3.95967
-3.95687
-3.95702
-3.95318
-3.95215
-3.95288
-3.95025
-3.94992
-3.9488
-3.94991
-3.95278
-3.95427
-3.95665
-3.95357
-3.95513
-3.95539
-3.95623
-3.95438
-3.95484
-3.95375
-3.95073
-3.94804
-3.94677
-3.9464
-3.94693
-3.94605
-3.9476
-3.94773
-3.94824
-3.94866
-3.95358
-3.95694
-3.96016
-3.96081
-3.96293
-3.96348
-3.79826
-3.79674
-3.79437
-3.79401
-3.79281
-3.79381
-3.79265
-3.79179
-3.78867
-3.78713
-3.78656
-3.78704
-3.7901
-3.79118
-3.79442
-3.7982
-3.80016
-3.80053
-3.79794
-3.7967
-3.79693
-3.79826
-3.79909
-3.80149
-3.8012
-3.79977
-3.79966
-3.79772
-3.79517
-3.79487
-3.79199
-3.79063
-3.78997
-3.78984
-3.78949
-3.79301
-3.79611
-3.79879
-3.79791
-3.7997
-3.79812
-3.79514
-3.79482
-3.79175
-3.78959
-3.79046
-3.78676
-3.78801
-3.78581
-3.78536
-3.71283
-3.7136
-3.7139
-3.7158
-3.71424
-3.71709
-3.71838
-3.72086
-3.72092
-3.72283
-3.72456
-3.72485
-3.7256
-3.72586
-3.72531
-3.72345
-3.71978
-3.71757
-3.71375
-3.71289
-3.71147
-3.71409
-3.71431
-3.71876
-3.72113
-3.72286
-3.72495
-3.72575
-3.72506
-3.72363
-3.72116
-3.71953
-3.71778
-3.71844
-3.71644
-3.7154
-3.71606
-3.71687
-3.71557
-3.71549
-3.71815
-3.7196
-3.71824
-3.7206
-3.71911
-3.71812
-3.71821
-3.71629
-3.71818
-3.71939
-3.72374
-3.72444
-3.72312
-3.72334
-3.72587
-3.72349
-3.72278
-3.71917
-3.71959
-3.71734
-3.71996
-3.721
-3.72225
-3.72234
-3.72531
-3.72537
-3.72739
-3.72762
-3.72554
-3.72297
-3.71884
-3.71688
-3.7166
-3.71653
-3.71618
-3.71744
-3.71945
-3.72073
-3.72227
-3.72541
-3.72348
-3.72392
-3.72216
-3.71967
-3.72085
-3.71958
-3.7209
-3.72109
-3.71992
-3.71726
-3.71619
-3.71817
-3.71776
-3.71914
-3.72088
-3.72047
-3.71739
-3.71521
-3.71167
-3.71475
-3.72823
-3.72786
-3.72717
-3.72861
-3.72961
-3.72996
-3.72949
-3.72936
-3.73157
-3.73328
-3.73388
-3.73417
-3.73472
-3.7346
-3.73429
-3.73387
-3.73201
-3.7331
-3.73329
-3.73526
-3.73639
-3.7332
-3.73381
-3.73482
-3.73594
-3.73707
-3.73853
-3.73766
-3.73685
-3.73533
-3.73231
-3.73339
-3.73271
-3.7336
-3.73414
-3.73308
-3.73449
-3.73303
-3.73435
-3.73297
-3.73157
-3.73197
-3.73504
-3.73527
-3.73558
-3.73821
-3.73649
-3.73513
-3.7377
-3.73586
-3.79622
-3.79485
-3.7944
-3.79377
-3.7935
-3.79479
-3.79497
-3.79091
-3.79131
-3.79222
-3.79431
-3.79373
-3.79418
-3.79468
-3.79278
-3.79204
-3.79272
-3.79093
-3.79145
-3.79088
-3.79128
-3.7929
-3.79203
-3.79174
-3.79098
-3.79384
-3.7919
-3.79362
-3.79332
-3.79225
-3.79452
-3.79751
-3.79747
-3.79593
-3.79861
-3.79713
-3.79496
-3.79548
-3.79598
-3.7935
-3.79487
-3.79097
-3.79126
-3.79206
-3.79131
-3.79213
-3.79295
-3.79405
-3.79486
-3.79559
