# Temperature ----- Mean Value ----- Variance
0.256 195.289 0.005187
0.312 159.884 0.0212467
0.368 133.722 0.0502556
0.424 110.59 0.0774163
0.48 87.2318 0.0965772
0.536 64.8768 0.0840742
0.592 46.5448 0.0731513
0.648 33.1782 0.0506809
0.704 24.2348 0.0352198
0.76 18.2992 0.0247053
0.816 14.2206 0.017164
0.872 11.3715 0.0130452
0.928 9.29752 0.00955573
0.984 7.75685 0.00790767
1.04 6.58027 0.00587745
1.096 5.65539 0.0044916
1.152 4.92329 0.00319859
1.208 4.3329 0.00262291
1.264 3.84768 0.00196483
1.32 3.4457 0.0017299
1.376 3.10966 0.00164459
1.432 2.82224 0.00143968
1.488 2.57683 0.00129501
1.544 2.36602 0.00109219
1.6 2.18177 0.00103573
1.656 2.02081 0.000935485
1.712 1.87909 0.000831818
1.768 1.75366 0.000727201
1.824 1.64179 0.000640101
1.88 1.54156 0.000617076
1.936 1.45176 0.000576207
1.992 1.37046 0.000549088
2.048 1.29687 0.000499727
2.104 1.22994 0.00046525
2.16 1.16896 0.000413161
2.216 1.11303 0.000372044
2.272 1.06148 0.000361326
2.328 1.01435 0.00035614
2.384 0.970652 0.000335221
2.44 0.930475 0.000318916
2.496 0.893078 0.000299793
2.552 0.858242 0.000292116
2.608 0.825819 0.00027851
2.664 0.795482 0.000262211
2.72 0.767155 0.000250126
2.776 0.740566 0.000240466
2.832 0.715743 0.000229234
2.888 0.692354 0.000219143
2.944 0.670218 0.000209656
3 0.649383 0.000201342
