# Temperature ----- Mean Value ----- Variance
0.256 0.000891553 0.000166438
0.312 0.0110392 0.000540529
0.368 0.0537697 0.00105368
0.424 0.154008 0.00122407
0.48 0.288022 0.00104195
0.536 0.384806 0.000448435
0.592 0.421251 0.000396546
0.648 0.428938 0.000442684
0.704 0.434122 0.000386889
0.76 0.438688 0.000337619
0.816 0.440288 0.000273031
0.872 0.438309 0.000249505
0.928 0.432437 0.000192026
0.984 0.42332 0.000175168
1.04 0.411522 0.000148864
1.096 0.398093 0.00013554
1.152 0.383954 0.000132145
1.208 0.369003 0.000119378
1.264 0.354038 0.000107958
1.32 0.338984 9.12335e-05
1.376 0.324314 8.19027e-05
1.432 0.310111 8.17927e-05
1.488 0.296311 6.89611e-05
1.544 0.283129 6.57425e-05
1.6 0.270496 6.28256e-05
1.656 0.258485 6.21954e-05
1.712 0.246982 5.67983e-05
1.768 0.236046 5.56007e-05
1.824 0.225646 5.03985e-05
1.88 0.215816 4.74362e-05
1.936 0.206563 4.43733e-05
1.992 0.197802 4.32109e-05
2.048 0.189528 3.99823e-05
2.104 0.181678 3.90118e-05
2.16 0.174242 3.61171e-05
2.216 0.167227 3.48849e-05
2.272 0.160548 3.49794e-05
2.328 0.154261 3.17348e-05
2.384 0.148299 2.92978e-05
2.44 0.142643 2.96463e-05
2.496 0.137316 2.74484e-05
2.552 0.13222 2.65148e-05
2.608 0.127383 2.58813e-05
2.664 0.122789 2.48189e-05
2.72 0.118434 2.48937e-05
2.776 0.114282 2.44502e-05
2.832 0.110342 2.45674e-05
2.888 0.106593 2.29727e-05
2.944 0.103021 2.23214e-05
3 0.0996177 2.1133e-05
