# Temperature ----- Mean Value ----- Variance
0.256 -0.999985 2.73038e-06
0.312 -0.999731 1.32427e-05
0.368 -0.998146 3.71186e-05
0.424 -0.992608 6.47343e-05
0.48 -0.980229 9.34921e-05
0.536 -0.961208 8.90822e-05
0.592 -0.938608 9.11306e-05
0.648 -0.914636 7.34894e-05
0.704 -0.890434 6.37181e-05
0.76 -0.866024 5.31419e-05
0.816 -0.841308 4.84669e-05
0.872 -0.816722 4.44174e-05
0.928 -0.792282 4.26842e-05
0.984 -0.768338 4.15915e-05
1.04 -0.744997 4.03925e-05
1.096 -0.722292 3.68153e-05
1.152 -0.700387 3.42517e-05
1.208 -0.679296 3.07606e-05
1.264 -0.65909 2.77157e-05
1.32 -0.639663 2.7831e-05
1.376 -0.621076 2.91367e-05
1.432 -0.603317 2.54946e-05
1.488 -0.586339 2.64024e-05
1.544 -0.570121 2.40842e-05
1.6 -0.554632 2.50683e-05
1.656 -0.539824 2.47709e-05
1.712 -0.525663 2.47754e-05
1.768 -0.512151 2.29703e-05
1.824 -0.499221 2.24149e-05
1.88 -0.486871 2.2579e-05
1.936 -0.475053 2.36717e-05
1.992 -0.463733 2.42576e-05
2.048 -0.452898 2.45182e-05
2.104 -0.442496 2.46358e-05
2.16 -0.432517 2.4802e-05
2.216 -0.422961 2.47295e-05
2.272 -0.413788 2.4295e-05
2.328 -0.404979 2.45661e-05
2.384 -0.396493 2.42051e-05
2.44 -0.388346 2.4383e-05
2.496 -0.380504 2.5251e-05
2.552 -0.372968 2.54682e-05
2.608 -0.365698 2.54628e-05
2.664 -0.358689 2.51912e-05
2.72 -0.35194 2.47092e-05
2.776 -0.345431 2.41892e-05
2.832 -0.339148 2.45873e-05
2.888 -0.333079 2.51298e-05
2.944 -0.327219 2.52008e-05
3 -0.321545 2.51482e-05
