# Temperature ----- Mean Value ----- Variance
0.256 0.99999 2.33192e-06
0.312 0.99184 0.00507829
0.368 0.984856 0.00306738
0.424 0.967171 0.00160908
0.48 0.914628 0.00161381
0.536 0.825189 0.00169935
0.592 0.693524 0.00166929
0.648 0.554342 0.00137891
0.704 0.435369 0.00118751
0.76 0.342756 0.000966585
0.816 0.27383 0.000782508
0.872 0.222556 0.000617345
0.928 0.183092 0.000512451
0.984 0.153473 0.000454847
1.04 0.13014 0.000361471
1.096 0.112069 0.000315531
1.152 0.0975587 0.000266126
1.208 0.085834 0.000249679
1.264 0.0761594 0.000230472
1.32 0.0682699 0.000208327
1.376 0.0615411 0.000197959
1.432 0.0559028 0.000174328
1.488 0.0509995 0.000159744
1.544 0.0468499 0.000156529
1.6 0.0431709 0.000142133
1.656 0.0400893 0.000130112
1.712 0.0372716 0.000125679
1.768 0.0347936 0.000112586
1.824 0.0325962 0.000109484
1.88 0.0306006 0.000105613
1.936 0.0288503 0.00010029
1.992 0.0272355 9.35419e-05
2.048 0.0257722 9.02999e-05
2.104 0.0244594 8.58308e-05
2.16 0.0232338 8.71951e-05
2.216 0.0221065 8.39835e-05
2.272 0.0210654 8.07627e-05
2.328 0.0201322 7.79303e-05
2.384 0.0192411 7.69597e-05
2.44 0.0184637 7.7209e-05
2.496 0.0177275 7.46979e-05
2.552 0.0170414 7.27651e-05
2.608 0.0163885 7.06204e-05
2.664 0.0157966 6.81144e-05
2.72 0.0152225 6.79776e-05
2.776 0.0146933 6.90467e-05
2.832 0.01422 6.74475e-05
2.888 0.0137523 6.64156e-05
2.944 0.013321 6.42492e-05
3 0.0129048 6.39006e-05
