0.482937   -0.27125   -0.40873
-0.37682   -0.361876   0.48574
0.362362   -0.272095   0.432971
-0.284172   -0.257894   -0.339716
0.0370381   0.348398   -0.49921
0.331789   -0.465757   0.203398
-0.224282   -0.456774   -0.328387
0.347945   -0.490814   0.41108
0.289688   -0.231955   0.135839
0.0751519   -0.197798   -0.343752
0.106967   -0.0396273   -0.140962
0.303428   -0.39334   -0.376949
-0.358397   -0.165004   -0.480041
-0.424565   0.0525703   -0.386305
0.321853   -0.14952   -0.39439
-0.21295   -0.0209445   -0.400116
-0.0258505   -0.0650491   0.444375
0.219128   -0.0368818   0.463524
-0.268347   0.092491   -0.121914
-0.0989769   -0.15466   -0.27952
0.0792399   -0.0174536   0.272995
0.475533   -0.0786065   0.458086
-0.0140745   0.0337119   -0.32963
0.18735   -0.0186092   -0.339609
-0.472502   0.231552   -0.466137
-0.284044   0.25381   0.421174
0.482777   0.479752   -0.421842
-0.254971   0.161712   -0.316499
-0.119696   0.133302   0.459239
0.303476   0.282169   -0.495839
-0.270617   0.346497   -0.376994
-0.046866   0.234631   -0.350162
0.366137   0.0847996   -0.346167
0.378097   0.337341   -0.292769
0.196691   0.430332   -0.41852
0.389927   0.175495   -0.00426147
0.392988   -0.486371   -0.199223
-0.40727   -0.390737   -0.265938
0.451612   -0.18846   -0.0668832
-0.441567   -0.378515   -0.0558345
-0.0778762   0.456072   -0.192089
0.00891898   -0.447856   -0.396868
-0.144333   0.400217   -0.00908264
0.179943   0.470873   0.0951269
0.164872   -0.406372   -0.141922
0.35244   -0.267539   -0.216578
0.364966   -0.362949   0.00107915
-0.479756   0.435579   0.199537
0.495343   -0.0945602   -0.259312
-0.475081   0.185219   -0.212882
-0.449055   0.0307666   -0.0841558
-0.334786   -0.140552   -0.141188
-0.247154   -0.456735   -0.119996
-0.0949622   -0.00574647   -0.109402
-0.143155   -0.0689243   0.071715
0.0517899   -0.227024   0.133464
-0.0221642   -0.227703   -0.0553858
0.324633   -0.00356806   -0.128705
0.178397   0.151771   -0.0535193
0.221307   -0.216716   -0.06463
-0.406488   0.239883   -0.0138637
-0.409577   0.383115   -0.233543
-0.432201   0.191488   0.21367
-0.401311   -0.0236713   0.201463
-0.226428   0.281334   -0.167548
-0.0526938   -0.33302   -0.238856
0.0034456   -0.414797   0.0306543
-0.0465449   0.19991   -0.111168
0.152137   0.201681   -0.236025
0.383486   0.396443   0.0679914
0.26385   0.369177   -0.118446
0.258298   -0.016389   0.0475825
-0.41612   0.0741052   0.402426
-0.315756   -0.477767   0.298593
-0.497879   -0.373768   0.311096
-0.453217   0.385969   0.376507
-0.00272476   -0.392889   0.227204
-0.154107   -0.369061   0.363765
-0.198089   0.434953   0.46603
0.136181   -0.481012   0.365695
0.0449307   0.354366   0.19531
-0.459914   -0.307439   0.116749
0.0416992   -0.256997   0.389066
0.338809   0.312467   0.301202
0.453222   -0.086708   0.0950959
-0.176609   -0.366601   0.104388
-0.307298   -0.270319   0.265387
-0.15427   -0.236349   -0.47114
-0.305454   -0.226967   0.0348179
-0.133963   0.246425   0.260988
-0.262039   -0.040168   0.410546
-0.136499   -0.164019   0.316636
0.0523429   -0.00318736   0.0470891
0.200552   -0.176804   0.314084
0.13778   0.156827   -0.450162
0.470372   -0.191126   0.281401
0.366641   0.0420224   0.216048
-0.404962   0.432764   -0.0139112
0.370273   0.110859   0.440041
-0.238097   0.0761901   0.23751
-0.163346   0.194235   0.0531297
0.0530318   0.336634   -0.0373783
-0.298071   0.347233   0.208083
0.0364146   0.216626   0.354527
0.00469248   0.166648   0.149256
0.22618   0.204121   0.118262
-0.110292   0.452058   0.284509
0.22354   0.146519   0.304303
