0.483033   -0.271224   -0.408703
-0.376646   -0.361783   0.485657
0.362405   -0.272105   0.432974
-0.284264   -0.258016   -0.339673
0.0371101   0.348586   -0.499102
0.331809   -0.465921   0.203378
-0.22418   -0.456776   -0.328491
0.3479   -0.490798   0.411159
0.289486   -0.231934   0.135924
0.0751366   -0.197821   -0.343749
0.107036   -0.0397334   -0.140957
0.303562   -0.393363   -0.376803
-0.358392   -0.164869   -0.480066
-0.424544   0.0524375   -0.386446
0.321735   -0.14939   -0.394455
-0.212885   -0.0209162   -0.399891
-0.0258837   -0.065061   0.444366
0.219093   -0.036867   0.46327
-0.268216   0.0925533   -0.121915
-0.0989933   -0.154714   -0.279692
0.0790966   -0.0174943   0.272933
0.475718   -0.0785714   0.457932
-0.0140018   0.0336505   -0.329686
0.187389   -0.0187062   -0.33961
-0.472448   0.231639   -0.466117
-0.284086   0.253852   0.421275
0.48276   0.479783   -0.421683
-0.25501   0.161691   -0.31672
-0.119691   0.133325   0.459302
0.303299   0.282121   -0.495888
-0.270542   0.346435   -0.376978
-0.0468264   0.234761   -0.350114
0.366254   0.0849031   -0.346098
0.377994   0.337286   -0.292828
0.196699   0.430348   -0.418569
0.389843   0.175782   -0.00420143
0.392909   -0.486571   -0.199224
-0.407143   -0.390704   -0.265816
0.451556   -0.188422   -0.0668425
-0.441742   -0.378497   -0.0556292
-0.0778163   0.456338   -0.192115
0.00906861   -0.447647   -0.396955
-0.144254   0.40026   -0.00900156
0.179753   0.470772   0.0950192
0.164921   -0.406356   -0.141976
0.352363   -0.267632   -0.216689
0.36509   -0.363023   0.00116132
-0.479715   0.435548   0.199732
0.495527   -0.0946305   -0.259184
-0.475019   0.185066   -0.212906
-0.44899   0.0307442   -0.0841756
-0.334729   -0.140707   -0.141001
-0.247099   -0.456716   -0.120063
-0.0950384   -0.00579574   -0.109395
-0.143199   -0.0687795   0.0719561
0.0516519   -0.227081   0.133575
-0.0221731   -0.227663   -0.0552325
0.324558   -0.00375358   -0.128784
0.178358   0.151639   -0.0535054
0.221407   -0.216729   -0.0645373
-0.406474   0.239901   -0.0139019
-0.409457   0.383121   -0.233562
-0.432083   0.191373   0.213632
-0.401215   -0.0236496   0.201464
-0.226636   0.28129   -0.167666
-0.0526716   -0.3331   -0.238751
0.00353801   -0.41479   0.0306454
-0.0464893   0.199967   -0.110914
0.152146   0.201647   -0.236015
0.383489   0.396569   0.0682586
0.263868   0.369103   -0.118448
0.258437   -0.0162699   0.0474923
-0.416065   0.0740249   0.402367
-0.315918   -0.477701   0.29847
-0.497908   -0.373757   0.310989
-0.453248   0.38585   0.376572
-0.00254034   -0.392954   0.227147
-0.154141   -0.368832   0.36368
-0.198099   0.434967   0.465933
0.136097   -0.481211   0.36558
0.044926   0.354492   0.195387
-0.459782   -0.30736   0.116632
0.0415589   -0.256963   0.389017
0.33882   0.312457   0.301167
0.453107   -0.0867016   0.0950154
-0.176604   -0.366702   0.10441
-0.307291   -0.27035   0.265214
-0.154203   -0.236361   -0.471314
-0.305535   -0.226821   0.0348398
-0.134001   0.246362   0.260982
-0.262183   -0.0401375   0.41065
-0.136387   -0.163765   0.316461
0.0523972   -0.00339175   0.0471777
0.200567   -0.176726   0.314046
0.137811   0.15683   -0.450126
0.470425   -0.191089   0.281373
0.366643   0.0420542   0.216174
-0.405071   0.432683   -0.0139421
0.370161   0.110816   0.439897
-0.238157   0.0761627   0.237674
-0.163343   0.194148   0.0530109
0.052685   0.336636   -0.0374128
-0.29822   0.347181   0.208405
0.0363249   0.216713   0.354478
0.00467246   0.166643   0.149228
0.226298   0.203924   0.118303
-0.110367   0.452101   0.284323
0.223497   0.14667   0.304199
