1.64875
1.64437
1.63663
1.62513
1.60933
1.58853
1.56188
1.52836
1.48694
1.43669
1.377
1.30792
1.23039
1.14661
1.06008
0.975285
0.897142
0.830067
0.777267
0.740292
0.718983
0.711671
0.715667
0.727752
0.744714
0.763753
0.782739
0.800267
0.815654
0.828797
0.839969
0.849554
0.857863
0.865048
0.871052
0.875691
0.878833
0.880536
0.881094
0.881
0.88085
0.881187
0.882392
0.884697
0.888142
0.892538
0.897495
0.902429
0.906745
0.909948
1.64808
1.63671
1.61675
1.58985
1.55811
1.52396
1.49005
1.45899
1.43308
1.41365
1.40076
1.39334
1.38964
1.38786
1.38654
1.38478
1.38239
1.37968
1.37677
1.373
1.36717
1.35827
1.34626
1.33197
1.31687
1.3029
1.29233
1.28734
1.28926
1.2981
1.3126
1.33079
1.35059
1.37025
1.38845
1.40419
1.41657
1.42475
1.42792
1.42554
1.41754
1.40454
1.3878
1.36895
1.3497
1.33158
1.31573
1.30284
1.29312
1.2863
1.64225
1.63073
1.61492
1.59456
1.5702
1.54342
1.5168
1.49349
1.47653
1.46807
1.46911
1.47951
1.49814
1.52268
1.5498
1.57552
1.59612
1.60889
1.61263
1.60763
1.5955
1.57878
1.56047
1.54347
1.53022
1.52228
1.5199
1.522
1.52648
1.53099
1.53362
1.53327
1.52967
1.52359
1.51688
1.51208
1.51164
1.51676
1.52682
1.53966
1.55245
1.5626
1.5684
1.56953
1.56725
1.56396
1.56213
1.56284
1.56515
1.56658
1.64591
1.63565
1.61983
1.6005
1.58039
1.56216
1.5479
1.53877
1.53487
1.53568
1.54029
1.54763
1.55654
1.56591
1.57495
1.58323
1.59054
1.59673
1.60158
1.60473
1.6058
1.60427
1.59959
1.59132
1.57913
1.56316
1.54419
1.52405
1.50572
1.49277
1.48826
1.49338
1.50663
1.52445
1.54264
1.55793
1.56875
1.57518
1.57842
1.57995
1.581
1.58215
1.58344
1.58462
1.58531
1.58519
1.58405
1.58198
1.57956
1.57779
1.64875
1.64957
1.65308
1.65906
1.66672
1.67498
1.68266
1.68858
1.69183
1.69214
1.69008
1.68695
1.68391
1.68113
1.67796
1.67364
1.66794
1.66098
1.65271
1.6426
1.63004
1.61499
1.59849
1.5826
1.56952
1.56057
1.55544
1.55248
1.54958
1.54514
1.53867
1.53075
1.52275
1.51632
1.51275
1.51263
1.51597
1.5225
1.53189
1.54379
1.55779
1.57317
1.58885
1.60345
1.61559
1.62428
1.62925
1.63104
1.63087
1.6304
1.64985
1.65219
1.65739
1.66472
1.6728
1.68015
1.68559
1.68828
1.6877
1.68373
1.67694
1.66865
1.66067
1.65493
1.65312
1.65606
1.66296
1.6709
1.67565
1.67331
1.66208
1.64298
1.6195
1.59686
1.58103
1.57719
1.58766
1.61038
1.63976
1.66933
1.69423
1.71195
1.72214
1.72598
1.7257
1.72401
1.72336
1.7248
1.72736
1.72852
1.72552
1.71692
1.70325
1.68678
1.67064
1.65781
1.65053
1.65015
1.65697
1.67021
1.66648
1.68635
1.70617
1.72303
1.73407
1.73696
1.73051
1.71515
1.69301
1.66733
1.64153
1.61847
1.60021
1.58807
1.58277
1.58426
1.59178
1.60384
1.61826
1.63246
1.6439
1.65067
1.65179
1.64698
1.63602
1.61836
1.59382
1.56393
1.53286
1.50686
1.49188
1.49056
1.50109
1.51866
1.53779
1.55371
1.5628
1.5633
1.55622
1.54567
1.53763
1.53681
1.54452
1.55911
1.5779
1.59829
1.61769
1.63343
1.64317
1.64558
1.64398
1.63356
1.62246
1.61378
1.60859
1.60576
1.60328
1.6
1.59631
1.59368
1.59381
1.59773
1.60562
1.61697
1.63079
1.64538
1.65818
1.66619
1.667
1.65961
1.64474
1.62459
1.60234
1.58127
1.56398
1.5517
1.54436
1.54113
1.5412
1.54384
1.54808
1.55223
1.55409
1.55215
1.54653
1.53909
1.53239
1.52875
1.52944
1.5345
1.54286
1.55277
1.56256
1.57111
1.57786
1.58258
1.58508
1.58522
1.58311
1.57938
1.64465
1.63947
1.63646
1.63748
1.64442
1.65855
1.6798
1.70645
1.73557
1.76392
1.7887
1.80783
1.81998
1.82457
1.82172
1.81218
1.79706
1.77746
1.75438
1.72916
1.70395
1.68167
1.665
1.65502
1.65093
1.65074
1.65265
1.65563
1.65937
1.66381
1.66892
1.6744
1.67956
1.68342
1.68508
1.68435
1.68218
1.68037
1.68029
1.68152
1.68162
1.67742
1.66701
1.6511
1.63297
1.61692
1.60629
1.60204
1.60266
1.60567
1.65216
1.65543
1.66235
1.67542
1.695
1.71837
1.74079
1.75764
1.76611
1.76548
1.75649
1.74094
1.72162
1.70176
1.68357
1.66709
1.65101
1.63492
1.62076
1.6119
1.61124
1.61997
1.63758
1.66228
1.69119
1.7205
1.746
1.76392
1.77179
1.76884
1.75632
1.73695
1.71444
1.69265
1.67485
1.66325
1.65873
1.66094
1.66867
1.68034
1.69427
1.70872
1.72192
1.73209
1.73772
1.73789
1.73275
1.72376
1.71388
1.70705
1.65035
1.66115
1.68242
1.71091
1.74158
1.76945
1.79077
1.80328
1.80608
1.79931
1.78398
1.76168
1.73437
1.70437
1.67432
1.64694
1.62453
1.60841
1.59906
1.59671
1.60155
1.61322
1.62979
1.64738
1.6609
1.66538
1.6577
1.63839
1.61283
1.59023
1.57888
1.58121
1.5935
1.60959
1.62436
1.63487
1.64006
1.63998
1.63537
1.62732
1.61726
1.60666
1.59683
1.5889
1.58403
1.58341
1.58767
1.59587
1.60547
1.61392
1.65456
1.65839
1.6626
1.66682
1.66874
1.66547
1.65529
1.63879
1.61869
1.59857
1.58117
1.56798
1.56002
1.55846
1.56447
1.57832
1.59847
1.6216
1.64378
1.66192
1.67454
1.68152
1.68316
1.67956
1.67016
1.65423
1.63188
1.60508
1.57817
1.55717
1.54722
1.54963
1.56113
1.57595
1.58874
1.59629
1.59748
1.59253
1.58229
1.56796
1.5513
1.53486
1.52181
1.51548
1.51897
1.53435
1.56127
1.59596
1.63239
1.66502
1.67293
1.69159
1.70678
1.72046
1.73332
1.74465
1.753
1.75689
1.75536
1.74808
1.73554
1.7189
1.69987
1.68037
1.66199
1.64574
1.63209
1.62121
1.61327
1.60866
1.60771
1.61028
1.61509
1.61942
1.62024
1.61565
1.60581
1.59226
1.57686
1.561
1.54583
1.53279
1.52377
1.52039
1.52312
1.53114
1.54305
1.55759
1.57357
1.58943
1.60291
1.61181
1.61534
1.61507
1.61449
1.61732
1.62531
1.63721
1.65002
1.66115
1.66978
1.67673
1.68346
1.69083
1.69823
1.70355
1.70394
1.6971
1.68231
1.66097
1.63598
1.61053
1.58701
1.56672
1.55041
1.53919
1.53487
1.53936
1.55347
1.57592
1.60347
1.63215
1.65849
1.67999
1.69502
1.70247
1.70188
1.69371
1.67936
1.66056
1.63879
1.61537
1.59199
1.57088
1.55402
1.54203
1.53365
1.52671
1.51995
1.5146
1.5132
1.51678
1.52364
1.53076
1.53562
1.53704
1.53519
1.53131
1.52734
1.52537
1.52693
1.53246
1.54126
1.55168
1.5615
1.56836
1.57032
1.56616
1.55568
1.53977
1.52046
1.50057
1.48317
1.47072
1.46438
1.46383
1.46789
1.47553
1.48649
1.50084
1.51762
1.53448
1.54883
1.55955
1.56727
1.57313
1.57755
1.58057
1.58316
1.58728
1.59412
1.6029
1.61201
1.62053
1.62809
1.63372
1.63528
1.63012
1.61674
1.59635
1.57344
1.55481
1.54686
1.5528
1.57184
1.60031
1.63326
1.66566
1.69291
1.71112
1.71747
1.71045
1.69051
1.66048
1.62587
1.59444
1.57431
1.57087
1.58414
1.60919
1.63913
1.66803
1.69238
1.71119
1.72539
1.73666
1.74649
1.75569
1.76452
1.77292
1.7806
1.78673
1.78993
1.78862
1.78164
1.76885
1.75124
1.73081
1.71008
1.69113
1.67513
1.66243
1.65325
1.64836
1.64885
1.6553
1.66688
1.68103
1.69413
1.70242
1.70304
1.69483
1.67861
1.65694
1.63324
1.61076
1.59195
1.57849
1.57173
1.57275
1.58191
1.59814
1.61884
1.64056
1.66029
1.67654
1.68954
1.70066
1.71105
1.72076
1.72858
1.73283
1.73246
1.72787
1.7207
1.71267
1.70448
1.69545
1.68454
1.6716
1.65746
1.64323
1.6295
1.61616
1.60312
1.59123
1.58287
1.58108
1.58746
1.60065
1.61703
1.63285
1.64591
1.65553
1.6619
1.66556
1.66726
1.6682
1.66982
1.67325
1.67871
1.68546
1.69235
1.69866
1.70455
1.71097
1.71898
1.72907
1.74102
1.7543
1.76844
1.78278
1.79615
1.80682
1.81317
1.81439
1.81086
1.80371
1.79431
1.78352
1.7714
1.75715
1.73986
1.71928
1.69628
1.67273
1.65117
1.63432
1.62463
1.62371
1.63206
1.64876
1.67144
1.69635
1.71921
1.73619
1.74488
1.74465
1.73631
1.72168
1.70306
1.68278
1.66294
1.645
1.62967
1.61699
1.60643
1.59741
1.58936
1.582
1.57536
1.56982
1.56621
1.56562
1.56908
1.57695
1.58853
1.60216
1.61602
1.62923
1.64219
1.65614
1.67232
1.69128
1.71218
1.73262
1.7488
1.7566
1.75281
1.73622
1.70805
1.67189
1.63337
1.59944
1.57721
1.57175
1.58384
1.60939
1.64136
1.67277
1.69853
1.71577
1.72358
1.72248
1.71403
1.70056
1.68469
1.66903
1.65583
1.64634
1.6404
1.63629
1.63152
1.62376
1.61165
1.59499
1.57488
1.55385
1.53499
1.51997
1.5079
1.49747
1.48999
1.48947
1.49935
1.51947
1.54627
1.57555
1.60455
1.63232
1.65878
1.68364
1.70619
1.72555
1.74122
1.75317
1.76165
1.76695
1.76952
1.76992
1.76884
1.76691
1.76438
1.76085
1.75563
1.74844
1.74002
1.73204
1.72638
1.72406
1.72449
1.72546
1.7238
1.7166
1.70198
1.67959
1.65081
1.61851
1.58667
1.55959
1.54106
1.53359
1.53811
1.55399
1.57949
1.61212
1.64885
1.68622
1.72056
1.7483
1.76638
1.77295
1.76761
1.75179
1.72863
1.70267
1.6791
1.66231
1.65474
1.65634
1.6651
1.67839
1.69423
1.71204
1.73251
1.75671
1.78489
1.81577
1.84656
1.87384
1.89437
1.90568
1.90622
1.89542
1.87368
1.84265
1.80553
1.76709
1.73286
1.70722
1.69142
1.68304
1.67773
1.67199
1.66508
1.65914
1.6573
1.66102
1.66854
1.67565
1.67817
1.67388
1.66275
1.64611
1.62616
1.60575
1.58784
1.57473
1.56814
1.56969
1.58032
1.59901
1.62247
1.64659
1.66797
1.6846
1.69573
1.70155
1.70287
1.70073
1.69612
1.68967
1.68153
1.67147
1.65917
1.64472
1.62915
1.61462
1.60434
1.60174
1.60915
1.62665
1.65189
1.68081
1.70909
1.73314
1.75064
1.76062
1.76309
1.75882
1.74914
1.73583
1.72103
1.70701
1.69597
1.6897
1.68924
1.69447
1.70393
1.71512
1.72526
1.73201
1.7343
1.7326
1.72893
1.72609
1.72644
1.73076
1.73787
1.74519
1.74994
1.75034
1.74613
1.73836
1.72867
1.7182
1.70706
1.69459
1.68068
1.66729
1.65803
1.65522
1.65672
1.6568
1.65028
1.63543
1.61383
1.58913
1.56569
1.54735
1.53665
1.53461
1.54084
1.55386
1.57137
1.59052
1.6086
1.62371
1.63517
1.64356
1.65021
1.65665
1.66394
1.67227
1.68102
1.68914
1.69547
1.69904
1.69912
1.69522
1.68678
1.67309
1.65374
1.62961
1.60388
1.58174
1.56855
1.56711
1.57613
1.59163
1.60969
1.62811
1.6464
1.66453
1.68186
1.69699
1.70827
1.71453
1.71522
1.71011
1.69903
1.68169
1.65821
1.63009
1.60136
1.57832
1.5668
1.56854
1.5806
1.59836
1.61805
1.63749
1.65565
1.67236
1.68791
1.70275
1.71718
1.73083
1.74238
1.74968
1.75053
1.7435
1.72824
1.70539
1.67649
1.64405
1.61149
1.58286
1.56218
1.55254
1.55528
1.56941
1.59182
1.61796
1.64318
1.66377
1.67771
1.68474
1.68611
1.6839
1.67982
1.67414
1.66552
1.65235
1.63474
1.61535
1.59845
1.58785
1.58533
1.59022
1.59948
1.60854
1.61336
1.61226
1.60672
1.60053
1.59804
1.60238
1.61471
1.63443
1.65988
1.6889
1.71909
1.74791
1.77268
1.79115
1.80215
1.80586
1.80347
1.79658
1.78657
1.77451
1.76148
1.74879
1.73807
1.73103
1.72871
1.73107
1.73671
1.74329
1.74838
1.75024
1.74817
1.7424
1.73414
1.72552
1.71889
1.71544
1.7146
1.71491
1.71539
1.71595
1.71647
1.71576
1.7116
1.7021
1.68716
1.66911
1.65223
1.64145
1.64019
1.64883
1.66448
1.68253
1.69853
1.70944
1.71394
1.71205
1.70468
1.69306
1.67814
1.66036
1.63982
1.61691
1.59312
1.57133
1.55542
1.54894
1.55346
1.56735
1.58602
1.60373
1.61587
1.62078
1.62034
1.61875
1.62003
1.62601
1.63615
1.64868
1.66147
1.67232
1.67937
1.68173
1.67947
1.673
1.66258
1.64847
1.63142
1.61286
1.59437
1.57707
1.56146
1.54793
1.53762
1.53246
1.53462
1.54501
1.56243
1.58436
1.60894
1.63652
1.66892
1.70638
1.74521
1.77898
1.80171
1.80996
1.80307
1.78243
1.75084
1.71199
1.67013
1.62992
1.59636
1.57444
1.5679
1.57747
1.59998
1.62937
1.6591
1.68396
1.7011
1.70985
1.71103
1.70616
1.6966
1.68338
1.66747
1.65007
1.6326
1.61633
1.60237
1.59165
1.58458
1.58083
1.57942
1.57908
1.57841
1.57576
1.56958
1.55905
1.5447
1.52854
1.51349
1.50264
1.49831
1.50122
1.5102
1.52293
1.53736
1.55279
1.56999
1.59037
1.61489
1.64334
1.67408
1.70435
1.7309
1.75053
1.76051
1.75892
1.74545
1.72287
1.69783
1.67863
1.67007
1.67099
1.67734
1.68577
1.69428
1.70143
1.70601
1.707
1.70397
1.69727
1.68838
1.67962
1.67345
1.67138
1.67336
1.67827
1.6847
1.69142
1.69729
1.70123
1.70265
1.70231
1.70248
1.70616
1.71562
1.73127
1.75153
1.77376
1.79553
1.81559
1.83379
1.85043
1.86523
1.8768
1.88271
1.88018
1.86671
1.84056
1.80112
1.74936
1.6884
1.62405
1.56415
1.51671
1.48748
1.4784
1.48717
1.50815
1.53485
1.56294
1.59142
1.62103
1.65193
1.6825
1.70977
1.73094
1.74453
1.75052
1.74966
1.74275
1.73047
1.71375
1.69416
1.67359
1.65371
1.63537
1.61842
1.60204
1.58524
1.56726
1.54808
1.52821
1.50829
1.48875
1.47028
1.45455
1.44395
1.44016
1.44292
1.45074
1.46256
1.4784
1.49791
1.51939
1.54125
1.56361
1.58718
1.61105
1.63282
1.65084
1.66537
1.67771
1.6884
1.69685
1.70201
1.7037
1.70332
1.70369
1.70789
1.71779
1.73349
1.75364
1.77598
1.79779
1.81589
1.82715
1.82949
1.82272
1.80861
1.79042
1.77183
1.75579
1.74389
1.73617
1.7316
1.72922
1.72917
1.73286
1.74164
1.75521
1.77118
1.78613
1.7972
1.803
1.80338
1.79861
1.78889
1.77456
1.75715
1.73981
1.72618
1.71818
1.71522
1.71554
1.71765
1.7206
1.7233
1.72424
1.72173
1.71473
1.70364
1.69086
1.68024
1.67514
1.67612
1.68065
1.68569
1.69037
1.69615
1.7044
1.7145
1.72407
1.73074
1.73376
1.73429
1.73479
1.73769
1.74409
1.75347
1.76449
1.77598
1.78729
1.79817
1.80842
1.81757
1.8248
1.82894
1.82848
1.8217
1.80717
1.78469
1.75661
1.72829
1.70563
1.69039
1.6792
1.66759
1.65399
1.63974
1.62734
1.61877
1.61496
1.6159
1.6209
1.62891
1.63862
1.64859
1.65739
1.66363
1.6658
1.66248
1.65294
1.63752
1.61732
1.59363
1.56805
1.54346
1.52442
1.51601
1.52136
1.53936
1.56462
1.58999
1.60974
1.62169
1.62738
1.6306
1.63446
1.63884
1.64075
1.63768
1.63028
1.62217
1.61739
1.61798
1.62342
1.63148
1.63965
1.6462
1.65048
1.65238
1.65169
1.64763
1.63905
1.6249
1.60494
1.58032
1.55379
1.52909
1.50947
1.49597
1.48741
1.48213
1.48009
