1.09917
1.09625
1.09109
1.08342
1.07289
1.05902
1.04125
1.01891
0.991294
0.95779
0.918002
0.871946
0.820259
0.76441
0.706719
0.65019
0.598095
0.553378
0.518178
0.493528
0.479322
0.474448
0.477111
0.485168
0.496476
0.509169
0.521826
0.533511
0.543769
0.552532
0.559979
0.566369
0.571908
0.576699
0.580701
0.583794
0.585888
0.587024
0.587396
0.587334
0.587233
0.587458
0.588261
0.589798
0.592095
0.595025
0.59833
0.60162
0.604497
0.606632
1.09872
1.09114
1.07783
1.0599
1.03874
1.01597
0.993364
0.972661
0.955385
0.942433
0.933843
0.928896
0.926425
0.925237
0.924358
0.923185
0.921591
0.919785
0.917847
0.915336
0.911444
0.905515
0.897508
0.887982
0.877916
0.868603
0.861556
0.858226
0.859506
0.8654
0.875069
0.887195
0.900393
0.913498
0.925635
0.936126
0.944383
0.949836
0.951949
0.950357
0.945026
0.936361
0.925197
0.912632
0.899798
0.887718
0.877151
0.868557
0.862082
0.857532
1.09483
1.08716
1.07662
1.06304
1.0468
1.02894
1.0112
0.99566
0.984352
0.978714
0.979406
0.986343
0.998757
1.01512
1.0332
1.05034
1.06408
1.0726
1.07509
1.07175
1.06367
1.05252
1.04031
1.02898
1.02015
1.01485
1.01327
1.01466
1.01765
1.02066
1.02242
1.02218
1.01978
1.01573
1.01125
1.00806
1.00776
1.01117
1.01788
1.02644
1.03497
1.04173
1.0456
1.04636
1.04483
1.04264
1.04142
1.04189
1.04344
1.04439
1.09727
1.09043
1.07988
1.067
1.05359
1.04144
1.03193
1.02584
1.02325
1.02378
1.02686
1.03175
1.03769
1.04394
1.04997
1.05548
1.06036
1.06448
1.06772
1.06982
1.07053
1.06951
1.0664
1.06088
1.05275
1.04211
1.02946
1.01603
1.00381
0.995178
0.992173
0.995584
1.00442
1.0163
1.02843
1.03862
1.04583
1.05012
1.05228
1.0533
1.054
1.05476
1.05563
1.05641
1.05687
1.05679
1.05603
1.05466
1.05304
1.05186
1.09916
1.09971
1.10205
1.10604
1.11115
1.11666
1.12177
1.12572
1.12789
1.12809
1.12672
1.12463
1.12261
1.12076
1.11864
1.11576
1.11196
1.10732
1.10181
1.09507
1.08669
1.07666
1.06566
1.05506
1.04635
1.04038
1.03696
1.03499
1.03305
1.03009
1.02578
1.0205
1.01517
1.01088
1.0085
1.00842
1.01065
1.015
1.02126
1.02919
1.03852
1.04878
1.05923
1.06897
1.07706
1.08285
1.08617
1.08736
1.08725
1.08693
1.0999
1.10146
1.10493
1.10981
1.1152
1.1201
1.12373
1.12552
1.12513
1.12249
1.11796
1.11243
1.10711
1.10329
1.10208
1.10404
1.10864
1.11394
1.1171
1.11554
1.10806
1.09532
1.07967
1.06457
1.05402
1.05146
1.05844
1.07358
1.09317
1.11289
1.12949
1.1413
1.14809
1.15065
1.15046
1.14934
1.14891
1.14987
1.15157
1.15235
1.15035
1.14461
1.1355
1.12452
1.11376
1.1052
1.10036
1.1001
1.10464
1.11347
1.11099
1.12424
1.13745
1.14869
1.15605
1.15798
1.15367
1.14343
1.12867
1.11155
1.09436
1.07898
1.0668
1.05871
1.05518
1.05618
1.06119
1.06922
1.07884
1.08831
1.09593
1.10045
1.1012
1.09799
1.09068
1.07891
1.06255
1.04262
1.02191
1.00458
0.994584
0.993708
1.00073
1.01244
1.0252
1.03581
1.04187
1.0422
1.03748
1.03045
1.02508
1.02454
1.02968
1.03941
1.05194
1.06552
1.07846
1.08895
1.09544
1.09705
1.09599
1.08904
1.08164
1.07585
1.07239
1.07051
1.06885
1.06667
1.06421
1.06245
1.06254
1.06516
1.07041
1.07798
1.0872
1.09692
1.10545
1.1108
1.11133
1.10641
1.09649
1.08306
1.06822
1.05418
1.04265
1.03447
1.02957
1.02742
1.02747
1.02923
1.03205
1.03482
1.03606
1.03477
1.03102
1.02606
1.0216
1.01916
1.01962
1.023
1.02857
1.03518
1.04171
1.04741
1.05191
1.05506
1.05672
1.05681
1.05541
1.05292
1.09644
1.09298
1.09097
1.09165
1.09628
1.1057
1.11987
1.13764
1.15705
1.17594
1.19247
1.20522
1.21332
1.21638
1.21448
1.20812
1.19804
1.18498
1.16959
1.15277
1.13596
1.12112
1.11
1.10335
1.10062
1.10049
1.10176
1.10375
1.10624
1.10921
1.11261
1.11626
1.11971
1.12228
1.12339
1.1229
1.12145
1.12025
1.12019
1.12101
1.12108
1.11828
1.11134
1.10074
1.08865
1.07794
1.07086
1.06802
1.06844
1.07045
1.10144
1.10362
1.10823
1.11695
1.13
1.14558
1.16052
1.17176
1.1774
1.17698
1.17099
1.16063
1.14775
1.1345
1.12238
1.1114
1.10067
1.08995
1.08051
1.0746
1.07416
1.07998
1.09172
1.10819
1.12746
1.147
1.164
1.17595
1.18119
1.17923
1.17088
1.15797
1.14296
1.12843
1.11657
1.10883
1.10582
1.10729
1.11245
1.12023
1.12951
1.13915
1.14795
1.15473
1.15848
1.15859
1.15516
1.14917
1.14259
1.13804
1.10023
1.10743
1.12161
1.1406
1.16105
1.17963
1.19384
1.20219
1.20405
1.19954
1.18932
1.17445
1.15625
1.13625
1.11621
1.09796
1.08302
1.07228
1.06604
1.06448
1.0677
1.07548
1.08653
1.09825
1.10727
1.11025
1.10514
1.09226
1.07522
1.06015
1.05259
1.05414
1.06233
1.07306
1.08291
1.08992
1.09337
1.09332
1.09025
1.08488
1.07817
1.0711
1.06455
1.05927
1.05602
1.05561
1.05845
1.06391
1.07032
1.07595
1.10304
1.1056
1.1084
1.11121
1.11249
1.11031
1.10353
1.09253
1.07913
1.06571
1.05411
1.04532
1.04002
1.03897
1.04298
1.05221
1.06565
1.08107
1.09585
1.10795
1.11636
1.12101
1.12211
1.11971
1.11344
1.10282
1.08792
1.07005
1.05211
1.03811
1.03148
1.03309
1.04075
1.05063
1.05916
1.0642
1.06499
1.06169
1.05486
1.04531
1.0342
1.02324
1.01454
1.01032
1.01265
1.0229
1.04085
1.06397
1.08826
1.11001
1.11529
1.12773
1.13785
1.14697
1.15555
1.1631
1.16867
1.17126
1.17024
1.16539
1.15703
1.14593
1.13325
1.12025
1.108
1.09716
1.08806
1.0808
1.07551
1.07244
1.0718
1.07352
1.07672
1.07961
1.08016
1.0771
1.07054
1.06151
1.05124
1.04067
1.03055
1.02186
1.01585
1.01359
1.01542
1.02076
1.0287
1.03839
1.04905
1.05962
1.06861
1.07454
1.0769
1.07671
1.07632
1.07821
1.08354
1.09147
1.10001
1.10743
1.11318
1.11782
1.12231
1.12722
1.13215
1.1357
1.13596
1.1314
1.12154
1.10732
1.09065
1.07369
1.05801
1.04448
1.03361
1.02613
1.02325
1.02624
1.03565
1.05061
1.06898
1.0881
1.10566
1.11999
1.13001
1.13498
1.13459
1.12914
1.11957
1.10704
1.09253
1.07691
1.06133
1.04725
1.03602
1.02802
1.02244
1.0178
1.0133
1.00973
1.0088
1.01119
1.01576
1.0205
1.02375
1.02469
1.02346
1.02087
1.01823
1.01692
1.01795
1.02164
1.02751
1.03445
1.041
1.04558
1.04688
1.04411
1.03712
1.02652
1.01364
1.00038
0.988783
0.980482
0.976251
0.975889
0.978596
0.983684
0.990996
1.00056
1.01175
1.02299
1.03255
1.0397
1.04485
1.04875
1.0517
1.05372
1.05544
1.05819
1.06275
1.0686
1.07467
1.08035
1.08539
1.08915
1.09019
1.08675
1.07783
1.06423
1.04896
1.03654
1.03124
1.0352
1.04789
1.06687
1.08884
1.11044
1.12861
1.14075
1.14498
1.1403
1.127
1.10699
1.08391
1.06296
1.04954
1.04725
1.05609
1.0728
1.09275
1.11202
1.12825
1.1408
1.15026
1.15777
1.16433
1.17046
1.17634
1.18195
1.18706
1.19115
1.19329
1.19241
1.18776
1.17924
1.16749
1.15387
1.14005
1.12742
1.11676
1.10828
1.10217
1.09891
1.09923
1.10353
1.11125
1.12069
1.12942
1.13494
1.13536
1.12988
1.11907
1.10462
1.08882
1.07384
1.0613
1.05233
1.04782
1.0485
1.05461
1.06543
1.07923
1.09371
1.10686
1.11769
1.12636
1.13377
1.1407
1.14717
1.15239
1.15522
1.15498
1.15192
1.14713
1.14178
1.13632
1.1303
1.12303
1.1144
1.10497
1.09549
1.08634
1.07744
1.06875
1.06082
1.05524
1.05405
1.05831
1.0671
1.07802
1.08857
1.09728
1.10368
1.10794
1.11038
1.11151
1.11213
1.11321
1.1155
1.11914
1.12364
1.12823
1.13244
1.13637
1.14065
1.14599
1.15271
1.16068
1.16953
1.17896
1.18852
1.19743
1.20455
1.20878
1.2096
1.20724
1.20247
1.1962
1.18902
1.18093
1.17143
1.15991
1.14619
1.13085
1.11515
1.10078
1.08955
1.08309
1.08248
1.08804
1.09918
1.11429
1.1309
1.14614
1.15746
1.16325
1.1631
1.15754
1.14778
1.13537
1.12185
1.10862
1.09667
1.08645
1.07799
1.07095
1.06494
1.05957
1.05467
1.05024
1.04654
1.04414
1.04375
1.04605
1.0513
1.05902
1.0681
1.07735
1.08615
1.0948
1.10409
1.11488
1.12752
1.14145
1.15508
1.16587
1.17107
1.16854
1.15748
1.1387
1.1146
1.08891
1.06629
1.05148
1.04783
1.05589
1.07293
1.09424
1.11518
1.13235
1.14385
1.14905
1.14832
1.14269
1.13371
1.12313
1.11269
1.10388
1.09756
1.0936
1.09086
1.08768
1.08251
1.07443
1.06332
1.04992
1.0359
1.02333
1.01332
1.00527
0.998316
0.993324
0.992979
0.999569
1.01298
1.03085
1.05036
1.0697
1.08821
1.10585
1.12243
1.13746
1.15037
1.16081
1.16878
1.17443
1.17797
1.17968
1.17995
1.17922
1.17794
1.17625
1.1739
1.17042
1.16563
1.16001
1.15469
1.15092
1.14937
1.14966
1.1503
1.1492
1.1444
1.13465
1.11973
1.10054
1.07901
1.05778
1.03973
1.02738
1.0224
1.02541
1.03599
1.05299
1.07475
1.09923
1.12414
1.14704
1.16553
1.17759
1.18196
1.17841
1.16786
1.15242
1.13512
1.1194
1.10821
1.10316
1.10422
1.11007
1.11893
1.12949
1.14136
1.15501
1.17114
1.18993
1.21051
1.23104
1.24923
1.26291
1.27045
1.27081
1.26361
1.24912
1.22843
1.20368
1.17806
1.15524
1.13815
1.12761
1.12203
1.11849
1.11466
1.11005
1.10609
1.10487
1.10735
1.11236
1.1171
1.11878
1.11592
1.1085
1.09741
1.08411
1.0705
1.05856
1.04982
1.04543
1.04646
1.05355
1.066
1.08165
1.09773
1.11198
1.12307
1.13049
1.13437
1.13524
1.13382
1.13075
1.12644
1.12102
1.11432
1.10611
1.09648
1.0861
1.07641
1.06956
1.06783
1.07277
1.08444
1.10126
1.12054
1.13939
1.15542
1.16709
1.17374
1.1754
1.17255
1.16609
1.15722
1.14735
1.13801
1.13065
1.12647
1.12616
1.12964
1.13595
1.14342
1.15017
1.15468
1.1562
1.15507
1.15262
1.15072
1.15096
1.15384
1.15858
1.16346
1.16662
1.16689
1.16409
1.15891
1.15244
1.14547
1.13804
1.12972
1.12046
1.11153
1.10535
1.10348
1.10448
1.10454
1.10019
1.09029
1.07589
1.05942
1.04379
1.03157
1.02444
1.02308
1.02723
1.03591
1.04758
1.06035
1.0724
1.08247
1.09012
1.09571
1.10014
1.10443
1.10929
1.11484
1.12068
1.12609
1.13031
1.13269
1.13275
1.13015
1.12452
1.1154
1.10249
1.0864
1.06925
1.05449
1.0457
1.04474
1.05075
1.06109
1.07313
1.08541
1.0976
1.10968
1.12124
1.13132
1.13885
1.14302
1.14348
1.14008
1.13269
1.12113
1.10547
1.08673
1.06757
1.05222
1.04453
1.04569
1.05374
1.06557
1.0787
1.09166
1.10377
1.1149
1.12527
1.13517
1.14478
1.15389
1.16159
1.16645
1.16702
1.16233
1.15216
1.13692
1.11766
1.09603
1.07433
1.05524
1.04145
1.03503
1.03685
1.04628
1.06121
1.07864
1.09546
1.10918
1.11847
1.12316
1.12408
1.1226
1.11988
1.11609
1.11034
1.10157
1.08983
1.0769
1.06564
1.05857
1.05688
1.06014
1.06632
1.07236
1.07557
1.07484
1.07115
1.06702
1.06536
1.06826
1.07647
1.08962
1.10659
1.12593
1.14606
1.16527
1.18179
1.1941
1.20144
1.2039
1.20232
1.19772
1.19105
1.18301
1.17432
1.16586
1.15871
1.15402
1.15247
1.15405
1.15781
1.16219
1.16559
1.16683
1.16545
1.1616
1.15609
1.15034
1.14593
1.14363
1.14307
1.14327
1.14359
1.14396
1.14432
1.14384
1.14107
1.13473
1.12477
1.11274
1.10149
1.0943
1.09346
1.09922
1.10965
1.12169
1.13235
1.13963
1.14263
1.14137
1.13645
1.12871
1.11876
1.10691
1.09321
1.07794
1.06208
1.04755
1.03694
1.03262
1.03564
1.0449
1.05735
1.06915
1.07725
1.08052
1.08023
1.07917
1.08002
1.08401
1.09077
1.09912
1.10765
1.11488
1.11958
1.12115
1.11965
1.11534
1.10839
1.09898
1.08762
1.07524
1.06291
1.05138
1.04097
1.03195
1.02508
1.02164
1.02308
1.03001
1.04162
1.05624
1.07263
1.09101
1.11261
1.13759
1.16347
1.18599
1.20114
1.20664
1.20205
1.18828
1.16722
1.14132
1.11342
1.08661
1.06424
1.04963
1.04527
1.05165
1.06665
1.08625
1.10607
1.12264
1.13407
1.1399
1.14069
1.13744
1.13106
1.12225
1.11164
1.10005
1.0884
1.07755
1.06825
1.0611
1.05638
1.05389
1.05295
1.05272
1.05227
1.05051
1.04639
1.03936
1.0298
1.01903
1.009
1.00176
0.998876
1.00082
1.0068
1.01528
1.0249
1.03519
1.04666
1.06025
1.0766
1.09556
1.11605
1.13623
1.15393
1.16702
1.17368
1.17261
1.16363
1.14858
1.13188
1.11909
1.11338
1.114
1.11823
1.12385
1.12952
1.13429
1.13734
1.138
1.13598
1.13152
1.12559
1.11974
1.11563
1.11425
1.11557
1.11885
1.12313
1.12761
1.13153
1.13415
1.1351
1.13487
1.13499
1.13744
1.14375
1.15418
1.16769
1.18251
1.19702
1.21039
1.22253
1.23362
1.24349
1.2512
1.25514
1.25345
1.24447
1.22704
1.20075
1.16624
1.1256
1.0827
1.04277
1.01114
0.991652
0.985597
0.991447
1.00544
1.02323
1.04196
1.06095
1.08069
1.10129
1.12167
1.13985
1.15396
1.16302
1.16702
1.16644
1.16183
1.15364
1.1425
1.12944
1.11573
1.10247
1.09024
1.07895
1.06803
1.05682
1.04484
1.03205
1.01881
1.00552
0.9925
0.980189
0.969703
0.962633
0.960105
0.961948
0.967159
0.97504
0.985602
0.998608
1.01292
1.0275
1.04241
1.05812
1.07403
1.08855
1.10056
1.11025
1.11847
1.1256
1.13123
1.13467
1.1358
1.13554
1.1358
1.13859
1.14519
1.15566
1.16909
1.18399
1.19853
1.2106
1.2181
1.21966
1.21514
1.20574
1.19362
1.18122
1.17053
1.1626
1.15745
1.1544
1.15281
1.15278
1.15524
1.16109
1.17014
1.18079
1.19075
1.19813
1.202
1.20225
1.19907
1.19259
1.18304
1.17143
1.15987
1.15078
1.14545
1.14348
1.14369
1.1451
1.14706
1.14887
1.14949
1.14782
1.14315
1.13576
1.12724
1.12016
1.11676
1.11741
1.12043
1.12379
1.12692
1.13077
1.13626
1.143
1.14938
1.15383
1.15584
1.15619
1.15653
1.15846
1.16273
1.16898
1.17633
1.18398
1.19152
1.19878
1.20561
1.21172
1.21654
1.2193
1.21898
1.21446
1.20478
1.1898
1.17107
1.15219
1.13709
1.12693
1.11947
1.11173
1.10266
1.09316
1.08489
1.07918
1.07664
1.07727
1.0806
1.08594
1.09242
1.09906
1.10492
1.10908
1.11053
1.10832
1.10196
1.09168
1.07821
1.06242
1.04537
1.02897
1.01628
1.01067
1.01424
1.02624
1.04308
1.05999
1.07316
1.08113
1.08492
1.08707
1.08964
1.09256
1.09384
1.09178
1.08685
1.08145
1.07826
1.07865
1.08228
1.08765
1.0931
1.09747
1.10032
1.10159
1.10113
1.09842
1.0927
1.08326
1.06996
1.05354
1.03586
1.0194
1.00631
0.997315
0.991604
0.988084
0.986728
