-3.51423
-3.51366
-3.51301
-3.51103
-3.50662
-3.50032
-3.49541
-3.49054
-3.48635
-3.48418
-3.4817
-3.47944
-3.47961
-3.48145
-3.48423
-3.48795
-3.49236
-3.49649
-3.50009
-3.50252
-3.50511
-3.50564
-3.50515
-3.50531
-3.50479
-3.50391
-3.50343
-3.50209
-3.50232
-3.50212
-3.50106
-3.50054
-3.50031
-3.49973
-3.49924
-3.49895
-3.49811
-3.49782
-3.49822
-3.49825
-3.49942
-3.49974
-3.50046
-3.50188
-3.50331
-3.50326
-3.50351
-3.50381
-3.50344
-3.50281
-2.16956
-2.16558
-2.16382
-2.16172
-2.16038
-2.16025
-2.16098
-2.16334
-2.1644
-2.16745
-2.1693
-2.16984
-2.16829
-2.16791
-2.16727
-2.16781
-2.1667
-2.16624
-2.16598
-2.16808
-2.1688
-2.16802
-2.16644
-2.16504
-2.16373
-2.16102
-2.16189
-2.16193
-2.163
-2.16336
-2.16201
-2.16163
-2.16162
-2.16148
-2.16296
-2.16345
-2.16451
-2.16542
-2.16666
-2.16727
-2.16764
-2.1675
-2.16562
-2.16439
-2.16378
-2.16206
-2.16198
-2.16201
-2.16158
-2.16187
-1.73863
-1.73724
-1.73847
-1.74001
-1.74168
-1.74439
-1.74645
-1.74655
-1.74573
-1.74442
-1.74413
-1.7424
-1.74203
-1.73987
-1.73864
-1.7383
-1.7373
-1.73724
-1.73635
-1.73544
-1.73492
-1.73577
-1.73708
-1.7384
-1.74011
-1.74181
-1.74307
-1.74419
-1.74453
-1.74595
-1.74515
-1.74561
-1.74455
-1.74428
-1.74292
-1.7408
-1.73897
-1.73788
-1.73379
-1.73032
-1.72793
-1.72652
-1.72717
-1.72852
-1.73102
-1.73485
-1.73929
-1.74298
-1.7446
-1.74521
-1.3384
-1.33895
-1.33721
-1.33704
-1.33755
-1.33649
-1.33786
-1.33857
-1.33848
-1.3392
-1.33803
-1.33694
-1.33581
-1.33566
-1.33598
-1.33808
-1.34025
-1.34262
-1.34502
-1.34766
-1.34836
-1.34798
-1.3471
-1.34809
-1.34567
-1.34401
-1.34307
-1.34073
-1.33757
-1.33733
-1.3364
-1.33758
-1.33843
-1.33929
-1.3395
-1.33934
-1.33969
-1.33845
-1.33908
-1.34223
-1.3463
-1.34946
-1.34945
-1.34647
-1.34335
-1.33921
-1.33689
-1.33768
-1.3405
-1.34269
-1.42683
-1.42868
-1.42878
-1.42878
-1.42648
-1.42437
-1.42226
-1.41919
-1.41805
-1.41825
-1.41818
-1.41993
-1.42349
-1.42407
-1.42587
-1.42678
-1.42752
-1.42747
-1.42575
-1.42493
-1.42297
-1.42213
-1.42105
-1.42226
-1.42471
-1.42806
-1.429
-1.42868
-1.42703
-1.42423
-1.42122
-1.4201
-1.4203
-1.42145
-1.42272
-1.42501
-1.4243
-1.42469
-1.42447
-1.4243
-1.42328
-1.4217
-1.41844
-1.41772
-1.41622
-1.41657
-1.41796
-1.41743
-1.41951
-1.42097
-1.35678
-1.35579
-1.35566
-1.35635
-1.35753
-1.35997
-1.36294
-1.3638
-1.3638
-1.36272
-1.36293
-1.36269
-1.36291
-1.36249
-1.36337
-1.36283
-1.36172
-1.36054
-1.35834
-1.35547
-1.35214
-1.35132
-1.35037
-1.35037
-1.35155
-1.35607
-1.35765
-1.35964
-1.35744
-1.35433
-1.35329
-1.35408
-1.35344
-1.35427
-1.356
-1.35772
-1.35753
-1.35697
-1.35563
-1.35525
-1.35695
-1.35861
-1.36148
-1.36373
-1.36494
-1.36604
-1.36329
-1.36098
-1.35687
-1.35527
-1.53981
-1.5423
-1.54035
-1.53866
-1.5387
-1.54155
-1.5457
-1.54759
-1.54868
-1.54803
-1.54546
-1.54241
-1.53836
-1.53567
-1.53433
-1.532
-1.5303
-1.5319
-1.53397
-1.53559
-1.53692
-1.53877
-1.53825
-1.53837
-1.53791
-1.53852
-1.53807
-1.53904
-1.54111
-1.53977
-1.53937
-1.53964
-1.53964
-1.54017
-1.53924
-1.53854
-1.53894
-1.53878
-1.53909
-1.5389
-1.53887
-1.53826
-1.53678
-1.53483
-1.53608
-1.5362
-1.53553
-1.53691
-1.53531
-1.53391
-1.38663
-1.3848
-1.38555
-1.38633
-1.38859
-1.39133
-1.39322
-1.39559
-1.39632
-1.39603
-1.39661
-1.39772
-1.39707
-1.39551
-1.39699
-1.39645
-1.39724
-1.39728
-1.39675
-1.39455
-1.39377
-1.39216
-1.39365
-1.39611
-1.39719
-1.399
-1.39848
-1.39788
-1.39729
-1.3971
-1.39709
-1.39561
-1.3947
-1.3944
-1.39389
-1.39304
-1.39123
-1.3914
-1.3909
-1.39109
-1.39111
-1.39181
-1.39411
-1.39764
-1.39888
-1.39982
-1.3993
-1.39589
-1.39347
-1.3924
-1.62086
-1.62031
-1.61809
-1.6174
-1.61599
-1.61466
-1.61523
-1.61641
-1.61834
-1.62034
-1.62146
-1.62205
-1.62233
-1.62111
-1.62174
-1.61997
-1.62001
-1.6196
-1.62084
-1.62311
-1.62289
-1.622
-1.62215
-1.62161
-1.62152
-1.62076
-1.61985
-1.61796
-1.61631
-1.6149
-1.61418
-1.61446
-1.61636
-1.61724
-1.61536
-1.61499
-1.61474
-1.61535
-1.6168
-1.61806
-1.6203
-1.62192
-1.62087
-1.62108
-1.62075
-1.6195
-1.61769
-1.61731
-1.61749
-1.61802
-1.69383
-1.69508
-1.69763
-1.69945
-1.70003
-1.70083
-1.70153
-1.70049
-1.69826
-1.6972
-1.69545
-1.6939
-1.69506
-1.69593
-1.69769
-1.69784
-1.69884
-1.69815
-1.69804
-1.69743
-1.69702
-1.69733
-1.69833
-1.70062
-1.70157
-1.70129
-1.69991
-1.69974
-1.69956
-1.70051
-1.70023
-1.70024
-1.70003
-1.69884
-1.69746
-1.69683
-1.69692
-1.69734
-1.69669
-1.69688
-1.69741
-1.69762
-1.69759
-1.69841
-1.6975
-1.69684
-1.69756
-1.69686
-1.69632
-1.69709
-1.63968
-1.63985
-1.63848
-1.63754
-1.63573
-1.63485
-1.63461
-1.63577
-1.63719
-1.6378
-1.63997
-1.64209
-1.64453
-1.64533
-1.64374
-1.64409
-1.64494
-1.64482
-1.64384
-1.64412
-1.64268
-1.64225
-1.64022
-1.63919
-1.639
-1.63883
-1.64057
-1.64279
-1.64377
-1.64424
-1.64395
-1.64129
-1.64011
-1.64203
-1.64275
-1.64573
-1.64889
-1.65002
-1.65108
-1.65135
-1.65135
-1.65146
-1.65013
-1.64982
-1.65016
-1.65094
-1.65102
-1.65115
-1.65028
-1.64815
-1.63968
-1.63985
-1.63848
-1.63754
-1.63573
-1.63485
-1.63461
-1.63577
-1.63719
-1.6378
-1.63997
-1.64209
-1.64453
-1.64533
-1.64374
-1.64409
-1.64494
-1.64482
-1.64384
-1.64412
-1.64268
-1.64225
-1.64022
-1.63919
-1.639
-1.63883
-1.64057
-1.64279
-1.64377
-1.64424
-1.64395
-1.64129
-1.64011
-1.64203
-1.64275
-1.64573
-1.64889
-1.65002
-1.65108
-1.65135
-1.65135
-1.65146
-1.65013
-1.64982
-1.65016
-1.65094
-1.65102
-1.65115
-1.65028
-1.64815
-1.64497
-1.64247
-1.64048
-1.64135
-1.64427
-1.64893
-1.65156
-1.65127
-1.65044
-1.64951
-1.64964
-1.65142
-1.65352
-1.65486
-1.65448
-1.65351
-1.65264
-1.65091
-1.6497
-1.6482
-1.64606
-1.64504
-1.64417
-1.64448
-1.6455
-1.64779
-1.64888
-1.6496
-1.64723
-1.6451
-1.64438
-1.64491
-1.64758
-1.651
-1.6521
-1.6511
-1.65073
-1.64873
-1.64693
-1.64566
-1.64501
-1.64605
-1.64894
-1.64981
-1.65123
-1.65277
-1.6513
-1.6518
-1.65084
-1.65044
