0.872442
0.870046
0.86586
0.859674
0.851195
0.840059
0.825801
0.807889
0.785767
0.758936
0.727082
0.690218
0.648852
0.604161
0.557999
0.512769
0.471088
0.435312
0.407151
0.387431
0.376069
0.372174
0.374312
0.38077
0.389833
0.400013
0.410174
0.419568
0.427835
0.434922
0.440977
0.446209
0.450786
0.454793
0.458202
0.460919
0.462879
0.464118
0.464797
0.465186
0.465609
0.466364
0.46766
0.469625
0.472284
0.475533
0.47916
0.48284
0.486239
0.48907
0.884407
0.879921
0.870819
0.857941
0.842358
0.825322
0.808201
0.792369
0.779025
0.76888
0.761968
0.757731
0.755256
0.753618
0.752069
0.750161
0.747826
0.745262
0.742561
0.739397
0.735144
0.729297
0.721834
0.713216
0.704233
0.695924
0.689504
0.686132
0.686524
0.69068
0.697925
0.707202
0.717396
0.72757
0.737021
0.745199
0.75163
0.755854
0.757438
0.756088
0.751776
0.744824
0.7359
0.725885
0.715684
0.706119
0.697799
0.691095
0.686128
0.682747
0.872982
0.867264
0.859329
0.849045
0.836717
0.823193
0.809869
0.798432
0.790508
0.787256
0.78921
0.796302
0.807913
0.822808
0.839176
0.854872
0.867868
0.876663
0.880546
0.87961
0.874634
0.866901
0.857933
0.849235
0.842071
0.837263
0.834958
0.834612
0.835176
0.835465
0.834545
0.831906
0.827493
0.82179
0.815835
0.81104
0.808742
0.809607
0.813319
0.81873
0.824327
0.828721
0.830987
0.830939
0.829227
0.827122
0.82591
0.826159
0.827343
0.82812
0.870501
0.865129
0.856817
0.846648
0.836061
0.826481
0.819015
0.814277
0.812325
0.81287
0.815437
0.819449
0.824287
0.829361
0.834252
0.838722
0.842674
0.84602
0.848647
0.850369
0.850976
0.850197
0.847746
0.843377
0.836931
0.828474
0.818422
0.807759
0.798069
0.791254
0.78895
0.791784
0.798962
0.808575
0.818386
0.826645
0.832514
0.836038
0.837851
0.838749
0.839377
0.840051
0.840795
0.841468
0.841876
0.841838
0.841249
0.840156
0.838864
0.83791
0.875734
0.876145
0.877981
0.881131
0.885175
0.889529
0.89357
0.89667
0.89835
0.898454
0.897296
0.895567
0.893887
0.892346
0.890592
0.888223
0.885119
0.881341
0.87686
0.871396
0.864617
0.856503
0.847617
0.839047
0.831976
0.827101
0.824264
0.822581
0.82093
0.818467
0.814926
0.810618
0.806284
0.802797
0.800846
0.800756
0.802524
0.806005
0.811026
0.817401
0.824906
0.833162
0.841587
0.849443
0.855993
0.860712
0.863448
0.864494
0.864493
0.864331
0.874796
0.876128
0.87898
0.88296
0.887333
0.891309
0.894256
0.895731
0.895451
0.893356
0.889747
0.885331
0.881072
0.878005
0.877023
0.878571
0.882225
0.886434
0.888932
0.88765
0.881627
0.871402
0.858843
0.846734
0.838258
0.836184
0.841746
0.853844
0.869502
0.885272
0.898547
0.908001
0.913434
0.915486
0.915329
0.914417
0.914048
0.91478
0.916095
0.91665
0.914979
0.910311
0.902933
0.894061
0.885361
0.878426
0.874461
0.874175
0.877735
0.884729
0.882678
0.89323
0.903767
0.912737
0.918618
0.920167
0.916749
0.908598
0.896846
0.883224
0.869553
0.857356
0.847735
0.841388
0.838701
0.839645
0.843805
0.850386
0.858229
0.865953
0.872199
0.875952
0.876685
0.874244
0.868515
0.859209
0.846224
0.830376
0.813893
0.800105
0.79218
0.791542
0.797215
0.806631
0.816882
0.825409
0.830292
0.830589
0.826834
0.821231
0.81696
0.81654
0.820666
0.828462
0.838497
0.849378
0.859735
0.868143
0.873345
0.874642
0.8738
0.868254
0.862344
0.857729
0.854975
0.853479
0.852172
0.85044
0.848488
0.847103
0.847194
0.849307
0.853536
0.85961
0.867003
0.874806
0.88165
0.88594
0.886385
0.882453
0.874529
0.863789
0.851918
0.840676
0.831445
0.824888
0.820955
0.819219
0.819234
0.820622
0.822863
0.82505
0.82602
0.82496
0.821938
0.817942
0.814341
0.812365
0.812702
0.81537
0.819794
0.825045
0.830231
0.834756
0.838317
0.840797
0.84209
0.842126
0.840966
0.83894
0.873714
0.870917
0.869282
0.869805
0.873484
0.881008
0.89234
0.906556
0.922098
0.937241
0.950495
0.960742
0.967278
0.969789
0.968342
0.963334
0.95535
0.944985
0.932761
0.919395
0.906032
0.894238
0.885426
0.88019
0.878089
0.878069
0.879167
0.880842
0.882915
0.885366
0.888172
0.891175
0.894009
0.896145
0.89711
0.896794
0.895708
0.89481
0.894832
0.895547
0.895657
0.893468
0.887955
0.879507
0.869864
0.861321
0.855664
0.853402
0.853733
0.855332
0.880113
0.881841
0.885508
0.892454
0.902868
0.915304
0.927226
0.93618
0.940663
0.940292
0.935464
0.927143
0.916808
0.906183
0.896458
0.887649
0.87905
0.870455
0.862891
0.858156
0.857796
0.86245
0.871842
0.885021
0.900443
0.916082
0.929696
0.939269
0.943483
0.941935
0.935279
0.924975
0.913002
0.901408
0.891951
0.885794
0.883419
0.884634
0.888795
0.895055
0.90252
0.910262
0.917339
0.922799
0.925831
0.925955
0.923243
0.918481
0.913241
0.909627
0.879414
0.8852
0.896569
0.911784
0.928167
0.943053
0.95444
0.961136
0.962646
0.959051
0.950893
0.93901
0.924457
0.908472
0.892454
0.877861
0.865918
0.85733
0.852352
0.851105
0.853691
0.859924
0.868765
0.878153
0.88537
0.887766
0.88368
0.873385
0.859762
0.847713
0.841666
0.842914
0.849471
0.858061
0.865945
0.871554
0.874323
0.874287
0.871831
0.867543
0.86218
0.85653
0.851293
0.847066
0.844468
0.844141
0.846416
0.850791
0.855914
0.86042
0.882095
0.884142
0.886385
0.888636
0.889662
0.88792
0.882498
0.873699
0.862981
0.852257
0.842979
0.835951
0.831714
0.830884
0.834093
0.841483
0.852236
0.864576
0.876403
0.886077
0.892808
0.896522
0.897395
0.895466
0.890444
0.88194
0.870011
0.855705
0.841345
0.830137
0.82482
0.826099
0.832224
0.840123
0.846941
0.850964
0.851596
0.848953
0.843491
0.835852
0.826964
0.818198
0.81124
0.807868
0.809733
0.817938
0.832297
0.850802
0.870232
0.887637
0.89186
0.901815
0.909913
0.917211
0.92407
0.930112
0.934564
0.936639
0.93582
0.931936
0.925243
0.916364
0.906216
0.895815
0.886011
0.877342
0.870064
0.86426
0.860031
0.857574
0.857071
0.858449
0.861016
0.863332
0.863772
0.861331
0.856086
0.84886
0.840646
0.832191
0.824096
0.817142
0.812332
0.810527
0.811984
0.816258
0.822612
0.830364
0.838891
0.847348
0.854543
0.859292
0.86118
0.861037
0.860731
0.862248
0.866514
0.872868
0.879703
0.885645
0.890251
0.893963
0.897558
0.901494
0.905444
0.908287
0.908497
0.904849
0.896966
0.885587
0.872257
0.858686
0.846144
0.835321
0.826626
0.820644
0.818338
0.820734
0.82826
0.840229
0.854922
0.87022
0.88427
0.895735
0.903754
0.907726
0.907414
0.903057
0.895402
0.885377
0.87377
0.861278
0.848812
0.837552
0.828564
0.822167
0.817703
0.813998
0.810395
0.807543
0.806799
0.808707
0.812369
0.812736
0.815356
0.816139
0.815184
0.81315
0.811084
0.810099
0.811021
0.81409
0.818951
0.824731
0.830256
0.83622
0.837262
0.835043
0.82945
0.820968
0.810665
0.800055
0.790777
0.784134
0.780746
0.780454
0.782616
0.786683
0.792529
0.800176
0.809121
0.818107
0.825756
0.831468
0.835582
0.838701
0.841055
0.842661
0.844037
0.84623
0.849872
0.854553
0.859405
0.863941
0.86797
0.870971
0.871795
0.869036
0.861895
0.851011
0.838787
0.828841
0.824589
0.827748
0.837893
0.853062
0.870623
0.887888
0.902404
0.912102
0.915467
0.911703
0.901043
0.885003
0.866517
0.849725
0.838961
0.837092
0.844133
0.857459
0.873386
0.888755
0.901697
0.911686
0.919207
0.925173
0.930367
0.935226
0.939883
0.944319
0.948369
0.951599
0.953269
0.952537
0.948786
0.94194
0.932525
0.921614
0.910544
0.900426
0.89189
0.885107
0.880212
0.877601
0.877861
0.8813
0.887477
0.895028
0.902014
0.906438
0.906774
0.902397
0.893754
0.8822
0.869564
0.857581
0.847556
0.840386
0.836781
0.837334
0.842222
0.850884
0.861927
0.873511
0.884037
0.892705
0.899643
0.905577
0.911124
0.916303
0.920484
0.922758
0.922572
0.920137
0.916325
0.912064
0.907719
0.902924
0.897137
0.890269
0.882764
0.875215
0.867937
0.860864
0.853953
0.847654
0.843238
0.842327
0.84577
0.852845
0.861615
0.870093
0.877092
0.88225
0.885683
0.887663
0.888595
0.88912
0.89001
0.891862
0.894793
0.89841
0.902104
0.905489
0.908643
0.91208
0.916365
0.921755
0.928137
0.935229
0.942775
0.950429
0.957563
0.963259
0.966646
0.9673
0.965415
0.961602
0.956585
0.950833
0.944363
0.936763
0.927541
0.91656
0.904291
0.891727
0.880226
0.871236
0.866066
0.865576
0.870027
0.878935
0.891028
0.904317
0.916509
0.925565
0.930206
0.930085
0.925638
0.917839
0.907914
0.897103
0.886526
0.876963
0.868794
0.862033
0.856407
0.8516
0.84731
0.843392
0.839851
0.8369
0.834977
0.834669
0.836514
0.840715
0.846894
0.854163
0.861561
0.868605
0.875521
0.882958
0.89159
0.901701
0.91285
0.923749
0.93238
0.936538
0.934513
0.925662
0.910638
0.891351
0.870798
0.8527
0.840839
0.837915
0.844357
0.857975
0.87502
0.89176
0.905484
0.914668
0.918821
0.918218
0.913701
0.906501
0.89802
0.889652
0.882589
0.877513
0.874321
0.872108
0.869542
0.865384
0.858902
0.849994
0.839248
0.828008
0.817929
0.8099
0.803445
0.797864
0.793855
0.793566
0.798827
0.809545
0.823837
0.839447
0.854916
0.869731
0.883846
0.897118
0.909156
0.919497
0.927869
0.934262
0.9388
0.941652
0.943042
0.943277
0.942722
0.941719
0.94039
0.938529
0.935765
0.931949
0.927479
0.923242
0.92024
0.91902
0.919269
0.919797
0.918926
0.915102
0.907315
0.895386
0.880046
0.862829
0.845854
0.831419
0.821544
0.817565
0.819977
0.828448
0.842051
0.859453
0.879042
0.898971
0.917288
0.932076
0.941721
0.945219
0.942371
0.933933
0.921574
0.907731
0.895156
0.886201
0.882162
0.88301
0.887682
0.894769
0.903216
0.91271
0.923629
0.936535
0.951566
0.968031
0.984455
0.999004
1.00995
1.01598
1.01627
1.01051
0.998916
0.98237
0.962573
0.942075
0.92382
0.910148
0.90172
0.897252
0.894421
0.891356
0.887672
0.884503
0.88352
0.885502
0.889509
0.8933
0.894638
0.892347
0.886409
0.877534
0.86689
0.856002
0.846449
0.839454
0.835938
0.836763
0.84243
0.852395
0.86491
0.877776
0.889179
0.898049
0.903986
0.90709
0.907793
0.906653
0.904199
0.900757
0.896418
0.891059
0.884499
0.876796
0.868492
0.860743
0.855263
0.85388
0.85783
0.867168
0.880626
0.896055
0.911136
0.92396
0.933297
0.938616
0.939937
0.937657
0.932493
0.925396
0.917499
0.910019
0.90413
0.900785
0.900539
0.903326
0.908372
0.914345
0.919752
0.923354
0.924577
0.923672
0.921717
0.920203
0.920392
0.922697
0.926495
0.930397
0.932927
0.933139
0.930894
0.926746
0.921569
0.915982
0.910036
0.903373
0.895952
0.888801
0.883856
0.882351
0.883144
0.88318
0.879695
0.871768
0.860242
0.847068
0.834561
0.824777
0.819072
0.817984
0.821304
0.828251
0.837589
0.847806
0.857451
0.865513
0.871632
0.876107
0.879658
0.883096
0.886989
0.891433
0.896108
0.900441
0.903819
0.905727
0.905774
0.903698
0.899201
0.891904
0.881582
0.868716
0.854996
0.84319
0.83616
0.835393
0.840204
0.84847
0.858102
0.867928
0.877681
0.887345
0.896588
0.904651
0.910665
0.914
0.914363
0.911638
0.905725
0.896473
0.883947
0.868946
0.853619
0.841332
0.835185
0.836111
0.842546
0.852018
0.862522
0.872889
0.882578
0.891489
0.899785
0.907703
0.9154
0.922685
0.928845
0.932738
0.933194
0.929448
0.92131
0.90912
0.893708
0.876407
0.859039
0.843768
0.832736
0.827596
0.829056
0.83659
0.848536
0.862479
0.875928
0.886906
0.894334
0.898081
0.898811
0.897629
0.895448
0.892412
0.887809
0.880782
0.871382
0.861035
0.852017
0.846354
0.845001
0.8476
0.852532
0.857359
0.85992
0.85933
0.856367
0.853064
0.851733
0.854046
0.860618
0.871137
0.884713
0.90019
0.916299
0.931671
0.944884
0.954741
0.960612
0.962592
0.961325
0.957656
0.952321
0.945894
0.938951
0.932189
0.926481
0.922732
0.921507
0.922776
0.925794
0.929313
0.932038
0.933044
0.931949
0.928885
0.924489
0.919904
0.916382
0.914556
0.914119
0.914294
0.914559
0.914868
0.915161
0.914788
0.912579
0.907523
0.899565
0.889944
0.8804
0.874646
0.873969
0.878573
0.886914
0.896541
0.905071
0.91089
0.913288
0.912278
0.908349
0.902154
0.894196
0.884718
0.873765
0.861552
0.848869
0.837257
0.82878
0.825335
0.827759
0.835182
0.845154
0.854616
0.861105
0.86374
0.863521
0.862688
0.863386
0.866585
0.872003
0.878691
0.885518
0.891307
0.895069
0.896322
0.895109
0.891644
0.886069
0.878518
0.869402
0.859472
0.849573
0.840309
0.831938
0.824676
0.819122
0.816318
0.817411
0.822885
0.832108
0.843733
0.856764
0.871389
0.88858
0.908466
0.929076
0.946987
0.959004
0.963303
0.959523
0.948411
0.93147
0.910668
0.888275
0.866777
0.848845
0.837145
0.833661
0.838791
0.850831
0.866559
0.882465
0.895779
0.904972
0.909682
0.910352
0.907783
0.902703
0.895667
0.887184
0.877904
0.868574
0.859878
0.852408
0.846652
0.842841
0.840791
0.839974
0.839719
0.839267
0.837745
0.834322
0.828556
0.820739
0.81194
0.803721
0.797726
0.79521
0.796549
0.801124
0.807698
0.815183
0.823208
0.832175
0.84284
0.855718
0.870688
0.88689
0.902844
0.916817
0.927114
0.932272
0.93127
0.923947
0.911782
0.898321
0.887997
0.883367
0.883814
0.887176
0.891676
0.896242
0.900115
0.902643
0.903286
0.901809
0.8984
0.893833
0.889339
0.886223
0.885276
0.886467
0.889195
0.892706
0.896341
0.899504
0.901606
0.902347
0.902127
0.902161
0.904047
0.908997
0.917229
0.927914
0.939636
0.951113
0.961671
0.971249
0.979999
0.987781
0.993852
0.996926
0.995507
0.988271
0.974286
0.953225
0.9256
0.893079
0.85875
0.826808
0.801513
0.785928
0.781093
0.785783
0.796983
0.81123
0.82622
0.841417
0.857212
0.873694
0.889994
0.904527
0.915805
0.923041
0.926222
0.925751
0.92206
0.915522
0.906651
0.896288
0.885475
0.875128
0.865737
0.857286
0.849397
0.841633
0.833712
0.825769
0.818271
0.811789
0.806853
0.804165
0.804983
0.810936
0.823181
0.841589
0.864933
0.891572
0.919681
0.946624
0.968948
0.98396
0.991238
0.992252
0.988721
0.98187
0.972949
0.963523
0.954987
0.947827
0.941614
0.935568
0.929322
0.923363
0.918969
0.917564
0.919974
0.9261
0.935087
0.945631
0.956194
0.965007
0.970347
0.971063
0.967017
0.959135
0.949132
0.938954
0.930161
0.923604
0.91929
0.916673
0.915241
0.915075
0.91693
0.921527
0.928718
0.937223
0.945225
0.951197
0.954395
0.954732
0.952353
0.947351
0.939905
0.93082
0.921778
0.91471
0.910643
0.909256
0.909605
0.910902
0.912635
0.914232
0.914875
0.913674
0.91007
0.904281
0.901544
0.895872
0.893148
0.893658
0.896065
0.898744
0.901236
0.904309
0.908695
0.914073
0.919168
0.922717
0.924316
0.924589
0.924845
0.926379
0.929782
0.934771
0.940639
0.946754
0.952773
0.958567
0.964022
0.968891
0.972735
0.974933
0.974673
0.971047
0.96329
0.951292
0.936302
0.92119
0.909094
0.900957
0.894979
0.888779
0.88151
0.8739
0.867275
0.862693
0.860655
0.861144
0.863797
0.868056
0.873225
0.878529
0.883207
0.886522
0.88767
0.885887
0.880782
0.872548
0.861761
0.849112
0.835455
0.822325
0.812154
0.807656
0.810495
0.82008
0.833537
0.847049
0.85757
0.863928
0.866949
0.868654
0.870701
0.873023
0.874032
0.87238
0.868426
0.864093
0.861536
0.861842
0.864738
0.869029
0.873381
0.876874
0.879152
0.880164
0.879794
0.877627
0.87305
0.865505
0.854865
0.841733
0.827589
0.814422
0.803961
0.796768
0.792206
0.789397
0.78832
