-6.36201
-6.35371
-6.33932
-6.3166
-6.28301
-6.23715
-6.17985
-6.10701
-6.01673
-5.90864
-5.78047
-5.63582
-5.4839
-5.33471
-5.20008
-5.09127
-5.01504
-4.97185
-4.9582
-4.96716
-4.9926
-5.02498
-5.05892
-5.09115
-5.11708
-5.13555
-5.14747
-5.15306
-5.15687
-5.15891
-5.15991
-5.16122
-5.16148
-5.15817
-5.14965
-5.13435
-5.11114
-5.08259
-5.05203
-5.02235
-4.99833
-4.97951
-4.96711
-4.96083
-4.95968
-4.96245
-4.97113
-4.98498
-5.00175
-5.01945
-5.03076
-5.01354
-4.97264
-4.90788
-4.82598
-4.73708
-4.65385
-4.58869
-4.54364
-4.52003
-4.51
-4.50928
-4.51304
-4.51982
-4.52349
-4.52293
-4.51727
-4.51531
-4.52433
-4.55072
-4.58895
-4.63204
-4.67118
-4.69859
-4.70915
-4.70208
-4.68878
-4.67384
-4.66523
-4.66062
-4.65337
-4.64049
-4.61959
-4.5928
-4.56786
-4.54935
-4.54464
-4.55521
-4.57961
-4.61152
-4.64455
-4.67221
-4.68939
-4.6975
-4.69766
-4.68966
-4.67667
-4.65672
-4.62898
-4.59505
-4.54255
-4.48621
-4.43515
-4.39529
-4.37143
-4.36892
-4.38881
-4.42535
-4.46834
-4.50757
-4.53953
-4.56136
-4.57645
-4.58107
-4.57646
-4.5617
-4.53567
-4.50139
-4.45911
-4.41216
-4.36424
-4.32061
-4.28504
-4.26117
-4.2515
-4.25529
-4.26988
-4.29255
-4.32015
-4.35366
-4.391
-4.43718
-4.48832
-4.54228
-4.59107
-4.62876
-4.65026
-4.64986
-4.61822
-4.55644
-4.46795
-4.36141
-4.25022
-4.14605
-4.06308
-4.0159
-4.01319
-4.05033
-4.11145
-4.18002
-4.24439
-4.28284
-4.29898
-4.30223
-4.29849
-4.29189
-4.29095
-4.29402
-4.29889
-4.30326
-4.30116
-4.29317
-4.27798
-4.25471
-4.22558
-4.20247
-4.19285
-4.20044
-4.23024
-4.28595
-4.35747
-4.43183
-4.50069
-4.56298
-4.61054
-4.64314
-4.65663
-4.64674
-4.61552
-4.57259
-4.52355
-4.47954
-4.44184
-4.41059
-4.3834
-4.35792
-4.33044
-4.29412
-4.2549
-4.22948
-4.23813
-4.28483
-4.34755
-4.39769
-4.41942
-4.40747
-4.37073
-4.32441
-4.28682
-4.27331
-4.29274
-4.33569
-4.38642
-4.4323
-4.46204
-4.47351
-4.46517
-4.43729
-4.39599
-4.34605
-4.29547
-4.26009
-4.25025
-4.25886
-4.27636
-4.29011
-4.30504
-4.32981
-4.35997
-4.38255
-4.38198
-4.35763
-4.31626
-4.27551
-4.25042
-4.25075
-4.27216
-4.30394
-4.33011
-4.33919
-4.32946
-4.30918
-4.28903
-4.27848
-4.2793
-4.28856
-4.29856
-4.31396
-4.33454
-4.35836
-4.37785
-4.38741
-4.38374
-4.37166
-4.34916
-4.32024
-4.28704
-4.25211
-4.22614
-4.20865
-4.19222
-4.17679
-4.16078
-4.1461
-4.14044
-4.15588
-4.19635
-4.25169
-4.3112
-4.36715
-4.41848
-4.46215
-4.50051
-4.53636
-4.57475
-4.61108
-4.639
-4.65087
-4.64084
-4.60822
-4.55576
-4.49215
-4.42216
-4.35577
-4.30635
-4.2889
-4.29712
-4.31858
-4.32944
-4.32189
-4.29927
-4.26984
-4.24111
-4.22402
-4.2211
-4.22864
-4.23638
-4.23611
-4.22254
-4.20116
-4.18337
-4.17839
-4.19586
-4.23756
-4.29836
-4.36484
-4.4151
-4.43877
-4.42732
-4.3933
-4.3615
-4.35873
-4.35626
-4.33594
-4.30872
-4.3036
-4.33442
-4.39127
-4.46112
-4.53026
-4.58775
-4.62578
-4.63773
-4.62385
-4.5855
-4.52487
-4.45278
-4.38588
-4.33497
-4.30574
-4.29623
-4.29918
-4.302
-4.30093
-4.29275
-4.28083
-4.26688
-4.25776
-4.25544
-4.25428
-4.25646
-4.2622
-4.27293
-4.28951
-4.3066
-4.32243
-4.33689
-4.34959
-4.36361
-4.37816
-4.38998
-4.39204
-4.38011
-4.35597
-4.32955
-4.30432
-4.28502
-4.27326
-4.25928
-4.2405
-4.20451
-4.15409
-4.09599
-4.04004
-4.00316
-3.9928
-4.00405
-4.02886
-4.05826
-4.09025
-4.12615
-4.16457
-4.19996
-4.22983
-4.25886
-4.28617
-4.31676
-4.34378
-4.35949
-4.35783
-4.34346
-4.32177
-4.30688
-4.3047
-4.31486
-4.33539
-4.35648
-4.37476
-4.38829
-4.39889
-4.40877
-4.41684
-4.42282
-4.42331
-4.41561
-4.39986
-4.37666
-4.34955
-4.31618
-4.2799
-4.24539
-4.22219
-4.22084
-4.24679
-4.29383
-4.35302
-4.40942
-4.4501
-4.47213
-4.47465
-4.4555
-4.42953
-4.39352
-4.34981
-4.29542
-4.23292
-4.16997
-4.1157
-4.08179
-4.07229
-4.08132
-4.09945
-4.11796
-4.12939
-4.1342
-4.12838
-4.11904
-4.10981
-4.11149
-4.1301
-4.16084
-4.19962
-4.2447
-4.29332
-4.34489
-4.3942
-4.43604
-4.46369
-4.47444
-4.46815
-4.44973
-4.42756
-4.40928
-4.39303
-4.37344
-4.35342
-4.33522
-4.32615
-4.3328
-4.35782
-4.40049
-4.45181
-4.50049
-4.54316
-4.57401
-4.59139
-4.5959
-4.59007
-4.57379
-4.54891
-4.51467
-4.49165
-4.48338
-4.48792
-4.49827
-4.50889
-4.51552
-4.51437
-4.50338
-4.48219
-4.44881
-4.40838
-4.37076
-4.3393
-4.31833
-4.30552
-4.30117
-4.29849
-4.29479
-4.28471
-4.26646
-4.24168
-4.21729
-4.20465
-4.2071
-4.22002
-4.23394
-4.24666
-4.26021
-4.28129
-4.30827
-4.33699
-4.35919
-4.36931
-4.36825
-4.36071
-4.35048
-4.33929
-4.32783
-4.32154
-4.32318
-4.33235
-4.34611
-4.36224
-4.3775
-4.39503
-4.4166
-4.43915
-4.46338
-4.48872
-4.50761
-4.52067
-4.52395
-4.51827
-4.50299
-4.48251
-4.45995
-4.43948
-4.42358
-4.4154
-4.42061
-4.43778
-4.46402
-4.49281
-4.51977
-4.54699
-4.57169
-4.59155
-4.60589
-4.61524
-4.61353
-4.59973
-4.56873
-4.52432
-4.47246
-4.42215
-4.38539
-4.36644
-4.36158
-4.36268
-4.35807
-4.33751
-4.3029
-4.2626
-4.22608
-4.21062
-4.22
-4.24861
-4.29078
-4.33764
-4.38193
-4.41831
-4.44437
-4.46658
-4.49036
-4.51894
-4.55075
-4.58268
-4.60676
-4.61286
-4.50761
-4.52067
-4.52395
-4.51827
-4.50299
-4.48251
-4.45995
-4.43948
-4.42358
-4.4154
-4.42061
-4.43778
-4.46402
-4.49281
-4.51977
-4.54699
-4.57169
-4.59155
-4.60589
-4.61524
-4.61353
-4.59973
-4.56873
-4.52432
-4.47246
-4.42215
-4.38539
-4.36644
-4.36158
-4.36268
-4.35807
-4.33751
-4.3029
-4.2626
-4.22608
-4.21062
-4.22
-4.24861
-4.29078
-4.33764
-4.38193
-4.41831
-4.44437
-4.46658
-4.49036
-4.51894
-4.55075
-4.58268
-4.60676
-4.61286
-4.59057
-4.53583
-4.45359
-4.36523
-4.29749
-4.26903
-4.2711
-4.28152
-4.28637
-4.28427
-4.28472
-4.2986
-4.33108
-4.38141
-4.44309
-4.50776
-4.56581
-4.60841
-4.63294
-4.63687
-4.61872
-4.58204
-4.53434
-4.49001
-4.45948
-4.4466
-4.44542
-4.44964
-4.44803
-4.43724
-4.4191
-4.40481
-4.41002
-4.43732
-4.4737
-4.50548
-4.52629
-4.5304
-4.51939
-4.49483
-4.46002
-4.42223
-4.39046
-4.36948
-4.36632
-4.37865
-4.39696
-4.41923
-4.4376
-4.45271
