5	2.81922 0
10	2.70887 0.110352
15	2.47448 0.242892
20	2.23207 0.297092
25	2.096 0.267342
30	2.02127 0.230723
35	1.96936 0.201787
40	1.92097 0.18133
45	1.8711 0.167514
50	1.83245 0.154734
55	2.78595 0
60	2.61566 0.170288
65	2.52598 0.133077
70	2.48427 0.102928
75	2.48613 0.0797493
80	2.49109 0.0653034
85	2.48563 0.0554607
90	2.47525 0.0491388
95	2.47961 0.043555
100	2.4804 0.0389648
105	2.70692 0
110	2.6966 0.010316
115	2.73959 0.0433971
120	2.74396 0.0309964
125	2.70702 0.0440581
130	2.68158 0.0440581
135	2.69071 0.038338
140	2.71492 0.0410885
145	2.69432 0.0416832
150	2.65816 0.0519325
155	2.94755 0
160	2.95262 0.00506315
165	2.94642 0.0068488
170	2.92973 0.0173785
175	2.97284 0.0451582
180	3.0251 0.0639559
185	3.03716 0.0553825
190	3.02672 0.0490864
195	3.0227 0.0434766
200	3.01974 0.0389987
205	2.95393 0
210	2.97855 0.0246243
215	2.93433 0.0464457
220	2.9275 0.0335452
225	2.92075 0.0268472
230	2.9126 0.0233878
235	2.90736 0.0204483
240	2.90572 0.0177845
245	2.91114 0.0165943
250	2.90406 0.0164441
255	2.80685 0
260	2.85033 0.0434799
265	2.94541 0.0983397
270	3.02661 0.106908
275	3.03635 0.0833811
280	3.02265 0.0694447
285	3.00468 0.0613812
290	2.98764 0.0558226
295	2.97318 0.0513083
300	2.9806 0.0464875
305	2.80427 0
310	2.83104 0.0267789
315	2.91166 0.0820807
320	2.90077 0.0590526
325	2.87265 0.0536932
330	2.84783 0.050378
335	2.83213 0.0453796
340	2.82952 0.0393862
345	2.82986 0.034737
350	2.82057 0.0324305
355	2.71318 0
360	2.67676 0.0364177
365	2.71754 0.0458794
370	2.77224 0.0635992
375	2.80254 0.0578378
380	2.83092 0.0550948
385	2.85827 0.0539988
390	2.8701 0.0482373
395	2.86798 0.0425936
400	2.88475 0.0416246
405	2.76622 0
410	2.64188 0.124342
415	2.5915 0.0877062
420	2.56839 0.0661834
425	2.58004 0.0525728
430	2.62159 0.059742
435	2.64637 0.0562466
440	2.65621 0.0496949
445	2.6803 0.0500103
450	2.70847 0.0528623
455	2.79797 0
460	2.80159 0.00361794
465	2.76157 0.0400816
470	2.72089 0.0495732
475	2.68241 0.0543661
480	2.66004 0.0497049
485	2.65847 0.0420377
490	2.65654 0.0364568
495	2.65588 0.0321587
500	2.66465 0.0300727
505	2.87644 0
510	2.84229 0.0341491
515	2.83615 0.0206502
520	2.86259 0.0302044
525	2.87309 0.0256441
530	2.85051 0.0307944
535	2.82264 0.038134
540	2.79632 0.0422273
545	2.79559 0.0372481
550	2.80844 0.0357081
