0.30 0.52 0.304897
0.30 0.54 0.258218
0.30 0.56 0.213467
0.30 0.58 0.170657
0.30 0.60 0.124133
0.30 0.62 0.0848173
0.30 0.64 0.0503308
0.30 0.66 0.0130808
0.30 0.68 -0.0184388
0.30 0.70 -0.0511723
0.30 0.72 -0.0808599
0.30 0.74 -0.107238
0.30 0.76 -0.133313
0.30 0.78 -0.156002
0.30 0.80 -0.176521
0.30 0.82 -0.194923
0.30 0.84 -0.211052
0.30 0.86 -0.223908
0.30 0.88 -0.235853
0.30 0.90 -0.242376
0.32 0.52 0.264564
0.32 0.54 0.218144
0.32 0.56 0.176367
0.32 0.58 0.136939
0.32 0.60 0.0976674
0.32 0.62 0.0620913
0.32 0.64 0.0261951
0.32 0.66 -0.00637989
0.32 0.68 -0.0396826
0.32 0.70 -0.0682243
0.32 0.72 -0.0961373
0.32 0.74 -0.121653
0.32 0.76 -0.146638
0.32 0.78 -0.166099
0.32 0.80 -0.186126
0.32 0.82 -0.20362
0.32 0.84 -0.218723
0.32 0.86 -0.23026
0.32 0.88 -0.240549
0.32 0.90 -0.245525
0.34 0.52 0.225575
0.34 0.54 0.184309
0.34 0.56 0.142114
0.34 0.58 0.106458
0.34 0.60 0.0700572
0.34 0.62 0.0373584
0.34 0.64 0.00340223
0.34 0.66 -0.0288863
0.34 0.68 -0.0577361
0.34 0.70 -0.0850855
0.34 0.72 -0.112597
0.34 0.74 -0.136084
0.34 0.76 -0.157018
0.34 0.78 -0.177594
0.34 0.80 -0.195704
0.34 0.82 -0.210532
0.34 0.84 -0.223743
0.34 0.86 -0.234962
0.34 0.88 -0.243289
0.34 0.90 -0.248097
0.36 0.52 0.178665
0.36 0.54 0.143063
0.36 0.56 0.108179
0.36 0.58 0.0724552
0.36 0.60 0.0412965
0.36 0.62 0.00709762
0.36 0.64 -0.0219289
0.36 0.66 -0.0511294
0.36 0.68 -0.0789217
0.36 0.70 -0.106499
0.36 0.72 -0.129164
0.36 0.74 -0.151123
0.36 0.76 -0.171874
0.36 0.78 -0.188596
0.36 0.80 -0.206646
0.36 0.82 -0.219154
0.36 0.84 -0.231207
0.36 0.86 -0.239275
0.36 0.88 -0.248579
0.36 0.90 -0.251943
0.38 0.52 0.136824
0.38 0.54 0.104457
0.38 0.56 0.0713667
0.38 0.58 0.0394429
0.38 0.60 0.00856847
0.38 0.62 -0.0180854
0.38 0.64 -0.0471411
0.38 0.66 -0.0750573
0.38 0.68 -0.0990344
0.38 0.70 -0.125428
0.38 0.72 -0.144244
0.38 0.74 -0.165151
0.38 0.76 -0.183737
0.38 0.78 -0.199185
0.38 0.80 -0.215638
0.38 0.82 -0.227524
0.38 0.84 -0.238129
0.38 0.86 -0.246265
0.38 0.88 -0.25197
0.38 0.90 -0.256356
0.40 0.52 0.0930204
0.40 0.54 0.0670962
0.40 0.56 0.03665
0.40 0.58 0.00558331
0.40 0.60 -0.0194358
0.40 0.62 -0.0487166
0.40 0.64 -0.073975
0.40 0.66 -0.0974058
0.40 0.68 -0.120558
0.40 0.70 -0.142924
0.40 0.72 -0.16273
0.40 0.74 -0.181846
0.40 0.76 -0.196997
0.40 0.78 -0.211756
0.40 0.80 -0.224855
0.40 0.82 -0.238716
0.40 0.84 -0.245766
0.40 0.86 -0.252107
0.40 0.88 -0.256612
0.40 0.90 -0.258874
0.42 0.52 0.0544375
0.42 0.54 0.0260716
0.42 0.56 2.05545e-05
0.42 0.58 -0.0274999
0.42 0.60 -0.0521014
0.42 0.62 -0.0769936
0.42 0.64 -0.0996936
0.42 0.66 -0.12239
0.42 0.68 -0.141853
0.42 0.70 -0.161703
0.42 0.72 -0.180216
0.42 0.74 -0.197174
0.42 0.76 -0.211276
0.42 0.78 -0.224758
0.42 0.80 -0.234457
0.42 0.82 -0.244646
0.42 0.84 -0.250844
0.42 0.86 -0.256286
0.42 0.88 -0.259131
0.42 0.90 -0.261779
0.44 0.52 0.0126037
0.44 0.54 -0.0120371
0.44 0.56 -0.037102
0.44 0.58 -0.0617215
0.44 0.60 -0.0833139
0.44 0.62 -0.103727
0.44 0.64 -0.126191
0.44 0.66 -0.144691
0.44 0.68 -0.164339
0.44 0.70 -0.181561
0.44 0.72 -0.195953
0.44 0.74 -0.211529
0.44 0.76 -0.225066
0.44 0.78 -0.235626
0.44 0.80 -0.244535
0.44 0.82 -0.253172
0.44 0.84 -0.258133
0.44 0.86 -0.262773
0.44 0.88 -0.262787
0.44 0.90 -0.261171
0.46 0.52 -0.0274326
0.46 0.54 -0.0509556
0.46 0.56 -0.074279
0.46 0.58 -0.0948902
0.46 0.60 -0.113627
0.46 0.62 -0.134542
0.46 0.64 -0.152125
0.46 0.66 -0.169034
0.46 0.68 -0.186362
0.46 0.70 -0.201493
0.46 0.72 -0.215365
0.46 0.74 -0.227126
0.46 0.76 -0.237188
0.46 0.78 -0.248063
0.46 0.80 -0.255668
0.46 0.82 -0.259488
0.46 0.84 -0.264292
0.46 0.86 -0.267558
0.46 0.88 -0.265994
0.46 0.90 -0.262204
0.48 0.52 -0.0640676
0.48 0.54 -0.0866796
0.48 0.56 -0.106825
0.48 0.58 -0.125049
0.48 0.60 -0.145108
0.48 0.62 -0.161718
0.48 0.64 -0.175739
0.48 0.66 -0.1926
0.48 0.68 -0.206696
0.48 0.70 -0.219164
0.48 0.72 -0.232002
0.48 0.74 -0.240849
0.48 0.76 -0.250898
0.48 0.78 -0.258034
0.48 0.80 -0.262925
0.48 0.82 -0.268448
0.48 0.84 -0.268674
0.48 0.86 -0.26996
0.48 0.88 -0.270226
0.48 0.90 -0.26575
0.50 0.52 -0.101544
0.50 0.54 -0.122494
0.50 0.56 -0.140507
0.50 0.58 -0.157975
0.50 0.60 -0.174029
0.50 0.62 -0.189818
0.50 0.64 -0.203719
0.50 0.66 -0.216193
0.50 0.68 -0.22755
0.50 0.70 -0.239793
0.50 0.72 -0.248361
0.50 0.74 -0.256486
0.50 0.76 -0.26376
0.50 0.78 -0.268192
0.50 0.80 -0.274044
0.50 0.82 -0.276104
0.50 0.84 -0.276976
0.50 0.86 -0.275887
0.50 0.88 -0.273557
0.50 0.90 -0.264037
0.52 0.52 -0.133922
0.52 0.54 -0.15487
0.52 0.56 -0.172795
0.52 0.58 -0.18945
0.52 0.60 -0.202492
0.52 0.62 -0.214889
0.52 0.64 -0.228589
0.52 0.66 -0.238266
0.52 0.68 -0.247367
0.52 0.70 -0.255897
0.52 0.72 -0.265463
0.52 0.74 -0.271267
0.52 0.76 -0.276825
0.52 0.78 -0.280112
0.52 0.80 -0.282671
0.52 0.82 -0.282822
0.52 0.84 -0.282056
0.52 0.86 -0.279615
0.52 0.88 -0.273272
0.52 0.90 -0.266496
0.54 0.52 -0.169012
0.54 0.54 -0.186101
0.54 0.56 -0.203929
0.54 0.58 -0.218177
0.54 0.60 -0.231657
0.54 0.62 -0.241394
0.54 0.64 -0.251646
0.54 0.66 -0.260556
0.54 0.68 -0.267976
0.54 0.70 -0.276401
0.54 0.72 -0.281184
0.54 0.74 -0.285508
0.54 0.76 -0.290323
0.54 0.78 -0.289299
0.54 0.80 -0.289278
0.54 0.82 -0.288646
0.54 0.84 -0.287088
0.54 0.86 -0.281329
0.54 0.88 -0.273423
0.54 0.90 -0.268536
0.56 0.52 -0.198741
0.56 0.54 -0.216586
0.56 0.56 -0.234572
0.56 0.58 -0.245478
0.56 0.60 -0.258384
0.56 0.62 -0.267399
0.56 0.64 -0.275585
0.56 0.66 -0.283242
0.56 0.68 -0.288544
0.56 0.70 -0.295675
0.56 0.72 -0.298302
0.56 0.74 -0.30142
0.56 0.76 -0.301294
0.56 0.78 -0.300849
0.56 0.80 -0.298322
0.56 0.82 -0.294962
0.56 0.84 -0.28983
0.56 0.86 -0.283677
0.56 0.88 -0.2767
0.56 0.90 -0.263966
0.58 0.52 -0.224551
0.58 0.54 -0.245811
0.58 0.56 -0.261071
0.58 0.58 -0.274658
0.58 0.60 -0.28476
0.58 0.62 -0.292786
0.58 0.64 -0.298453
0.58 0.66 -0.304975
0.58 0.68 -0.30698
0.58 0.70 -0.310646
0.58 0.72 -0.313546
0.58 0.74 -0.312005
0.58 0.76 -0.312259
0.58 0.78 -0.30935
0.58 0.80 -0.307356
0.58 0.82 -0.301954
0.58 0.84 -0.293266
0.58 0.86 -0.285346
0.58 0.88 -0.273233
0.58 0.90 -0.263769
0.60 0.52 -0.249435
0.60 0.54 -0.270979
0.60 0.56 -0.288036
0.60 0.58 -0.300747
0.60 0.60 -0.31016
0.60 0.62 -0.316566
0.60 0.64 -0.321202
0.60 0.66 -0.324842
0.60 0.68 -0.32705
0.60 0.70 -0.327297
0.60 0.72 -0.327276
0.60 0.74 -0.325095
0.60 0.76 -0.321271
0.60 0.78 -0.317442
0.60 0.80 -0.312747
0.60 0.82 -0.306947
0.60 0.84 -0.294755
0.60 0.86 -0.286179
0.60 0.88 -0.274783
0.60 0.90 -0.256878
0.62 0.52 -0.270488
0.62 0.54 -0.295142
0.62 0.56 -0.312727
0.62 0.58 -0.324293
0.62 0.60 -0.33441
0.62 0.62 -0.33945
0.62 0.64 -0.342802
0.62 0.66 -0.343951
0.62 0.68 -0.343888
0.62 0.70 -0.34271
0.62 0.72 -0.339989
0.62 0.74 -0.336574
0.62 0.76 -0.332291
0.62 0.78 -0.327491
0.62 0.80 -0.318035
0.62 0.82 -0.308168
0.62 0.84 -0.300296
0.62 0.86 -0.285251
0.62 0.88 -0.267833
0.62 0.90 -0.253245
0.64 0.52 -0.292938
0.64 0.54 -0.31629
0.64 0.56 -0.334568
0.64 0.58 -0.34748
0.64 0.60 -0.35365
0.64 0.62 -0.360597
0.64 0.64 -0.361312
0.64 0.66 -0.361678
0.64 0.68 -0.361107
0.64 0.70 -0.356849
0.64 0.72 -0.352557
0.64 0.74 -0.348264
0.64 0.76 -0.339909
0.64 0.78 -0.330253
0.64 0.80 -0.323159
0.64 0.82 -0.311491
0.64 0.84 -0.296504
0.64 0.86 -0.282324
0.64 0.88 -0.26361
0.64 0.90 -0.246605
0.66 0.52 -0.311082
0.66 0.54 -0.337093
0.66 0.56 -0.355471
0.66 0.58 -0.366702
0.66 0.60 -0.373913
0.66 0.62 -0.378419
0.66 0.64 -0.378139
0.66 0.66 -0.377967
0.66 0.68 -0.375524
0.66 0.70 -0.369641
0.66 0.72 -0.36308
0.66 0.74 -0.356589
0.66 0.76 -0.346744
0.66 0.78 -0.3357
0.66 0.80 -0.324257
0.66 0.82 -0.311355
0.66 0.84 -0.294825
0.66 0.86 -0.275629
0.66 0.88 -0.25933
0.66 0.90 -0.234382
0.68 0.52 -0.325711
0.68 0.54 -0.354819
0.68 0.56 -0.372152
0.68 0.58 -0.383968
0.68 0.60 -0.39199
0.68 0.62 -0.393973
0.68 0.64 -0.395028
0.68 0.66 -0.392234
0.68 0.68 -0.387053
0.68 0.70 -0.38052
0.68 0.72 -0.371386
0.68 0.74 -0.362062
0.68 0.76 -0.352469
0.68 0.78 -0.338862
0.68 0.80 -0.323979
0.68 0.82 -0.306895
0.68 0.84 -0.289273
0.68 0.86 -0.274791
0.68 0.88 -0.250308
0.68 0.90 -0.224034
0.70 0.52 -0.336938
0.70 0.54 -0.366438
0.70 0.56 -0.386282
0.70 0.58 -0.400183
0.70 0.60 -0.407107
0.70 0.62 -0.409517
0.70 0.64 -0.40813
0.70 0.66 -0.404496
0.70 0.68 -0.400272
0.70 0.70 -0.391641
0.70 0.72 -0.378824
0.70 0.74 -0.366147
0.70 0.76 -0.354372
0.70 0.78 -0.340653
0.70 0.80 -0.322059
0.70 0.82 -0.305529
0.70 0.84 -0.283524
0.70 0.86 -0.263875
0.70 0.88 -0.238477
0.70 0.90 -0.21568
0.72 0.52 -0.345049
0.72 0.54 -0.376206
0.72 0.56 -0.398052
0.72 0.58 -0.410995
0.72 0.60 -0.420554
0.72 0.62 -0.422249
0.72 0.64 -0.420713
0.72 0.66 -0.414991
0.72 0.68 -0.407056
0.72 0.70 -0.396908
0.72 0.72 -0.387219
0.72 0.74 -0.372433
0.72 0.76 -0.355487
0.72 0.78 -0.34014
0.72 0.80 -0.31997
0.72 0.82 -0.30185
0.72 0.84 -0.280907
0.72 0.86 -0.251922
0.72 0.88 -0.225587
0.72 0.90 -0.197357
0.74 0.52 -0.348448
0.74 0.54 -0.383056
0.74 0.56 -0.407554
0.74 0.58 -0.422152
0.74 0.60 -0.43059
0.74 0.62 -0.432194
0.74 0.64 -0.429922
0.74 0.66 -0.423408
0.74 0.68 -0.412944
0.74 0.70 -0.401336
0.74 0.72 -0.38984
0.74 0.74 -0.37266
0.74 0.76 -0.35522
0.74 0.78 -0.33492
0.74 0.80 -0.316967
0.74 0.82 -0.293579
0.74 0.84 -0.262071
0.74 0.86 -0.238052
0.74 0.88 -0.209735
0.74 0.90 -0.179131
0.76 0.52 -0.351857
0.76 0.54 -0.389222
0.76 0.56 -0.413376
0.76 0.58 -0.429839
0.76 0.60 -0.437065
0.76 0.62 -0.439432
0.76 0.64 -0.436393
0.76 0.66 -0.428858
0.76 0.68 -0.418157
0.76 0.70 -0.403846
0.76 0.72 -0.389864
0.76 0.74 -0.37227
0.76 0.76 -0.352681
0.76 0.78 -0.330671
0.76 0.80 -0.310665
0.76 0.82 -0.280776
0.76 0.84 -0.25467
0.76 0.86 -0.220605
0.76 0.88 -0.195771
0.76 0.90 -0.166771
0.78 0.52 -0.351583
0.78 0.54 -0.391764
0.78 0.56 -0.416735
0.78 0.58 -0.433595
0.78 0.60 -0.441647
0.78 0.62 -0.443388
0.78 0.64 -0.44041
0.78 0.66 -0.432748
0.78 0.68 -0.419191
0.78 0.70 -0.406018
0.78 0.72 -0.389101
0.78 0.74 -0.369403
0.78 0.76 -0.344879
0.78 0.78 -0.320908
0.78 0.80 -0.296539
0.78 0.82 -0.268915
0.78 0.84 -0.237247
0.78 0.86 -0.209393
0.78 0.88 -0.170961
0.78 0.90 -0.141209
0.80 0.52 -0.347343
0.80 0.54 -0.388953
0.80 0.56 -0.417072
0.80 0.58 -0.434673
0.80 0.60 -0.443672
0.80 0.62 -0.445341
0.80 0.64 -0.440577
0.80 0.66 -0.431379
0.80 0.68 -0.418671
0.80 0.70 -0.401267
0.80 0.72 -0.382613
0.80 0.74 -0.359703
0.80 0.76 -0.338044
0.80 0.78 -0.315116
0.80 0.80 -0.280538
0.80 0.82 -0.25283
0.80 0.84 -0.223079
0.80 0.86 -0.188495
0.80 0.88 -0.15098
0.80 0.90 -0.117448
0.82 0.52 -0.343299
0.82 0.54 -0.384888
0.82 0.56 -0.413607
0.82 0.58 -0.432855
0.82 0.60 -0.442324
0.82 0.62 -0.443149
0.82 0.64 -0.439527
0.82 0.66 -0.429284
0.82 0.68 -0.415504
0.82 0.70 -0.39745
0.82 0.72 -0.376259
0.82 0.74 -0.351186
0.82 0.76 -0.323956
0.82 0.78 -0.296997
0.82 0.80 -0.267917
0.82 0.82 -0.234965
0.82 0.84 -0.203502
0.82 0.86 -0.161763
0.82 0.88 -0.133735
0.82 0.90 -0.0895438
0.84 0.52 -0.336526
0.84 0.54 -0.377416
0.84 0.56 -0.407702
0.84 0.58 -0.428191
0.84 0.60 -0.437559
0.84 0.62 -0.439005
0.84 0.64 -0.433868
0.84 0.66 -0.424005
0.84 0.68 -0.408752
0.84 0.70 -0.387923
0.84 0.72 -0.365954
0.84 0.74 -0.340769
0.84 0.76 -0.31038
0.84 0.78 -0.281647
0.84 0.80 -0.246779
0.84 0.82 -0.216097
0.84 0.84 -0.176525
0.84 0.86 -0.141671
0.84 0.88 -0.101415
0.84 0.90 -0.064529
0.86 0.52 -0.323815
0.86 0.54 -0.368276
0.86 0.56 -0.398566
0.86 0.58 -0.418753
0.86 0.60 -0.425896
0.86 0.62 -0.43081
0.86 0.64 -0.424496
0.86 0.66 -0.413271
0.86 0.68 -0.399589
0.86 0.70 -0.377203
0.86 0.72 -0.354698
0.86 0.74 -0.325116
0.86 0.76 -0.294259
0.86 0.78 -0.264198
0.86 0.80 -0.228469
0.86 0.82 -0.192705
0.86 0.84 -0.152526
0.86 0.86 -0.116267
0.86 0.88 -0.0750024
0.86 0.90 -0.0232558
0.88 0.52 -0.313102
0.88 0.54 -0.359119
0.88 0.56 -0.386902
0.88 0.58 -0.406799
0.88 0.60 -0.416891
0.88 0.62 -0.41801
0.88 0.64 -0.41566
0.88 0.66 -0.400767
0.88 0.68 -0.385394
0.88 0.70 -0.360701
0.88 0.72 -0.338442
0.88 0.74 -0.308038
0.88 0.76 -0.273813
0.88 0.78 -0.240809
0.88 0.80 -0.202364
0.88 0.82 -0.166792
0.88 0.84 -0.129827
0.88 0.86 -0.0804433
0.88 0.88 -0.0362347
0.88 0.90 0.0150787
0.90 0.52 -0.300788
0.90 0.54 -0.341862
0.90 0.56 -0.373603
0.90 0.58 -0.39343
0.90 0.60 -0.402774
0.90 0.62 -0.403839
0.90 0.64 -0.399113
0.90 0.66 -0.385468
0.90 0.68 -0.367113
0.90 0.70 -0.343504
0.90 0.72 -0.315127
0.90 0.74 -0.288267
0.90 0.76 -0.251218
0.90 0.78 -0.212073
0.90 0.80 -0.172193
0.90 0.82 -0.131973
0.90 0.84 -0.0946877
0.90 0.86 -0.0447076
0.90 0.88 0.00257138
0.90 0.90 0.0539842
0.92 0.52 -0.28346
0.92 0.54 -0.32601
0.92 0.56 -0.357106
0.92 0.58 -0.375854
0.92 0.60 -0.386217
0.92 0.62 -0.387104
0.92 0.64 -0.380638
0.92 0.66 -0.366916
0.92 0.68 -0.347169
0.92 0.70 -0.323468
0.92 0.72 -0.293121
0.92 0.74 -0.258
0.92 0.76 -0.224587
0.92 0.78 -0.180818
0.92 0.80 -0.148031
0.92 0.82 -0.10226
0.92 0.84 -0.0544529
0.92 0.86 -0.00325342
0.92 0.88 0.0488063
0.92 0.90 0.099687
0.94 0.52 -0.26455
0.94 0.54 -0.30643
0.94 0.56 -0.337049
0.94 0.58 -0.354999
0.94 0.60 -0.364035
0.94 0.62 -0.362144
0.94 0.64 -0.357585
0.94 0.66 -0.34151
0.94 0.68 -0.321023
0.94 0.70 -0.297569
0.94 0.72 -0.2617
0.94 0.74 -0.23247
0.94 0.76 -0.194168
0.94 0.78 -0.149607
0.94 0.80 -0.109562
0.94 0.82 -0.0610618
0.94 0.84 -0.0145487
0.94 0.86 0.0425314
0.94 0.88 0.0966421
0.94 0.90 0.152024
0.96 0.52 -0.24312
0.96 0.54 -0.283685
0.96 0.56 -0.313
0.96 0.58 -0.332253
0.96 0.60 -0.338462
0.96 0.62 -0.338177
0.96 0.64 -0.329342
0.96 0.66 -0.316601
0.96 0.68 -0.293553
0.96 0.70 -0.265707
0.96 0.72 -0.234295
0.96 0.74 -0.19539
0.96 0.76 -0.160899
0.96 0.78 -0.11365
0.96 0.80 -0.0716991
0.96 0.82 -0.0205307
0.96 0.84 0.0338762
0.96 0.86 0.0906231
0.96 0.88 0.151844
0.96 0.90 0.209192
0.98 0.52 -0.220851
0.98 0.54 -0.259319
0.98 0.56 -0.286164
0.98 0.58 -0.304892
0.98 0.60 -0.310223
0.98 0.62 -0.310087
0.98 0.64 -0.300146
0.98 0.66 -0.281612
0.98 0.68 -0.260255
0.98 0.70 -0.231142
0.98 0.72 -0.197471
0.98 0.74 -0.152026
0.98 0.76 -0.1172
0.98 0.78 -0.0687148
0.98 0.80 -0.0206919
0.98 0.82 0.0261682
0.98 0.84 0.0811788
0.98 0.86 0.145648
0.98 0.88 0.201601
0.98 0.90 0.269827
1.00 0.52 -0.19475
1.00 0.54 -0.232706
1.00 0.56 -0.258493
1.00 0.58 -0.273366
1.00 0.60 -0.279573
1.00 0.62 -0.276915
1.00 0.64 -0.265651
1.00 0.66 -0.247168
1.00 0.68 -0.222672
1.00 0.70 -0.190997
1.00 0.72 -0.158737
1.00 0.74 -0.115
1.00 0.76 -0.0731947
1.00 0.78 -0.0230434
1.00 0.80 0.0296311
1.00 0.82 0.0852099
1.00 0.84 0.144246
1.00 0.86 0.204635
1.00 0.88 0.263089
1.00 0.90 0.334893
0.30 0.51 0.332189
0.30 0.52 0.304897
0.30 0.53 0.282682
0.30 0.54 0.258218
0.30 0.55 0.233276
0.30 0.56 0.213467
0.30 0.57 0.188449
0.30 0.58 0.170657
0.30 0.59 0.144851
0.30 0.60 0.124133
0.30 0.61 0.105173
0.30 0.62 0.0848173
0.30 0.63 0.0680627
0.30 0.64 0.0503308
0.30 0.65 0.0311813
0.30 0.66 0.0130808
0.30 0.67 -0.00251856
0.30 0.68 -0.0184388
0.30 0.69 -0.0365855
0.30 0.70 -0.0511723
0.30 0.71 -0.0687639
0.30 0.72 -0.0808599
0.30 0.73 -0.0949667
0.30 0.74 -0.107238
0.30 0.75 -0.120882
0.30 0.76 -0.133313
0.30 0.77 -0.144809
0.30 0.78 -0.156002
0.30 0.79 -0.165017
0.30 0.80 -0.176521
0.30 0.81 -0.186661
0.30 0.82 -0.194923
0.30 0.83 -0.202693
0.30 0.84 -0.211052
0.30 0.85 -0.218167
0.30 0.86 -0.223908
0.30 0.87 -0.229166
0.30 0.88 -0.235853
0.30 0.89 -0.240605
0.30 0.90 -0.242376
0.31 0.51 0.307332
0.31 0.52 0.285257
0.31 0.53 0.261667
0.31 0.54 0.238739
0.31 0.55 0.217331
0.31 0.56 0.195967
0.31 0.57 0.173683
0.31 0.58 0.153605
0.31 0.59 0.131873
0.31 0.60 0.110462
0.31 0.61 0.0903334
0.31 0.62 0.0721146
0.31 0.63 0.0524666
0.31 0.64 0.0370518
0.31 0.65 0.0191567
0.31 0.66 0.00399235
0.31 0.67 -0.0135393
0.31 0.68 -0.0294236
0.31 0.69 -0.04452
0.31 0.70 -0.0613165
0.31 0.71 -0.0762325
0.31 0.72 -0.0881695
0.31 0.73 -0.102068
0.31 0.74 -0.113866
0.31 0.75 -0.127774
0.31 0.76 -0.138152
0.31 0.77 -0.15037
0.31 0.78 -0.161422
0.31 0.79 -0.171788
0.31 0.80 -0.181256
0.31 0.81 -0.190388
0.31 0.82 -0.198079
0.31 0.83 -0.207054
0.31 0.84 -0.215351
0.31 0.85 -0.219547
0.31 0.86 -0.22815
0.31 0.87 -0.233007
0.31 0.88 -0.235831
0.31 0.89 -0.239715
0.31 0.90 -0.24461
0.32 0.51 0.288022
0.32 0.52 0.264564
0.32 0.53 0.242618
0.32 0.54 0.218144
0.32 0.55 0.198979
0.32 0.56 0.176367
0.32 0.57 0.15767
0.32 0.58 0.136939
0.32 0.59 0.117049
0.32 0.60 0.0976674
0.32 0.61 0.0803905
0.32 0.62 0.0620913
0.32 0.63 0.0427357
0.32 0.64 0.0261951
0.32 0.65 0.00889041
0.32 0.66 -0.00637989
0.32 0.67 -0.0232579
0.32 0.68 -0.0396826
0.32 0.69 -0.0544241
0.32 0.70 -0.0682243
0.32 0.71 -0.0835107
0.32 0.72 -0.0961373
0.32 0.73 -0.109301
0.32 0.74 -0.121653
0.32 0.75 -0.133236
0.32 0.76 -0.146638
0.32 0.77 -0.156291
0.32 0.78 -0.166099
0.32 0.79 -0.1774
0.32 0.80 -0.186126
0.32 0.81 -0.194873
0.32 0.82 -0.20362
0.32 0.83 -0.209693
0.32 0.84 -0.218723
0.32 0.85 -0.224508
0.32 0.86 -0.23026
0.32 0.87 -0.233884
0.32 0.88 -0.240549
0.32 0.89 -0.242421
0.32 0.90 -0.245525
0.33 0.51 0.265558
0.33 0.52 0.244382
0.33 0.53 0.223125
0.33 0.54 0.202621
0.33 0.55 0.181177
0.33 0.56 0.161858
0.33 0.57 0.13959
0.33 0.58 0.123066
0.33 0.59 0.103147
0.33 0.60 0.0838463
0.33 0.61 0.0645834
0.33 0.62 0.0473593
0.33 0.63 0.0297483
0.33 0.64 0.0129472
0.33 0.65 -0.00231986
0.33 0.66 -0.0186791
0.33 0.67 -0.0354276
0.33 0.68 -0.0484238
0.33 0.69 -0.0640383
0.33 0.70 -0.0774728
0.33 0.71 -0.0904328
0.33 0.72 -0.102635
0.33 0.73 -0.116122
0.33 0.74 -0.129618
0.33 0.75 -0.139045
0.33 0.76 -0.152535
0.33 0.77 -0.162285
0.33 0.78 -0.172245
0.33 0.79 -0.182395
0.33 0.80 -0.188802
0.33 0.81 -0.197118
0.33 0.82 -0.206369
0.33 0.83 -0.214036
0.33 0.84 -0.219915
0.33 0.85 -0.227111
0.33 0.86 -0.23313
0.33 0.87 -0.238173
0.33 0.88 -0.242644
0.33 0.89 -0.244663
0.33 0.90 -0.246569
0.34 0.51 0.243284
0.34 0.52 0.225575
0.34 0.53 0.202426
0.34 0.54 0.184309
0.34 0.55 0.159998
0.34 0.56 0.142114
0.34 0.57 0.12467
0.34 0.58 0.106458
0.34 0.59 0.0871246
0.34 0.60 0.0700572
0.34 0.61 0.0512914
0.34 0.62 0.0373584
0.34 0.63 0.0169516
0.34 0.64 0.00340223
0.34 0.65 -0.0133194
0.34 0.66 -0.0288863
0.34 0.67 -0.0449466
0.34 0.68 -0.0577361
0.34 0.69 -0.0729072
0.34 0.70 -0.0850855
0.34 0.71 -0.100408
0.34 0.72 -0.112597
0.34 0.73 -0.124297
0.34 0.74 -0.136084
0.34 0.75 -0.146479
0.34 0.76 -0.157018
0.34 0.77 -0.167697
0.34 0.78 -0.177594
0.34 0.79 -0.188309
0.34 0.80 -0.195704
0.34 0.81 -0.202898
0.34 0.82 -0.210532
0.34 0.83 -0.218687
0.34 0.84 -0.223743
0.34 0.85 -0.229825
0.34 0.86 -0.234962
0.34 0.87 -0.237688
0.34 0.88 -0.243289
0.34 0.89 -0.247325
0.34 0.90 -0.248097
0.35 0.51 0.222419
0.35 0.52 0.20354
0.35 0.53 0.182702
0.35 0.54 0.162231
0.35 0.55 0.143409
0.35 0.56 0.125988
0.35 0.57 0.108402
0.35 0.58 0.0901325
0.35 0.59 0.0716271
0.35 0.60 0.0548425
0.35 0.61 0.0407237
0.35 0.62 0.0225533
0.35 0.63 0.0043141
0.35 0.64 -0.0101337
0.35 0.65 -0.0251695
0.35 0.66 -0.0398867
0.35 0.67 -0.0556831
0.35 0.68 -0.0696333
0.35 0.69 -0.082406
0.35 0.70 -0.0964441
0.35 0.71 -0.108846
0.35 0.72 -0.121703
0.35 0.73 -0.133132
0.35 0.74 -0.142407
0.35 0.75 -0.1527
0.35 0.76 -0.165052
0.35 0.77 -0.172942
0.35 0.78 -0.183223
0.35 0.79 -0.19165
0.35 0.80 -0.20012
0.35 0.81 -0.208158
0.35 0.82 -0.214965
0.35 0.83 -0.219613
0.35 0.84 -0.226018
0.35 0.85 -0.232137
0.35 0.86 -0.237289
0.35 0.87 -0.241405
0.35 0.88 -0.245521
0.35 0.89 -0.248964
0.35 0.90 -0.249525
0.36 0.51 0.198778
0.36 0.52 0.178665
0.36 0.53 0.162704
0.36 0.54 0.143063
0.36 0.55 0.127222
0.36 0.56 0.108179
0.36 0.57 0.0905979
0.36 0.58 0.0724552
0.36 0.59 0.0568907
0.36 0.60 0.0412965
0.36 0.61 0.0223506
0.36 0.62 0.00709762
0.36 0.63 -0.00647452
0.36 0.64 -0.0219289
0.36 0.65 -0.0388111
0.36 0.66 -0.0511294
0.36 0.67 -0.0666948
0.36 0.68 -0.0789217
0.36 0.69 -0.0915177
0.36 0.70 -0.106499
0.36 0.71 -0.117383
0.36 0.72 -0.129164
0.36 0.73 -0.140125
0.36 0.74 -0.151123
0.36 0.75 -0.161554
0.36 0.76 -0.171874
0.36 0.77 -0.179546
0.36 0.78 -0.188596
0.36 0.79 -0.197833
0.36 0.80 -0.206646
0.36 0.81 -0.212838
0.36 0.82 -0.219154
0.36 0.83 -0.227008
0.36 0.84 -0.231207
0.36 0.85 -0.237297
0.36 0.86 -0.239275
0.36 0.87 -0.243853
0.36 0.88 -0.248579
0.36 0.89 -0.248873
0.36 0.90 -0.251943
0.37 0.51 0.176729
0.37 0.52 0.158833
0.37 0.53 0.140256
0.37 0.54 0.124687
0.37 0.55 0.105651
0.37 0.56 0.0904757
0.37 0.57 0.0734181
0.37 0.58 0.0572944
0.37 0.59 0.0404608
0.37 0.60 0.0228039
0.37 0.61 0.00775578
0.37 0.62 -0.00576894
0.37 0.63 -0.0214867
0.37 0.64 -0.0341455
0.37 0.65 -0.0482672
0.37 0.66 -0.0623147
0.37 0.67 -0.0763025
0.37 0.68 -0.0890314
0.37 0.69 -0.100889
0.37 0.70 -0.113839
0.37 0.71 -0.126555
0.37 0.72 -0.135976
0.37 0.73 -0.146582
0.37 0.74 -0.157406
0.37 0.75 -0.168568
0.37 0.76 -0.17778
0.37 0.77 -0.18581
0.37 0.78 -0.195831
0.37 0.79 -0.204035
0.37 0.80 -0.210708
0.37 0.81 -0.218219
0.37 0.82 -0.222953
0.37 0.83 -0.229297
0.37 0.84 -0.2356
0.37 0.85 -0.239868
0.37 0.86 -0.242225
0.37 0.87 -0.247013
0.37 0.88 -0.248135
0.37 0.89 -0.253273
0.37 0.90 -0.252496
0.38 0.51 0.154599
0.38 0.52 0.136824
0.38 0.53 0.122135
0.38 0.54 0.104457
0.38 0.55 0.0903345
0.38 0.56 0.0713667
0.38 0.57 0.0563483
0.38 0.58 0.0394429
0.38 0.59 0.0236046
0.38 0.60 0.00856847
0.38 0.61 -0.00404937
0.38 0.62 -0.0180854
0.38 0.63 -0.0333645
0.38 0.64 -0.0471411
0.38 0.65 -0.0619498
0.38 0.66 -0.0750573
0.38 0.67 -0.0880079
0.38 0.68 -0.0990344
0.38 0.69 -0.112337
0.38 0.70 -0.125428
0.38 0.71 -0.133171
0.38 0.72 -0.144244
0.38 0.73 -0.154127
0.38 0.74 -0.165151
0.38 0.75 -0.175378
0.38 0.76 -0.183737
0.38 0.77 -0.192363
0.38 0.78 -0.199185
0.38 0.79 -0.209377
0.38 0.80 -0.215638
0.38 0.81 -0.222366
0.38 0.82 -0.227524
0.38 0.83 -0.231992
0.38 0.84 -0.238129
0.38 0.85 -0.242833
0.38 0.86 -0.246265
0.38 0.87 -0.249548
0.38 0.88 -0.25197
0.38 0.89 -0.254348
0.38 0.90 -0.256356
0.39 0.51 0.13275
0.39 0.52 0.116619
0.39 0.53 0.0994135
0.39 0.54 0.0843615
0.39 0.55 0.070766
0.39 0.56 0.0546192
0.39 0.57 0.0396294
0.39 0.58 0.0238706
0.39 0.59 0.00704245
0.39 0.60 -0.00633116
0.39 0.61 -0.0193472
0.39 0.62 -0.0329847
0.39 0.63 -0.0478882
0.39 0.64 -0.0598261
0.39 0.65 -0.074468
0.39 0.66 -0.0847647
0.39 0.67 -0.0993879
0.39 0.68 -0.111041
0.39 0.69 -0.123406
0.39 0.70 -0.13325
0.39 0.71 -0.141687
0.39 0.72 -0.154726
0.39 0.73 -0.163013
0.39 0.74 -0.173102
0.39 0.75 -0.182641
0.39 0.76 -0.188803
0.39 0.77 -0.198842
0.39 0.78 -0.207658
0.39 0.79 -0.212216
0.39 0.80 -0.219748
0.39 0.81 -0.226334
0.39 0.82 -0.232444
0.39 0.83 -0.238185
0.39 0.84 -0.24179
0.39 0.85 -0.244802
0.39 0.86 -0.248829
0.39 0.87 -0.251521
0.39 0.88 -0.253476
0.39 0.89 -0.256936
0.39 0.90 -0.258265
0.40 0.51 0.11137
0.40 0.52 0.0930204
0.40 0.53 0.078769
0.40 0.54 0.0670962
0.40 0.55 0.0510413
0.40 0.56 0.03665
0.40 0.57 0.0210503
0.40 0.58 0.00558331
0.40 0.59 -0.009187
0.40 0.60 -0.0194358
0.40 0.61 -0.0350513
0.40 0.62 -0.0487166
0.40 0.63 -0.0599977
0.40 0.64 -0.073975
0.40 0.65 -0.0860756
0.40 0.66 -0.0974058
0.40 0.67 -0.108014
0.40 0.68 -0.120558
0.40 0.69 -0.131908
0.40 0.70 -0.142924
0.40 0.71 -0.152579
0.40 0.72 -0.16273
0.40 0.73 -0.171048
0.40 0.74 -0.181846
0.40 0.75 -0.188199
0.40 0.76 -0.196997
0.40 0.77 -0.205906
0.40 0.78 -0.211756
0.40 0.79 -0.220191
0.40 0.80 -0.224855
0.40 0.81 -0.230044
0.40 0.82 -0.238716
0.40 0.83 -0.241496
0.40 0.84 -0.245766
0.40 0.85 -0.248779
0.40 0.86 -0.252107
0.40 0.87 -0.255595
0.40 0.88 -0.256612
0.40 0.89 -0.258431
0.40 0.90 -0.258874
0.41 0.51 0.0883526
0.41 0.52 0.0739394
0.41 0.53 0.0597072
0.41 0.54 0.045903
0.41 0.55 0.0327401
0.41 0.56 0.0177893
0.41 0.57 0.000527134
0.41 0.58 -0.0111369
0.41 0.59 -0.0240158
0.41 0.60 -0.0363228
0.41 0.61 -0.0488489
0.41 0.62 -0.0620836
0.41 0.63 -0.0757054
0.41 0.64 -0.0861751
0.41 0.65 -0.0985402
0.41 0.66 -0.11045
0.41 0.67 -0.122187
0.41 0.68 -0.131684
0.41 0.69 -0.142498
0.41 0.70 -0.151873
0.41 0.71 -0.161928
0.41 0.72 -0.170278
0.41 0.73 -0.180551
0.41 0.74 -0.188296
0.41 0.75 -0.197406
0.41 0.76 -0.203374
0.41 0.77 -0.211347
0.41 0.78 -0.218805
0.41 0.79 -0.225774
0.41 0.80 -0.229899
0.41 0.81 -0.236437
0.41 0.82 -0.240964
0.41 0.83 -0.244019
0.41 0.84 -0.248367
0.41 0.85 -0.251794
0.41 0.86 -0.253785
0.41 0.87 -0.255871
0.41 0.88 -0.257487
0.41 0.89 -0.260424
0.41 0.90 -0.259177
0.42 0.51 0.0694282
0.42 0.52 0.0544375
0.42 0.53 0.0395318
0.42 0.54 0.0260716
0.42 0.55 0.0125372
0.42 0.56 2.05545e-05
0.42 0.57 -0.0146324
0.42 0.58 -0.0274999
0.42 0.59 -0.0417546
0.42 0.60 -0.0521014
0.42 0.61 -0.0645545
0.42 0.62 -0.0769936
0.42 0.63 -0.088714
0.42 0.64 -0.0996936
0.42 0.65 -0.110259
0.42 0.66 -0.12239
0.42 0.67 -0.131826
0.42 0.68 -0.141853
0.42 0.69 -0.15235
0.42 0.70 -0.161703
0.42 0.71 -0.170793
0.42 0.72 -0.180216
0.42 0.73 -0.188474
0.42 0.74 -0.197174
0.42 0.75 -0.203978
0.42 0.76 -0.211276
0.42 0.77 -0.218504
0.42 0.78 -0.224758
0.42 0.79 -0.230842
0.42 0.80 -0.234457
0.42 0.81 -0.240998
0.42 0.82 -0.244646
0.42 0.83 -0.249267
0.42 0.84 -0.250844
0.42 0.85 -0.253671
0.42 0.86 -0.256286
0.42 0.87 -0.258923
0.42 0.88 -0.259131
0.42 0.89 -0.259804
0.42 0.90 -0.261779
0.43 0.51 0.047232
0.43 0.52 0.0321152
0.43 0.53 0.0202491
0.43 0.54 0.00751713
0.43 0.55 -0.00741467
0.43 0.56 -0.0178951
0.43 0.57 -0.0312528
0.43 0.58 -0.0451555
0.43 0.59 -0.05729
0.43 0.60 -0.0689081
0.43 0.61 -0.0796691
0.43 0.62 -0.0899725
0.43 0.63 -0.101775
0.43 0.64 -0.111821
0.43 0.65 -0.123616
0.43 0.66 -0.133653
0.43 0.67 -0.143582
0.43 0.68 -0.15287
0.43 0.69 -0.162721
0.43 0.70 -0.171729
0.43 0.71 -0.178743
0.43 0.72 -0.187619
0.43 0.73 -0.195426
0.43 0.74 -0.203047
0.43 0.75 -0.211296
0.43 0.76 -0.217322
0.43 0.77 -0.224037
0.43 0.78 -0.229682
0.43 0.79 -0.235941
0.43 0.80 -0.240587
0.43 0.81 -0.243053
0.43 0.82 -0.248925
0.43 0.83 -0.253421
0.43 0.84 -0.254636
0.43 0.85 -0.258728
0.43 0.86 -0.259739
0.43 0.87 -0.260721
0.43 0.88 -0.261824
0.43 0.89 -0.260689
0.43 0.90 -0.262152
0.44 0.51 0.0269328
0.44 0.52 0.0126037
0.44 0.53 0.000789539
0.44 0.54 -0.0120371
0.44 0.55 -0.0269653
0.44 0.56 -0.037102
0.44 0.57 -0.0497751
0.44 0.58 -0.0617215
0.44 0.59 -0.0721825
0.44 0.60 -0.0833139
0.44 0.61 -0.0939781
0.44 0.62 -0.103727
0.44 0.63 -0.115605
0.44 0.64 -0.126191
0.44 0.65 -0.137189
0.44 0.66 -0.144691
0.44 0.67 -0.154017
0.44 0.68 -0.164339
0.44 0.69 -0.174106
0.44 0.70 -0.181561
0.44 0.71 -0.188138
0.44 0.72 -0.195953
0.44 0.73 -0.205113
0.44 0.74 -0.211529
0.44 0.75 -0.21774
0.44 0.76 -0.225066
0.44 0.77 -0.230151
0.44 0.78 -0.235626
0.44 0.79 -0.239997
0.44 0.80 -0.244535
0.44 0.81 -0.248273
0.44 0.82 -0.253172
0.44 0.83 -0.254644
0.44 0.84 -0.258133
0.44 0.85 -0.259811
0.44 0.86 -0.262773
0.44 0.87 -0.263776
0.44 0.88 -0.262787
0.44 0.89 -0.262309
0.44 0.90 -0.261171
0.45 0.51 0.00550357
0.45 0.52 -0.00651233
0.45 0.53 -0.020877
0.45 0.54 -0.0324723
0.45 0.55 -0.045052
0.45 0.56 -0.0557304
0.45 0.57 -0.0671729
0.45 0.58 -0.0782662
0.45 0.59 -0.0869096
0.45 0.60 -0.0990306
0.45 0.61 -0.109421
0.45 0.62 -0.120099
0.45 0.63 -0.130908
0.45 0.64 -0.139131
0.45 0.65 -0.147979
0.45 0.66 -0.157572
0.45 0.67 -0.165651
0.45 0.68 -0.176225
0.45 0.69 -0.18263
0.45 0.70 -0.190753
0.45 0.71 -0.198318
0.45 0.72 -0.206997
0.45 0.73 -0.212429
0.45 0.74 -0.218059
0.45 0.75 -0.225341
0.45 0.76 -0.231374
0.45 0.77 -0.235672
0.45 0.78 -0.242332
0.45 0.79 -0.245553
0.45 0.80 -0.251145
0.45 0.81 -0.253563
0.45 0.82 -0.257978
0.45 0.83 -0.258039
0.45 0.84 -0.259309
0.45 0.85 -0.261853
0.45 0.86 -0.264773
0.45 0.87 -0.26321
0.45 0.88 -0.264246
0.45 0.89 -0.264773
0.45 0.90 -0.264583
0.46 0.51 -0.015473
0.46 0.52 -0.0274326
0.46 0.53 -0.0395246
0.46 0.54 -0.0509556
0.46 0.55 -0.0627324
0.46 0.56 -0.074279
0.46 0.57 -0.0820829
0.46 0.58 -0.0948902
0.46 0.59 -0.105077
0.46 0.60 -0.113627
0.46 0.61 -0.123926
0.46 0.62 -0.134542
0.46 0.63 -0.142675
0.46 0.64 -0.152125
0.46 0.65 -0.159284
0.46 0.66 -0.169034
0.46 0.67 -0.177356
0.46 0.68 -0.186362
0.46 0.69 -0.193683
0.46 0.70 -0.201493
0.46 0.71 -0.205609
0.46 0.72 -0.215365
0.46 0.73 -0.219731
0.46 0.74 -0.227126
0.46 0.75 -0.232523
0.46 0.76 -0.237188
0.46 0.77 -0.242854
0.46 0.78 -0.248063
0.46 0.79 -0.250379
0.46 0.80 -0.255668
0.46 0.81 -0.258403
0.46 0.82 -0.259488
0.46 0.83 -0.263255
0.46 0.84 -0.264292
0.46 0.85 -0.265168
0.46 0.86 -0.267558
0.46 0.87 -0.26748
0.46 0.88 -0.265994
0.46 0.89 -0.268541
0.46 0.90 -0.262204
0.47 0.51 -0.0315882
0.47 0.52 -0.0472816
0.47 0.53 -0.0570065
0.47 0.54 -0.068702
0.47 0.55 -0.079365
0.47 0.56 -0.0882735
0.47 0.57 -0.100446
0.47 0.58 -0.110702
0.47 0.59 -0.121746
0.47 0.60 -0.130893
0.47 0.61 -0.138654
0.47 0.62 -0.148155
0.47 0.63 -0.156733
0.47 0.64 -0.164362
0.47 0.65 -0.173551
0.47 0.66 -0.180481
0.47 0.67 -0.188718
0.47 0.68 -0.19658
0.47 0.69 -0.204486
0.47 0.70 -0.208635
0.47 0.71 -0.21618
0.47 0.72 -0.222801
0.47 0.73 -0.230081
0.47 0.74 -0.23398
0.47 0.75 -0.239278
0.47 0.76 -0.244168
0.47 0.77 -0.248555
0.47 0.78 -0.25279
0.47 0.79 -0.257895
0.47 0.80 -0.25995
0.47 0.81 -0.261905
0.47 0.82 -0.263714
0.47 0.83 -0.265683
0.47 0.84 -0.266773
0.47 0.85 -0.268254
0.47 0.86 -0.269856
0.47 0.87 -0.26753
0.47 0.88 -0.269046
0.47 0.89 -0.266509
0.47 0.90 -0.264761
0.48 0.51 -0.0549328
0.48 0.52 -0.0640676
0.48 0.53 -0.0761958
0.48 0.54 -0.0866796
0.48 0.55 -0.0980858
0.48 0.56 -0.106825
0.48 0.57 -0.118382
0.48 0.58 -0.125049
0.48 0.59 -0.135401
0.48 0.60 -0.145108
0.48 0.61 -0.152972
0.48 0.62 -0.161718
0.48 0.63 -0.168947
0.48 0.64 -0.175739
0.48 0.65 -0.185013
0.48 0.66 -0.1926
0.48 0.67 -0.199165
0.48 0.68 -0.206696
0.48 0.69 -0.21332
0.48 0.70 -0.219164
0.48 0.71 -0.224145
0.48 0.72 -0.232002
0.48 0.73 -0.23601
0.48 0.74 -0.240849
0.48 0.75 -0.246772
0.48 0.76 -0.250898
0.48 0.77 -0.254939
0.48 0.78 -0.258034
0.48 0.79 -0.261516
0.48 0.80 -0.262925
0.48 0.81 -0.266513
0.48 0.82 -0.268448
0.48 0.83 -0.268132
0.48 0.84 -0.268674
0.48 0.85 -0.271868
0.48 0.86 -0.26996
0.48 0.87 -0.270541
0.48 0.88 -0.270226
0.48 0.89 -0.26693
0.48 0.90 -0.26575
0.49 0.51 -0.0702681
0.49 0.52 -0.083886
0.49 0.53 -0.0961698
0.49 0.54 -0.105668
0.49 0.55 -0.115434
0.49 0.56 -0.124721
0.49 0.57 -0.132447
0.49 0.58 -0.142195
0.49 0.59 -0.151094
0.49 0.60 -0.159504
0.49 0.61 -0.167548
0.49 0.62 -0.173466
0.49 0.63 -0.18306
0.49 0.64 -0.189264
0.49 0.65 -0.195962
0.49 0.66 -0.202589
0.49 0.67 -0.210377
0.49 0.68 -0.216874
0.49 0.69 -0.223903
0.49 0.70 -0.227944
0.49 0.71 -0.233044
0.49 0.72 -0.23904
0.49 0.73 -0.244961
0.49 0.74 -0.248441
0.49 0.75 -0.253267
0.49 0.76 -0.257709
0.49 0.77 -0.260664
0.49 0.78 -0.263712
0.49 0.79 -0.266548
0.49 0.80 -0.269644
0.49 0.81 -0.270134
0.49 0.82 -0.272088
0.49 0.83 -0.272178
0.49 0.84 -0.275244
0.49 0.85 -0.273294
0.49 0.86 -0.273096
0.49 0.87 -0.27189
0.49 0.88 -0.270935
0.49 0.89 -0.270161
0.49 0.90 -0.267478
0.50 0.51 -0.0889519
0.50 0.52 -0.101544
0.50 0.53 -0.11383
0.50 0.54 -0.122494
0.50 0.55 -0.130573
0.50 0.56 -0.140507
0.50 0.57 -0.151115
0.50 0.58 -0.157975
0.50 0.59 -0.167121
0.50 0.60 -0.174029
0.50 0.61 -0.18274
0.50 0.62 -0.189818
0.50 0.63 -0.196485
0.50 0.64 -0.203719
0.50 0.65 -0.209446
0.50 0.66 -0.216193
0.50 0.67 -0.222143
0.50 0.68 -0.22755
0.50 0.69 -0.233938
0.50 0.70 -0.239793
0.50 0.71 -0.243926
0.50 0.72 -0.248361
0.50 0.73 -0.252057
0.50 0.74 -0.256486
0.50 0.75 -0.259526
0.50 0.76 -0.26376
0.50 0.77 -0.265843
0.50 0.78 -0.268192
0.50 0.79 -0.272549
0.50 0.80 -0.274044
0.50 0.81 -0.275452
0.50 0.82 -0.276104
0.50 0.83 -0.276771
0.50 0.84 -0.276976
0.50 0.85 -0.275453
0.50 0.86 -0.275887
0.50 0.87 -0.275334
0.50 0.88 -0.273557
0.50 0.89 -0.271783
0.50 0.90 -0.264037
0.51 0.51 -0.10596
0.51 0.52 -0.117681
0.51 0.53 -0.129543
0.51 0.54 -0.13909
0.51 0.55 -0.147947
0.51 0.56 -0.158022
0.51 0.57 -0.165398
0.51 0.58 -0.173562
0.51 0.59 -0.181292
0.51 0.60 -0.188785
0.51 0.61 -0.19636
0.51 0.62 -0.202591
0.51 0.63 -0.209524
0.51 0.64 -0.215693
0.51 0.65 -0.22233
0.51 0.66 -0.228251
0.51 0.67 -0.233474
0.51 0.68 -0.239259
0.51 0.69 -0.24303
0.51 0.70 -0.24781
0.51 0.71 -0.251373
0.51 0.72 -0.255795
0.51 0.73 -0.261559
0.51 0.74 -0.26425
0.51 0.75 -0.268573
0.51 0.76 -0.270654
0.51 0.77 -0.273227
0.51 0.78 -0.274938
0.51 0.79 -0.277406
0.51 0.80 -0.278155
0.51 0.81 -0.277333
0.51 0.82 -0.278977
0.51 0.83 -0.278981
0.51 0.84 -0.278952
0.51 0.85 -0.278817
0.51 0.86 -0.277882
0.51 0.87 -0.276013
0.51 0.88 -0.275069
0.51 0.89 -0.267765
0.51 0.90 -0.265692
0.52 0.51 -0.123811
0.52 0.52 -0.133922
0.52 0.53 -0.145338
0.52 0.54 -0.15487
0.52 0.55 -0.163586
0.52 0.56 -0.172795
0.52 0.57 -0.179735
0.52 0.58 -0.18945
0.52 0.59 -0.196604
0.52 0.60 -0.202492
0.52 0.61 -0.210193
0.52 0.62 -0.214889
0.52 0.63 -0.221023
0.52 0.64 -0.228589
0.52 0.65 -0.232552
0.52 0.66 -0.238266
0.52 0.67 -0.243735
0.52 0.68 -0.247367
0.52 0.69 -0.252313
0.52 0.70 -0.255897
0.52 0.71 -0.260593
0.52 0.72 -0.265463
0.52 0.73 -0.26882
0.52 0.74 -0.271267
0.52 0.75 -0.274898
0.52 0.76 -0.276825
0.52 0.77 -0.278166
0.52 0.78 -0.280112
0.52 0.79 -0.281556
0.52 0.80 -0.282671
0.52 0.81 -0.282544
0.52 0.82 -0.282822
0.52 0.83 -0.283563
0.52 0.84 -0.282056
0.52 0.85 -0.281239
0.52 0.86 -0.279615
0.52 0.87 -0.275438
0.52 0.88 -0.273272
0.52 0.89 -0.271001
0.52 0.90 -0.266496
0.53 0.51 -0.140126
0.53 0.52 -0.149355
0.53 0.53 -0.161023
0.53 0.54 -0.172503
0.53 0.55 -0.1814
0.53 0.56 -0.187991
0.53 0.57 -0.195691
0.53 0.58 -0.202908
0.53 0.59 -0.211213
0.53 0.60 -0.215555
0.53 0.61 -0.223845
0.53 0.62 -0.228986
0.53 0.63 -0.235033
0.53 0.64 -0.240477
0.53 0.65 -0.2448
0.53 0.66 -0.250226
0.53 0.67 -0.253649
0.53 0.68 -0.258053
0.53 0.69 -0.261789
0.53 0.70 -0.26681
0.53 0.71 -0.269909
0.53 0.72 -0.273694
0.53 0.73 -0.276135
0.53 0.74 -0.279393
0.53 0.75 -0.279834
0.53 0.76 -0.283045
0.53 0.77 -0.285072
0.53 0.78 -0.284505
0.53 0.79 -0.285382
0.53 0.80 -0.287077
0.53 0.81 -0.284842
0.53 0.82 -0.285789
0.53 0.83 -0.286007
0.53 0.84 -0.284835
0.53 0.85 -0.283321
0.53 0.86 -0.277329
0.53 0.87 -0.279339
0.53 0.88 -0.271755
0.53 0.89 -0.269468
0.53 0.90 -0.267196
0.54 0.51 -0.154909
0.54 0.52 -0.169012
0.54 0.53 -0.175405
0.54 0.54 -0.186101
0.54 0.55 -0.196004
0.54 0.56 -0.203929
0.54 0.57 -0.211714
0.54 0.58 -0.218177
0.54 0.59 -0.224293
0.54 0.60 -0.231657
0.54 0.61 -0.237629
0.54 0.62 -0.241394
0.54 0.63 -0.247649
0.54 0.64 -0.251646
0.54 0.65 -0.256933
0.54 0.66 -0.260556
0.54 0.67 -0.262741
0.54 0.68 -0.267976
0.54 0.69 -0.272374
0.54 0.70 -0.276401
0.54 0.71 -0.278572
0.54 0.72 -0.281184
0.54 0.73 -0.284951
0.54 0.74 -0.285508
0.54 0.75 -0.28825
0.54 0.76 -0.290323
0.54 0.77 -0.290826
0.54 0.78 -0.289299
0.54 0.79 -0.291583
0.54 0.80 -0.289278
0.54 0.81 -0.289291
0.54 0.82 -0.288646
0.54 0.83 -0.28887
0.54 0.84 -0.287088
0.54 0.85 -0.284495
0.54 0.86 -0.281329
0.54 0.87 -0.275502
0.54 0.88 -0.273423
0.54 0.89 -0.272123
0.54 0.90 -0.268536
0.55 0.51 -0.171142
0.55 0.52 -0.182206
0.55 0.53 -0.193196
0.55 0.54 -0.202644
0.55 0.55 -0.21184
0.55 0.56 -0.217522
0.55 0.57 -0.22623
0.55 0.58 -0.232907
0.55 0.59 -0.237211
0.55 0.60 -0.244908
0.55 0.61 -0.249692
0.55 0.62 -0.254653
0.55 0.63 -0.258876
0.55 0.64 -0.263713
0.55 0.65 -0.267526
0.55 0.66 -0.272345
0.55 0.67 -0.27566
0.55 0.68 -0.278872
0.55 0.69 -0.282854
0.55 0.70 -0.285731
0.55 0.71 -0.286777
0.55 0.72 -0.290258
0.55 0.73 -0.290911
0.55 0.74 -0.292889
0.55 0.75 -0.294479
0.55 0.76 -0.29495
0.55 0.77 -0.294871
0.55 0.78 -0.29577
0.55 0.79 -0.295654
0.55 0.80 -0.294011
0.55 0.81 -0.293647
0.55 0.82 -0.292858
0.55 0.83 -0.291543
0.55 0.84 -0.287678
0.55 0.85 -0.286403
0.55 0.86 -0.282775
0.55 0.87 -0.278365
0.55 0.88 -0.271476
0.55 0.89 -0.274538
0.55 0.90 -0.267323
0.56 0.51 -0.187523
0.56 0.52 -0.198741
0.56 0.53 -0.208066
0.56 0.54 -0.216586
0.56 0.55 -0.226182
0.56 0.56 -0.234572
0.56 0.57 -0.241068
0.56 0.58 -0.245478
0.56 0.59 -0.253088
0.56 0.60 -0.258384
0.56 0.61 -0.262386
0.56 0.62 -0.267399
0.56 0.63 -0.271959
0.56 0.64 -0.275585
0.56 0.65 -0.279039
0.56 0.66 -0.283242
0.56 0.67 -0.287513
0.56 0.68 -0.288544
0.56 0.69 -0.29185
0.56 0.70 -0.295675
0.56 0.71 -0.296027
0.56 0.72 -0.298302
0.56 0.73 -0.298735
0.56 0.74 -0.30142
0.56 0.75 -0.300782
0.56 0.76 -0.301294
0.56 0.77 -0.29851
0.56 0.78 -0.300849
0.56 0.79 -0.29805
0.56 0.80 -0.298322
0.56 0.81 -0.297777
0.56 0.82 -0.294962
0.56 0.83 -0.292245
0.56 0.84 -0.28983
0.56 0.85 -0.288221
0.56 0.86 -0.283677
0.56 0.87 -0.278689
0.56 0.88 -0.2767
0.56 0.89 -0.269133
0.56 0.90 -0.263966
0.57 0.51 -0.198497
0.57 0.52 -0.211096
0.57 0.53 -0.22176
0.57 0.54 -0.232255
0.57 0.55 -0.240748
0.57 0.56 -0.247633
0.57 0.57 -0.255329
0.57 0.58 -0.261166
0.57 0.59 -0.266934
0.57 0.60 -0.27236
0.57 0.61 -0.276977
0.57 0.62 -0.280339
0.57 0.63 -0.283093
0.57 0.64 -0.287493
0.57 0.65 -0.290517
0.57 0.66 -0.293632
0.57 0.67 -0.29601
0.57 0.68 -0.299364
0.57 0.69 -0.300532
0.57 0.70 -0.302758
0.57 0.71 -0.304649
0.57 0.72 -0.304795
0.57 0.73 -0.305997
0.57 0.74 -0.306895
0.57 0.75 -0.306509
0.57 0.76 -0.306302
0.57 0.77 -0.3061
0.57 0.78 -0.304359
0.57 0.79 -0.30239
0.57 0.80 -0.300829
0.57 0.81 -0.30067
0.57 0.82 -0.298366
0.57 0.83 -0.294803
0.57 0.84 -0.291911
0.57 0.85 -0.287508
0.57 0.86 -0.2844
0.57 0.87 -0.28017
0.57 0.88 -0.275426
0.57 0.89 -0.268993
0.57 0.90 -0.264495
0.58 0.51 -0.212289
0.58 0.52 -0.224551
0.58 0.53 -0.236631
0.58 0.54 -0.245811
0.58 0.55 -0.25436
0.58 0.56 -0.261071
0.58 0.57 -0.268485
0.58 0.58 -0.274658
0.58 0.59 -0.27988
0.58 0.60 -0.28476
0.58 0.61 -0.289066
0.58 0.62 -0.292786
0.58 0.63 -0.295521
0.58 0.64 -0.298453
0.58 0.65 -0.302193
0.58 0.66 -0.304975
0.58 0.67 -0.306787
0.58 0.68 -0.30698
0.58 0.69 -0.309533
0.58 0.70 -0.310646
0.58 0.71 -0.311927
0.58 0.72 -0.313546
0.58 0.73 -0.311419
0.58 0.74 -0.312005
0.58 0.75 -0.312261
0.58 0.76 -0.312259
0.58 0.77 -0.310183
0.58 0.78 -0.30935
0.58 0.79 -0.306807
0.58 0.80 -0.307356
0.58 0.81 -0.304127
0.58 0.82 -0.301954
0.58 0.83 -0.29722
0.58 0.84 -0.293266
0.58 0.85 -0.28887
0.58 0.86 -0.285346
0.58 0.87 -0.280219
0.58 0.88 -0.273233
0.58 0.89 -0.269492
0.58 0.90 -0.263769
0.59 0.51 -0.226299
0.59 0.52 -0.236903
0.59 0.53 -0.249491
0.59 0.54 -0.259231
0.59 0.55 -0.267501
0.59 0.56 -0.275463
0.59 0.57 -0.281883
0.59 0.58 -0.287157
0.59 0.59 -0.293395
0.59 0.60 -0.296808
0.59 0.61 -0.301821
0.59 0.62 -0.304059
0.59 0.63 -0.307582
0.59 0.64 -0.311072
0.59 0.65 -0.311911
0.59 0.66 -0.313992
0.59 0.67 -0.316844
0.59 0.68 -0.317859
0.59 0.69 -0.317826
0.59 0.70 -0.318767
0.59 0.71 -0.320052
0.59 0.72 -0.320811
0.59 0.73 -0.319422
0.59 0.74 -0.319197
0.59 0.75 -0.319493
0.59 0.76 -0.317903
0.59 0.77 -0.31445
0.59 0.78 -0.313915
0.59 0.79 -0.312035
0.59 0.80 -0.308502
0.59 0.81 -0.307114
0.59 0.82 -0.30421
0.59 0.83 -0.29955
0.59 0.84 -0.29253
0.59 0.85 -0.289896
0.59 0.86 -0.28525
0.59 0.87 -0.278638
0.59 0.88 -0.272825
0.59 0.89 -0.269272
0.59 0.90 -0.261373
0.60 0.51 -0.235261
0.60 0.52 -0.249435
0.60 0.53 -0.262635
0.60 0.54 -0.270979
0.60 0.55 -0.281214
0.60 0.56 -0.288036
0.60 0.57 -0.294819
0.60 0.58 -0.300747
0.60 0.59 -0.305008
0.60 0.60 -0.31016
0.60 0.61 -0.313109
0.60 0.62 -0.316566
0.60 0.63 -0.319524
0.60 0.64 -0.321202
0.60 0.65 -0.322731
0.60 0.66 -0.324842
0.60 0.67 -0.326767
0.60 0.68 -0.32705
0.60 0.69 -0.327107
0.60 0.70 -0.327297
0.60 0.71 -0.328094
0.60 0.72 -0.327276
0.60 0.73 -0.325407
0.60 0.74 -0.325095
0.60 0.75 -0.324323
0.60 0.76 -0.321271
0.60 0.77 -0.320277
0.60 0.78 -0.317442
0.60 0.79 -0.314396
0.60 0.80 -0.312747
0.60 0.81 -0.31129
0.60 0.82 -0.306947
0.60 0.83 -0.297907
0.60 0.84 -0.294755
0.60 0.85 -0.29173
0.60 0.86 -0.286179
0.60 0.87 -0.279373
0.60 0.88 -0.274783
0.60 0.89 -0.264909
0.60 0.90 -0.256878
0.61 0.51 -0.248385
0.61 0.52 -0.260984
0.61 0.53 -0.273612
0.61 0.54 -0.283041
0.61 0.55 -0.293992
0.61 0.56 -0.300862
0.61 0.57 -0.308718
0.61 0.58 -0.312589
0.61 0.59 -0.318188
0.61 0.60 -0.322258
0.61 0.61 -0.325401
0.61 0.62 -0.328735
0.61 0.63 -0.33046
0.61 0.64 -0.333008
0.61 0.65 -0.334102
0.61 0.66 -0.335137
0.61 0.67 -0.33524
0.61 0.68 -0.335463
0.61 0.69 -0.336289
0.61 0.70 -0.335996
0.61 0.71 -0.335948
0.61 0.72 -0.333835
0.61 0.73 -0.331959
0.61 0.74 -0.330747
0.61 0.75 -0.329563
0.61 0.76 -0.327199
0.61 0.77 -0.324027
0.61 0.78 -0.320535
0.61 0.79 -0.319642
0.61 0.80 -0.317289
0.61 0.81 -0.314513
0.61 0.82 -0.309191
0.61 0.83 -0.30108
0.61 0.84 -0.297217
0.61 0.85 -0.290976
0.61 0.86 -0.286282
0.61 0.87 -0.277721
0.61 0.88 -0.272065
0.61 0.89 -0.263694
0.61 0.90 -0.25506
0.62 0.51 -0.258445
0.62 0.52 -0.270488
0.62 0.53 -0.28407
0.62 0.54 -0.295142
0.62 0.55 -0.304958
0.62 0.56 -0.312727
0.62 0.57 -0.319895
0.62 0.58 -0.324293
0.62 0.59 -0.329422
0.62 0.60 -0.33441
0.62 0.61 -0.336577
0.62 0.62 -0.33945
0.62 0.63 -0.340805
0.62 0.64 -0.342802
0.62 0.65 -0.343797
0.62 0.66 -0.343951
0.62 0.67 -0.344138
0.62 0.68 -0.343888
0.62 0.69 -0.344426
0.62 0.70 -0.34271
0.62 0.71 -0.34367
0.62 0.72 -0.339989
0.62 0.73 -0.338102
0.62 0.74 -0.336574
0.62 0.75 -0.33384
0.62 0.76 -0.332291
0.62 0.77 -0.330029
0.62 0.78 -0.327491
0.62 0.79 -0.323194
0.62 0.80 -0.318035
0.62 0.81 -0.314385
0.62 0.82 -0.308168
0.62 0.83 -0.304369
0.62 0.84 -0.300296
0.62 0.85 -0.292451
0.62 0.86 -0.285251
0.62 0.87 -0.277737
0.62 0.88 -0.267833
0.62 0.89 -0.264621
0.62 0.90 -0.253245
0.63 0.51 -0.267209
0.63 0.52 -0.282631
0.63 0.53 -0.29449
0.63 0.54 -0.306435
0.63 0.55 -0.316692
0.63 0.56 -0.325014
0.63 0.57 -0.33149
0.63 0.58 -0.337086
0.63 0.59 -0.340276
0.63 0.60 -0.344264
0.63 0.61 -0.347549
0.63 0.62 -0.349464
0.63 0.63 -0.351925
0.63 0.64 -0.351785
0.63 0.65 -0.35266
0.63 0.66 -0.35314
0.63 0.67 -0.351755
0.63 0.68 -0.35238
0.63 0.69 -0.350965
0.63 0.70 -0.351259
0.63 0.71 -0.347839
0.63 0.72 -0.346398
0.63 0.73 -0.344161
0.63 0.74 -0.343307
0.63 0.75 -0.340242
0.63 0.76 -0.338032
0.63 0.77 -0.33361
0.63 0.78 -0.329804
0.63 0.79 -0.323648
0.63 0.80 -0.320319
0.63 0.81 -0.315951
0.63 0.82 -0.310296
0.63 0.83 -0.304902
0.63 0.84 -0.298282
0.63 0.85 -0.29035
0.63 0.86 -0.282532
0.63 0.87 -0.275823
0.63 0.88 -0.268591
0.63 0.89 -0.256381
0.63 0.90 -0.247115
0.64 0.51 -0.277434
0.64 0.52 -0.292938
0.64 0.53 -0.302867
0.64 0.54 -0.31629
0.64 0.55 -0.326543
0.64 0.56 -0.334568
0.64 0.57 -0.341773
0.64 0.58 -0.34748
0.64 0.59 -0.350038
0.64 0.60 -0.35365
0.64 0.61 -0.357318
0.64 0.62 -0.360597
0.64 0.63 -0.360162
0.64 0.64 -0.361312
0.64 0.65 -0.361467
0.64 0.66 -0.361678
0.64 0.67 -0.360965
0.64 0.68 -0.361107
0.64 0.69 -0.358859
0.64 0.70 -0.356849
0.64 0.71 -0.356099
0.64 0.72 -0.352557
0.64 0.73 -0.349956
0.64 0.74 -0.348264
0.64 0.75 -0.345426
0.64 0.76 -0.339909
0.64 0.77 -0.336463
0.64 0.78 -0.330253
0.64 0.79 -0.326058
0.64 0.80 -0.323159
0.64 0.81 -0.317326
0.64 0.82 -0.311491
0.64 0.83 -0.304368
0.64 0.84 -0.296504
0.64 0.85 -0.289563
0.64 0.86 -0.282324
0.64 0.87 -0.27251
0.64 0.88 -0.26361
0.64 0.89 -0.253482
0.64 0.90 -0.246605
0.65 0.51 -0.285545
0.65 0.52 -0.300408
0.65 0.53 -0.314527
0.65 0.54 -0.327135
0.65 0.55 -0.337692
0.65 0.56 -0.344463
0.65 0.57 -0.350865
0.65 0.58 -0.357044
0.65 0.59 -0.36057
0.65 0.60 -0.363873
0.65 0.61 -0.368183
0.65 0.62 -0.368341
0.65 0.63 -0.369816
0.65 0.64 -0.370869
0.65 0.65 -0.370812
0.65 0.66 -0.370383
0.65 0.67 -0.370213
0.65 0.68 -0.36819
0.65 0.69 -0.366952
0.65 0.70 -0.363165
0.65 0.71 -0.360952
0.65 0.72 -0.360213
0.65 0.73 -0.357018
0.65 0.74 -0.352455
0.65 0.75 -0.34855
0.65 0.76 -0.3444
0.65 0.77 -0.340352
0.65 0.78 -0.336767
0.65 0.79 -0.329715
0.65 0.80 -0.322422
0.65 0.81 -0.31912
0.65 0.82 -0.310346
0.65 0.83 -0.302847
0.65 0.84 -0.293719
0.65 0.85 -0.287274
0.65 0.86 -0.278544
0.65 0.87 -0.269756
0.65 0.88 -0.259818
0.65 0.89 -0.251533
0.65 0.90 -0.239562
0.66 0.51 -0.29284
0.66 0.52 -0.311082
0.66 0.53 -0.32463
0.66 0.54 -0.337093
0.66 0.55 -0.345437
0.66 0.56 -0.355471
0.66 0.57 -0.36219
0.66 0.58 -0.366702
0.66 0.59 -0.370474
0.66 0.60 -0.373913
0.66 0.61 -0.37745
0.66 0.62 -0.378419
0.66 0.63 -0.378015
0.66 0.64 -0.378139
0.66 0.65 -0.378567
0.66 0.66 -0.377967
0.66 0.67 -0.376579
0.66 0.68 -0.375524
0.66 0.69 -0.372765
0.66 0.70 -0.369641
0.66 0.71 -0.367243
0.66 0.72 -0.36308
0.66 0.73 -0.360684
0.66 0.74 -0.356589
0.66 0.75 -0.351462
0.66 0.76 -0.346744
0.66 0.77 -0.344057
0.66 0.78 -0.3357
0.66 0.79 -0.329551
0.66 0.80 -0.324257
0.66 0.81 -0.318012
0.66 0.82 -0.311355
0.66 0.83 -0.302276
0.66 0.84 -0.294825
0.66 0.85 -0.28479
0.66 0.86 -0.275629
0.66 0.87 -0.26615
0.66 0.88 -0.25933
0.66 0.89 -0.248259
0.66 0.90 -0.234382
0.67 0.51 -0.298899
0.67 0.52 -0.317545
0.67 0.53 -0.332368
0.67 0.54 -0.344996
0.67 0.55 -0.354525
0.67 0.56 -0.363019
0.67 0.57 -0.369947
0.67 0.58 -0.376843
0.67 0.59 -0.379824
0.67 0.60 -0.383362
0.67 0.61 -0.385189
0.67 0.62 -0.385902
0.67 0.63 -0.387472
0.67 0.64 -0.386941
0.67 0.65 -0.38705
0.67 0.66 -0.385275
0.67 0.67 -0.383656
0.67 0.68 -0.380749
0.67 0.69 -0.378048
0.67 0.70 -0.375897
0.67 0.71 -0.371838
0.67 0.72 -0.36898
0.67 0.73 -0.362754
0.67 0.74 -0.358255
0.67 0.75 -0.353925
0.67 0.76 -0.349295
0.67 0.77 -0.345119
0.67 0.78 -0.337347
0.67 0.79 -0.332331
0.67 0.80 -0.323926
0.67 0.81 -0.318591
0.67 0.82 -0.311965
0.67 0.83 -0.300462
0.67 0.84 -0.293608
0.67 0.85 -0.283682
0.67 0.86 -0.274541
0.67 0.87 -0.263849
0.67 0.88 -0.254931
0.67 0.89 -0.24387
0.67 0.90 -0.227441
0.68 0.51 -0.306515
0.68 0.52 -0.325711
0.68 0.53 -0.341897
0.68 0.54 -0.354819
0.68 0.55 -0.364237
0.68 0.56 -0.372152
0.68 0.57 -0.378961
0.68 0.58 -0.383968
0.68 0.59 -0.388894
0.68 0.60 -0.39199
0.68 0.61 -0.394568
0.68 0.62 -0.393973
0.68 0.63 -0.39502
0.68 0.64 -0.395028
0.68 0.65 -0.393537
0.68 0.66 -0.392234
0.68 0.67 -0.390746
0.68 0.68 -0.387053
0.68 0.69 -0.383506
0.68 0.70 -0.38052
0.68 0.71 -0.376667
0.68 0.72 -0.371386
0.68 0.73 -0.36638
0.68 0.74 -0.362062
0.68 0.75 -0.356323
0.68 0.76 -0.352469
0.68 0.77 -0.345338
0.68 0.78 -0.338862
0.68 0.79 -0.332441
0.68 0.80 -0.323979
0.68 0.81 -0.315791
0.68 0.82 -0.306895
0.68 0.83 -0.300437
0.68 0.84 -0.289273
0.68 0.85 -0.280364
0.68 0.86 -0.274791
0.68 0.87 -0.258784
0.68 0.88 -0.250308
0.68 0.89 -0.235597
0.68 0.90 -0.224034
0.69 0.51 -0.31196
0.69 0.52 -0.332047
0.69 0.53 -0.347216
0.69 0.54 -0.360954
0.69 0.55 -0.370686
0.69 0.56 -0.379723
0.69 0.57 -0.386325
0.69 0.58 -0.393255
0.69 0.59 -0.396159
0.69 0.60 -0.400043
0.69 0.61 -0.40126
0.69 0.62 -0.403246
0.69 0.63 -0.402807
0.69 0.64 -0.402213
0.69 0.65 -0.401279
0.69 0.66 -0.398943
0.69 0.67 -0.39699
0.69 0.68 -0.394455
0.69 0.69 -0.390589
0.69 0.70 -0.385725
0.69 0.71 -0.380431
0.69 0.72 -0.376423
0.69 0.73 -0.37163
0.69 0.74 -0.366532
0.69 0.75 -0.361104
0.69 0.76 -0.354652
0.69 0.77 -0.346338
0.69 0.78 -0.340233
0.69 0.79 -0.332264
0.69 0.80 -0.324238
0.69 0.81 -0.317073
0.69 0.82 -0.304621
0.69 0.83 -0.296926
0.69 0.84 -0.283859
0.69 0.85 -0.274466
0.69 0.86 -0.266843
0.69 0.87 -0.258852
0.69 0.88 -0.244523
0.69 0.89 -0.236454
0.69 0.90 -0.218329
0.70 0.51 -0.318493
0.70 0.52 -0.336938
0.70 0.53 -0.354402
0.70 0.54 -0.366438
0.70 0.55 -0.376849
0.70 0.56 -0.386282
0.70 0.57 -0.395171
0.70 0.58 -0.400183
0.70 0.59 -0.403755
0.70 0.60 -0.407107
0.70 0.61 -0.409339
0.70 0.62 -0.409517
0.70 0.63 -0.410199
0.70 0.64 -0.40813
0.70 0.65 -0.407159
0.70 0.66 -0.404496
0.70 0.67 -0.401869
0.70 0.68 -0.400272
0.70 0.69 -0.394799
0.70 0.70 -0.391641
0.70 0.71 -0.384812
0.70 0.72 -0.378824
0.70 0.73 -0.375303
0.70 0.74 -0.366147
0.70 0.75 -0.362246
0.70 0.76 -0.354372
0.70 0.77 -0.348425
0.70 0.78 -0.340653
0.70 0.79 -0.331951
0.70 0.80 -0.322059
0.70 0.81 -0.31661
0.70 0.82 -0.305529
0.70 0.83 -0.294214
0.70 0.84 -0.283524
0.70 0.85 -0.275649
0.70 0.86 -0.263875
0.70 0.87 -0.248483
0.70 0.88 -0.238477
0.70 0.89 -0.224849
0.70 0.90 -0.21568
0.71 0.51 -0.320282
0.71 0.52 -0.341249
0.71 0.53 -0.357951
0.71 0.54 -0.372563
0.71 0.55 -0.383463
0.71 0.56 -0.393097
0.71 0.57 -0.401384
0.71 0.58 -0.406888
0.71 0.59 -0.410895
0.71 0.60 -0.413757
0.71 0.61 -0.415958
0.71 0.62 -0.41701
0.71 0.63 -0.415915
0.71 0.64 -0.41382
0.71 0.65 -0.413139
0.71 0.66 -0.410374
0.71 0.67 -0.407578
0.71 0.68 -0.403051
0.71 0.69 -0.398772
0.71 0.70 -0.394672
0.71 0.71 -0.390625
0.71 0.72 -0.385567
0.71 0.73 -0.378035
0.71 0.74 -0.370101
0.71 0.75 -0.361759
0.71 0.76 -0.356368
0.71 0.77 -0.34706
0.71 0.78 -0.339518
0.71 0.79 -0.330286
0.71 0.80 -0.321019
0.71 0.81 -0.312854
0.71 0.82 -0.300962
0.71 0.83 -0.292684
0.71 0.84 -0.282233
0.71 0.85 -0.269497
0.71 0.86 -0.256062
0.71 0.87 -0.245266
0.71 0.88 -0.231795
0.71 0.89 -0.218129
0.71 0.90 -0.204233
0.72 0.51 -0.323041
0.72 0.52 -0.345049
0.72 0.53 -0.362149
0.72 0.54 -0.376206
0.72 0.55 -0.390378
0.72 0.56 -0.398052
0.72 0.57 -0.406344
0.72 0.58 -0.410995
0.72 0.59 -0.416332
0.72 0.60 -0.420554
0.72 0.61 -0.423075
0.72 0.62 -0.422249
0.72 0.63 -0.421086
0.72 0.64 -0.420713
0.72 0.65 -0.418793
0.72 0.66 -0.414991
0.72 0.67 -0.411938
0.72 0.68 -0.407056
0.72 0.69 -0.401996
0.72 0.70 -0.396908
0.72 0.71 -0.392205
0.72 0.72 -0.387219
0.72 0.73 -0.380288
0.72 0.74 -0.372433
0.72 0.75 -0.363634
0.72 0.76 -0.355487
0.72 0.77 -0.349238
0.72 0.78 -0.34014
0.72 0.79 -0.330054
0.72 0.80 -0.31997
0.72 0.81 -0.311999
0.72 0.82 -0.30185
0.72 0.83 -0.289191
0.72 0.84 -0.280907
0.72 0.85 -0.264828
0.72 0.86 -0.251922
0.72 0.87 -0.240361
0.72 0.88 -0.225587
0.72 0.89 -0.210531
0.72 0.90 -0.197357
0.73 0.51 -0.324971
0.73 0.52 -0.346109
0.73 0.53 -0.365493
0.73 0.54 -0.380943
0.73 0.55 -0.393146
0.73 0.56 -0.404045
0.73 0.57 -0.411183
0.73 0.58 -0.418046
0.73 0.59 -0.423016
0.73 0.60 -0.426149
0.73 0.61 -0.426713
0.73 0.62 -0.428544
0.73 0.63 -0.426603
0.73 0.64 -0.425814
0.73 0.65 -0.423136
0.73 0.66 -0.419933
0.73 0.67 -0.414997
0.73 0.68 -0.410035
0.73 0.69 -0.404771
0.73 0.70 -0.400433
0.73 0.71 -0.394228
0.73 0.72 -0.38811
0.73 0.73 -0.37931
0.73 0.74 -0.373336
0.73 0.75 -0.365273
0.73 0.76 -0.355778
0.73 0.77 -0.347469
0.73 0.78 -0.338002
0.73 0.79 -0.328206
0.73 0.80 -0.32113
0.73 0.81 -0.31209
0.73 0.82 -0.297562
0.73 0.83 -0.28461
0.73 0.84 -0.273295
0.73 0.85 -0.259213
0.73 0.86 -0.246224
0.73 0.87 -0.232213
0.73 0.88 -0.217393
0.73 0.89 -0.202038
0.73 0.90 -0.186452
0.74 0.51 -0.326052
0.74 0.52 -0.348448
0.74 0.53 -0.369718
0.74 0.54 -0.383056
0.74 0.55 -0.397428
0.74 0.56 -0.407554
0.74 0.57 -0.416617
0.74 0.58 -0.422152
0.74 0.59 -0.42723
0.74 0.60 -0.43059
0.74 0.61 -0.432299
0.74 0.62 -0.432194
0.74 0.63 -0.431456
0.74 0.64 -0.429922
0.74 0.65 -0.426381
0.74 0.66 -0.423408
0.74 0.67 -0.418563
0.74 0.68 -0.412944
0.74 0.69 -0.409
0.74 0.70 -0.401336
0.74 0.71 -0.395483
0.74 0.72 -0.38984
0.74 0.73 -0.380727
0.74 0.74 -0.37266
0.74 0.75 -0.364491
0.74 0.76 -0.35522
0.74 0.77 -0.344793
0.74 0.78 -0.33492
0.74 0.79 -0.327708
0.74 0.80 -0.316967
0.74 0.81 -0.304039
0.74 0.82 -0.293579
0.74 0.83 -0.27679
0.74 0.84 -0.262071
0.74 0.85 -0.252929
0.74 0.86 -0.238052
0.74 0.87 -0.225365
0.74 0.88 -0.209735
0.74 0.89 -0.198438
0.74 0.90 -0.179131
0.75 0.51 -0.327243
0.75 0.52 -0.350816
0.75 0.53 -0.370295
0.75 0.54 -0.387784
0.75 0.55 -0.400114
0.75 0.56 -0.411838
0.75 0.57 -0.420792
0.75 0.58 -0.425866
0.75 0.59 -0.431723
0.75 0.60 -0.43451
0.75 0.61 -0.435818
0.75 0.62 -0.436353
0.75 0.63 -0.434973
0.75 0.64 -0.432863
0.75 0.65 -0.429837
0.75 0.66 -0.426765
0.75 0.67 -0.42064
0.75 0.68 -0.415338
0.75 0.69 -0.410801
0.75 0.70 -0.403957
0.75 0.71 -0.395285
0.75 0.72 -0.389241
0.75 0.73 -0.381873
0.75 0.74 -0.372827
0.75 0.75 -0.364663
0.75 0.76 -0.355432
0.75 0.77 -0.343561
0.75 0.78 -0.334045
0.75 0.79 -0.32387
0.75 0.80 -0.312943
0.75 0.81 -0.300717
0.75 0.82 -0.287612
0.75 0.83 -0.274152
0.75 0.84 -0.260722
0.75 0.85 -0.24665
0.75 0.86 -0.232146
0.75 0.87 -0.219598
0.75 0.88 -0.201007
0.75 0.89 -0.188062
0.75 0.90 -0.168994
0.76 0.51 -0.325974
0.76 0.52 -0.351857
0.76 0.53 -0.372137
0.76 0.54 -0.389222
0.76 0.55 -0.403009
0.76 0.56 -0.413376
0.76 0.57 -0.422575
0.76 0.58 -0.429839
0.76 0.59 -0.435081
0.76 0.60 -0.437065
0.76 0.61 -0.439604
0.76 0.62 -0.439432
0.76 0.63 -0.438454
0.76 0.64 -0.436393
0.76 0.65 -0.432638
0.76 0.66 -0.428858
0.76 0.67 -0.423656
0.76 0.68 -0.418157
0.76 0.69 -0.412569
0.76 0.70 -0.403846
0.76 0.71 -0.397485
0.76 0.72 -0.389864
0.76 0.73 -0.380919
0.76 0.74 -0.37227
0.76 0.75 -0.363395
0.76 0.76 -0.352681
0.76 0.77 -0.342152
0.76 0.78 -0.330671
0.76 0.79 -0.319964
0.76 0.80 -0.310665
0.76 0.81 -0.29741
0.76 0.82 -0.280776
0.76 0.83 -0.268345
0.76 0.84 -0.25467
0.76 0.85 -0.236811
0.76 0.86 -0.220605
0.76 0.87 -0.206252
0.76 0.88 -0.195771
0.76 0.89 -0.180992
0.76 0.90 -0.166771
0.77 0.51 -0.326934
0.77 0.52 -0.349893
0.77 0.53 -0.371244
0.77 0.54 -0.390007
0.77 0.55 -0.403231
0.77 0.56 -0.41446
0.77 0.57 -0.425753
0.77 0.58 -0.431993
0.77 0.59 -0.436493
0.77 0.60 -0.4401
0.77 0.61 -0.442036
0.77 0.62 -0.442654
0.77 0.63 -0.440568
0.77 0.64 -0.438541
0.77 0.65 -0.435832
0.77 0.66 -0.430954
0.77 0.67 -0.425728
0.77 0.68 -0.418848
0.77 0.69 -0.412733
0.77 0.70 -0.40479
0.77 0.71 -0.398023
0.77 0.72 -0.388111
0.77 0.73 -0.379008
0.77 0.74 -0.370494
0.77 0.75 -0.362373
0.77 0.76 -0.350932
0.77 0.77 -0.340193
0.77 0.78 -0.327719
0.77 0.79 -0.314375
0.77 0.80 -0.304012
0.77 0.81 -0.28768
0.77 0.82 -0.27635
0.77 0.83 -0.26064
0.77 0.84 -0.245472
0.77 0.85 -0.231728
0.77 0.86 -0.219142
0.77 0.87 -0.204646
0.77 0.88 -0.183183
0.77 0.89 -0.171561
0.77 0.90 -0.153197
0.78 0.51 -0.32622
0.78 0.52 -0.351583
0.78 0.53 -0.371717
0.78 0.54 -0.391764
0.78 0.55 -0.405171
0.78 0.56 -0.416735
0.78 0.57 -0.426151
0.78 0.58 -0.433595
0.78 0.59 -0.43848
0.78 0.60 -0.441647
0.78 0.61 -0.443112
0.78 0.62 -0.443388
0.78 0.63 -0.442792
0.78 0.64 -0.44041
0.78 0.65 -0.436748
0.78 0.66 -0.432748
0.78 0.67 -0.4273
0.78 0.68 -0.419191
0.78 0.69 -0.412864
0.78 0.70 -0.406018
0.78 0.71 -0.398018
0.78 0.72 -0.389101
0.78 0.73 -0.379166
0.78 0.74 -0.369403
0.78 0.75 -0.357821
0.78 0.76 -0.344879
0.78 0.77 -0.334284
0.78 0.78 -0.320908
0.78 0.79 -0.308493
0.78 0.80 -0.296539
0.78 0.81 -0.284088
0.78 0.82 -0.268915
0.78 0.83 -0.253336
0.78 0.84 -0.237247
0.78 0.85 -0.223862
0.78 0.86 -0.209393
0.78 0.87 -0.188876
0.78 0.88 -0.170961
0.78 0.89 -0.156554
0.78 0.90 -0.141209
0.79 0.51 -0.322375
0.79 0.52 -0.347999
0.79 0.53 -0.370653
0.79 0.54 -0.390356
0.79 0.55 -0.405227
0.79 0.56 -0.417479
0.79 0.57 -0.427102
0.79 0.58 -0.435268
0.79 0.59 -0.44038
0.79 0.60 -0.442792
0.79 0.61 -0.444957
0.79 0.62 -0.445753
0.79 0.63 -0.443295
0.79 0.64 -0.440598
0.79 0.65 -0.438294
0.79 0.66 -0.431894
0.79 0.67 -0.427643
0.79 0.68 -0.418348
0.79 0.69 -0.412406
0.79 0.70 -0.403159
0.79 0.71 -0.395285
0.79 0.72 -0.385116
0.79 0.73 -0.374866
0.79 0.74 -0.366295
0.79 0.75 -0.354399
0.79 0.76 -0.342855
0.79 0.77 -0.329055
0.79 0.78 -0.316651
0.79 0.79 -0.303346
0.79 0.80 -0.292994
0.79 0.81 -0.275856
0.79 0.82 -0.257893
0.79 0.83 -0.244884
0.79 0.84 -0.230392
0.79 0.85 -0.21313
0.79 0.86 -0.194453
0.79 0.87 -0.178488
0.79 0.88 -0.163634
0.79 0.89 -0.145659
0.79 0.90 -0.13015
0.80 0.51 -0.321348
0.80 0.52 -0.347343
0.80 0.53 -0.36817
0.80 0.54 -0.388953
0.80 0.55 -0.404785
0.80 0.56 -0.417072
0.80 0.57 -0.427326
0.80 0.58 -0.434673
0.80 0.59 -0.440167
0.80 0.60 -0.443672
0.80 0.61 -0.444985
0.80 0.62 -0.445341
0.80 0.63 -0.443126
0.80 0.64 -0.440577
0.80 0.65 -0.437497
0.80 0.66 -0.431379
0.80 0.67 -0.426157
0.80 0.68 -0.418671
0.80 0.69 -0.409407
0.80 0.70 -0.401267
0.80 0.71 -0.391228
0.80 0.72 -0.382613
0.80 0.73 -0.372426
0.80 0.74 -0.359703
0.80 0.75 -0.350852
0.80 0.76 -0.338044
0.80 0.77 -0.326941
0.80 0.78 -0.315116
0.80 0.79 -0.29703
0.80 0.80 -0.280538
0.80 0.81 -0.270806
0.80 0.82 -0.25283
0.80 0.83 -0.239206
0.80 0.84 -0.223079
0.80 0.85 -0.205619
0.80 0.86 -0.188495
0.80 0.87 -0.166672
0.80 0.88 -0.15098
0.80 0.89 -0.138458
0.80 0.90 -0.117448
0.81 0.51 -0.322511
0.81 0.52 -0.344627
0.81 0.53 -0.367179
0.81 0.54 -0.386662
0.81 0.55 -0.402144
0.81 0.56 -0.415035
0.81 0.57 -0.42669
0.81 0.58 -0.434144
0.81 0.59 -0.4397
0.81 0.60 -0.443209
0.81 0.61 -0.444713
0.81 0.62 -0.44494
0.81 0.63 -0.443224
0.81 0.64 -0.441809
0.81 0.65 -0.434717
0.81 0.66 -0.43181
0.81 0.67 -0.425341
0.81 0.68 -0.41804
0.81 0.69 -0.409912
0.81 0.70 -0.39963
0.81 0.71 -0.38972
0.81 0.72 -0.380453
0.81 0.73 -0.367986
0.81 0.74 -0.359101
0.81 0.75 -0.346137
0.81 0.76 -0.33209
0.81 0.77 -0.319849
0.81 0.78 -0.303493
0.81 0.79 -0.291962
0.81 0.80 -0.277183
0.81 0.81 -0.261082
0.81 0.82 -0.243894
0.81 0.83 -0.22702
0.81 0.84 -0.211589
0.81 0.85 -0.194472
0.81 0.86 -0.18016
0.81 0.87 -0.158246
0.81 0.88 -0.139535
0.81 0.89 -0.123374
0.81 0.90 -0.10414
0.82 0.51 -0.31348
0.82 0.52 -0.343299
0.82 0.53 -0.367447
0.82 0.54 -0.384888
0.82 0.55 -0.400549
0.82 0.56 -0.413607
0.82 0.57 -0.424353
0.82 0.58 -0.432855
0.82 0.59 -0.43904
0.82 0.60 -0.442324
0.82 0.61 -0.443308
0.82 0.62 -0.443149
0.82 0.63 -0.442991
0.82 0.64 -0.439527
0.82 0.65 -0.435721
0.82 0.66 -0.429284
0.82 0.67 -0.422474
0.82 0.68 -0.415504
0.82 0.69 -0.4083
0.82 0.70 -0.39745
0.82 0.71 -0.387939
0.82 0.72 -0.376259
0.82 0.73 -0.363686
0.82 0.74 -0.351186
0.82 0.75 -0.339474
0.82 0.76 -0.323956
0.82 0.77 -0.312133
0.82 0.78 -0.296997
0.82 0.79 -0.283076
0.82 0.80 -0.267917
0.82 0.81 -0.252016
0.82 0.82 -0.234965
0.82 0.83 -0.219721
0.82 0.84 -0.203502
0.82 0.85 -0.182625
0.82 0.86 -0.161763
0.82 0.87 -0.143286
0.82 0.88 -0.133735
0.82 0.89 -0.112435
0.82 0.90 -0.0895438
0.83 0.51 -0.312643
0.83 0.52 -0.338181
0.83 0.53 -0.361796
0.83 0.54 -0.3809
0.83 0.55 -0.397551
0.83 0.56 -0.412306
0.83 0.57 -0.421646
0.83 0.58 -0.43057
0.83 0.59 -0.436761
0.83 0.60 -0.440366
0.83 0.61 -0.440818
0.83 0.62 -0.44127
0.83 0.63 -0.439308
0.83 0.64 -0.437338
0.83 0.65 -0.43284
0.83 0.66 -0.426819
0.83 0.67 -0.42007
0.83 0.68 -0.411602
0.83 0.69 -0.404373
0.83 0.70 -0.394081
0.83 0.71 -0.383126
0.83 0.72 -0.372157
0.83 0.73 -0.360917
0.83 0.74 -0.346205
0.83 0.75 -0.330869
0.83 0.76 -0.318971
0.83 0.77 -0.305208
0.83 0.78 -0.287764
0.83 0.79 -0.274452
0.83 0.80 -0.258093
0.83 0.81 -0.246162
0.83 0.82 -0.226189
0.83 0.83 -0.211166
0.83 0.84 -0.188143
0.83 0.85 -0.171199
0.83 0.86 -0.152184
0.83 0.87 -0.132878
0.83 0.88 -0.114734
0.83 0.89 -0.0981728
0.83 0.90 -0.081833
0.84 0.51 -0.307272
0.84 0.52 -0.336526
0.84 0.53 -0.359015
0.84 0.54 -0.377416
0.84 0.55 -0.394032
0.84 0.56 -0.407702
0.84 0.57 -0.419344
0.84 0.58 -0.428191
0.84 0.59 -0.43332
0.84 0.60 -0.437559
0.84 0.61 -0.439276
0.84 0.62 -0.439005
0.84 0.63 -0.436381
0.84 0.64 -0.433868
0.84 0.65 -0.429618
0.84 0.66 -0.424005
0.84 0.67 -0.415185
0.84 0.68 -0.408752
0.84 0.69 -0.399143
0.84 0.70 -0.387923
0.84 0.71 -0.378649
0.84 0.72 -0.365954
0.84 0.73 -0.355121
0.84 0.74 -0.340769
0.84 0.75 -0.328796
0.84 0.76 -0.31038
0.84 0.77 -0.30023
0.84 0.78 -0.281647
0.84 0.79 -0.265474
0.84 0.80 -0.246779
0.84 0.81 -0.232585
0.84 0.82 -0.216097
0.84 0.83 -0.196239
0.84 0.84 -0.176525
0.84 0.85 -0.15215
0.84 0.86 -0.141671
0.84 0.87 -0.124218
0.84 0.88 -0.101415
0.84 0.89 -0.0903373
0.84 0.90 -0.064529
0.85 0.51 -0.302976
0.85 0.52 -0.330609
0.85 0.53 -0.353054
0.85 0.54 -0.374907
0.85 0.55 -0.391483
0.85 0.56 -0.404929
0.85 0.57 -0.414464
0.85 0.58 -0.422676
0.85 0.59 -0.429558
0.85 0.60 -0.433761
0.85 0.61 -0.435336
0.85 0.62 -0.435799
0.85 0.63 -0.432641
0.85 0.64 -0.429984
0.85 0.65 -0.425321
0.85 0.66 -0.418766
0.85 0.67 -0.412429
0.85 0.68 -0.401776
0.85 0.69 -0.393397
0.85 0.70 -0.385203
0.85 0.71 -0.373745
0.85 0.72 -0.360117
0.85 0.73 -0.347567
0.85 0.74 -0.332943
0.85 0.75 -0.31585
0.85 0.76 -0.303074
0.85 0.77 -0.289597
0.85 0.78 -0.27037
0.85 0.79 -0.25842
0.85 0.80 -0.236979
0.85 0.81 -0.224641
0.85 0.82 -0.20532
0.85 0.83 -0.190282
0.85 0.84 -0.168389
0.85 0.85 -0.146948
0.85 0.86 -0.128697
0.85 0.87 -0.107092
0.85 0.88 -0.0838777
0.85 0.89 -0.0656945
0.85 0.90 -0.0471101
0.86 0.51 -0.296188
0.86 0.52 -0.323815
0.86 0.53 -0.349672
0.86 0.54 -0.368276
0.86 0.55 -0.385897
0.86 0.56 -0.398566
0.86 0.57 -0.409746
0.86 0.58 -0.418753
0.86 0.59 -0.425036
0.86 0.60 -0.425896
0.86 0.61 -0.430252
0.86 0.62 -0.43081
0.86 0.63 -0.428254
0.86 0.64 -0.424496
0.86 0.65 -0.420575
0.86 0.66 -0.413271
0.86 0.67 -0.407474
0.86 0.68 -0.399589
0.86 0.69 -0.389014
0.86 0.70 -0.377203
0.86 0.71 -0.369521
0.86 0.72 -0.354698
0.86 0.73 -0.342201
0.86 0.74 -0.325116
0.86 0.75 -0.308757
0.86 0.76 -0.294259
0.86 0.77 -0.279111
0.86 0.78 -0.264198
0.86 0.79 -0.243692
0.86 0.80 -0.228469
0.86 0.81 -0.210988
0.86 0.82 -0.192705
0.86 0.83 -0.173422
0.86 0.84 -0.152526
0.86 0.85 -0.131278
0.86 0.86 -0.116267
0.86 0.87 -0.0888056
0.86 0.88 -0.0750024
0.86 0.89 -0.0515395
0.86 0.90 -0.0232558
0.87 0.51 -0.291054
0.87 0.52 -0.31976
0.87 0.53 -0.345664
0.87 0.54 -0.365464
0.87 0.55 -0.378866
0.87 0.56 -0.393623
0.87 0.57 -0.403734
0.87 0.58 -0.41271
0.87 0.59 -0.419063
0.87 0.60 -0.423248
0.87 0.61 -0.425701
0.87 0.62 -0.425493
0.87 0.63 -0.42424
0.87 0.64 -0.419689
0.87 0.65 -0.414541
0.87 0.66 -0.409173
0.87 0.67 -0.399043
0.87 0.68 -0.392924
0.87 0.69 -0.381974
0.87 0.70 -0.372524
0.87 0.71 -0.361584
0.87 0.72 -0.344205
0.87 0.73 -0.330324
0.87 0.74 -0.316528
0.87 0.75 -0.301765
0.87 0.76 -0.284845
0.87 0.77 -0.267741
0.87 0.78 -0.252758
0.87 0.79 -0.237061
0.87 0.80 -0.21563
0.87 0.81 -0.198313
0.87 0.82 -0.176962
0.87 0.83 -0.161857
0.87 0.84 -0.140452
0.87 0.85 -0.119248
0.87 0.86 -0.094102
0.87 0.87 -0.0733404
0.87 0.88 -0.0562788
0.87 0.89 -0.034911
0.87 0.90 -0.00816113
0.88 0.51 -0.286609
0.88 0.52 -0.313102
0.88 0.53 -0.337706
0.88 0.54 -0.359119
0.88 0.55 -0.373673
0.88 0.56 -0.386902
0.88 0.57 -0.398351
0.88 0.58 -0.406799
0.88 0.59 -0.412899
0.88 0.60 -0.416891
0.88 0.61 -0.417484
0.88 0.62 -0.41801
0.88 0.63 -0.416855
0.88 0.64 -0.41566
0.88 0.65 -0.406707
0.88 0.66 -0.400767
0.88 0.67 -0.395231
0.88 0.68 -0.385394
0.88 0.69 -0.37285
0.88 0.70 -0.360701
0.88 0.71 -0.351533
0.88 0.72 -0.338442
0.88 0.73 -0.324966
0.88 0.74 -0.308038
0.88 0.75 -0.290963
0.88 0.76 -0.273813
0.88 0.77 -0.256411
0.88 0.78 -0.240809
0.88 0.79 -0.223812
0.88 0.80 -0.202364
0.88 0.81 -0.187617
0.88 0.82 -0.166792
0.88 0.83 -0.148934
0.88 0.84 -0.129827
0.88 0.85 -0.104289
0.88 0.86 -0.0804433
0.88 0.87 -0.0549313
0.88 0.88 -0.0362347
0.88 0.89 -0.0131625
0.88 0.90 0.0150787
0.89 0.51 -0.280486
0.89 0.52 -0.306984
0.89 0.53 -0.330633
0.89 0.54 -0.350875
0.89 0.55 -0.369111
0.89 0.56 -0.381392
0.89 0.57 -0.392376
0.89 0.58 -0.399845
0.89 0.59 -0.405476
0.89 0.60 -0.410223
0.89 0.61 -0.412178
0.89 0.62 -0.412145
0.89 0.63 -0.410316
0.89 0.64 -0.405359
0.89 0.65 -0.402188
0.89 0.66 -0.394982
0.89 0.67 -0.386625
0.89 0.68 -0.376079
0.89 0.69 -0.368667
0.89 0.70 -0.355311
0.89 0.71 -0.343045
0.89 0.72 -0.33176
0.89 0.73 -0.315082
0.89 0.74 -0.297045
0.89 0.75 -0.279181
0.89 0.76 -0.263784
0.89 0.77 -0.246594
0.89 0.78 -0.231021
0.89 0.79 -0.210145
0.89 0.80 -0.191187
0.89 0.81 -0.169505
0.89 0.82 -0.150877
0.89 0.83 -0.134211
0.89 0.84 -0.107431
0.89 0.85 -0.0913126
0.89 0.86 -0.0629467
0.89 0.87 -0.0401728
0.89 0.88 -0.0187261
0.89 0.89 0.0080451
0.89 0.90 0.033587
0.90 0.51 -0.274369
0.90 0.52 -0.300788
0.90 0.53 -0.32294
0.90 0.54 -0.341862
0.90 0.55 -0.361656
0.90 0.56 -0.373603
0.90 0.57 -0.384278
0.90 0.58 -0.39343
0.90 0.59 -0.398169
0.90 0.60 -0.402774
0.90 0.61 -0.404631
0.90 0.62 -0.403839
0.90 0.63 -0.402176
0.90 0.64 -0.399113
0.90 0.65 -0.392446
0.90 0.66 -0.385468
0.90 0.67 -0.376924
0.90 0.68 -0.367113
0.90 0.69 -0.355159
0.90 0.70 -0.343504
0.90 0.71 -0.330156
0.90 0.72 -0.315127
0.90 0.73 -0.303445
0.90 0.74 -0.288267
0.90 0.75 -0.266225
0.90 0.76 -0.251218
0.90 0.77 -0.232691
0.90 0.78 -0.212073
0.90 0.79 -0.195324
0.90 0.80 -0.172193
0.90 0.81 -0.158215
0.90 0.82 -0.131973
0.90 0.83 -0.114683
0.90 0.84 -0.0946877
0.90 0.85 -0.0683993
0.90 0.86 -0.0447076
0.90 0.87 -0.0192321
0.90 0.88 0.00257138
0.90 0.89 0.0281286
0.90 0.90 0.0539842
