0 -0.0025811 0
1 0.0128272 0.0154083
2 0.00528804 0.011661
3 0.0139316 0.0119457
4 0.018765 0.0104394
5 0.00788978 0.0138175
6 0.0211688 0.0176835
7 0.0335786 0.0197113
8 0.0337336 0.0173844
9 0.0314148 0.015721
10 0.0299639 0.014294
11 0.0296259 0.013053
12 0.0261845 0.0124904
13 0.0308396 0.0124657
14 0.0337218 0.0119575
15 0.0334355 0.0111889
16 0.0367392 0.0110171
17 0.0398981 0.0108568
18 0.0367421 0.0107435
19 0.0443203 0.0127008
20 0.0472564 0.0124326
21 0.0463767 0.0118866
22 0.0494117 0.0117565
23 0.0484673 0.0112956
24 0.0480422 0.0108427
25 0.0497198 0.0105515
26 0.0454125 0.0110291
27 0.044698 0.0106519
28 0.042931 0.0104288
29 0.0430857 0.0100764
30 0.0440383 0.00979236
31 0.042838 0.00955708
32 0.0408171 0.00948084
33 0.0395429 0.0092856
34 0.0408551 0.00911137
35 0.0409951 0.00885577
36 0.0412042 0.00861564
37 0.0433307 0.00865126
38 0.041193 0.00869343
39 0.0431723 0.0087014
40 0.0444151 0.00857704
41 0.0460776 0.00853383
42 0.0465133 0.00834439
43 0.047845 0.00826058
44 0.0464074 0.0082019
45 0.044804 0.00818028
46 0.0468926 0.00827232
47 0.046425 0.00811163
48 0.045319 0.00802099
49 0.0492588 0.00879121
50 0.0513021 0.00885605
51 0.0513529 0.00868422
52 0.0527093 0.0086261
53 0.0514042 0.00856488
54 0.0507254 0.00843507
55 0.0516904 0.0083391
56 0.0523343 0.00821676
57 0.0526411 0.00807967
58 0.0546165 0.00818355
59 0.0544945 0.00804693
60 0.0525912 0.00813956
61 0.0516314 0.00806453
62 0.051269 0.00794376
63 0.0523472 0.00789263
64 0.0520773 0.00777495
65 0.053086 0.0077224
66 0.0510578 0.00787205
67 0.0507539 0.00776137
68 0.0493366 0.00777827
69 0.049495 0.00766798
70 0.0495224 0.00755926
71 0.0504868 0.00751566
72 0.0513251 0.00745925
73 0.0520063 0.00738923
74 0.0517516 0.00729449
75 0.0506567 0.00728067
76 0.0526335 0.00745247
77 0.0536344 0.00742408
78 0.0543963 0.007369
79 0.0537197 0.0073077
80 0.0539834 0.00722173
81 0.05303 0.00719654
82 0.0534759 0.00712328
83 0.0543202 0.00708842
84 0.0531701 0.00709831
85 0.0522577 0.00707438
86 0.0522527 0.00699259
87 0.052723 0.00692865
88 0.0532854 0.0068734
89 0.0538814 0.00682269
90 0.053689 0.00675004
91 0.0534111 0.00668205
92 0.0526582 0.00665255
93 0.0525197 0.00658285
94 0.0533066 0.00656056
95 0.053331 0.0064919
96 0.0537633 0.00643915
97 0.0536438 0.00637423
98 0.0538306 0.00631228
99 0.0539842 0.00625073
