1 15.753
3 15.7807
5 15.7807
7 15.7807
9 15.7484
11 15.3023
13 15.4124
15 15.1316
17 15.299
19 14.7583
21 14.7583
23 14.9918
25 14.9918
27 15.0716
29 15.8456
31 15.8456
33 15.4385
35 15.1559
37 14.0211
39 14.0211
41 13.6224
43 14.2577
45 14.2577
47 13.2769
49 13.9345
51 13.9075
53 14.3653
55 14.6589
57 15.2633
59 15.4914
61 15.4914
63 15.7252
65 15.8342
67 15.5509
69 14.3764
71 14.3764
73 13.8886
75 13.1448
77 13.4879
79 14.0679
81 14.0679
83 14.2564
85 15.5521
87 15.8433
89 16.2277
91 16.2277
93 15.8113
95 15.1235
97 15.1235
99 15.1235
101 15.1235
103 15.4914
105 15.5677
107 15.5677
109 15.916
111 15.4587
113 15.4587
115 16.0709
117 15.05
119 15.05
121 15.05
123 15.36
125 15.36
127 15.36
129 15.36
131 14.4048
133 14.4048
135 14.5321
137 14.5321
139 15.1805
141 15.1805
143 15.2205
145 15.2205
147 15.2205
149 14.332
151 13.8753
153 13.8753
155 14.2336
157 13.9024
159 13.9024
161 14.2157
163 14.3199
165 14.3199
167 14.3199
169 14.0883
171 13.3999
173 15.678
175 14.3407
177 14.6438
179 14.8884
181 14.8884
183 15.2352
185 15.719
187 15.6525
189 15.9832
191 16.0284
193 15.6232
195 15.6232
197 15.6232
199 15.6035
201 15.6035
203 14.8723
205 15.3943
207 15.3943
209 14.9834
211 15.0224
213 14.8682
215 14.7146
217 14.8682
219 15.0155
221 15.0155
223 15.0155
225 15.0155
227 15.0155
229 15.0155
231 15.0155
233 15.0155
235 15.4028
237 15.4028
239 15.4028
241 15.1348
243 15.4028
245 14.8147
247 14.8147
249 14.4271
251 14.4271
253 14.4271
255 13.2696
257 12.9776
259 12.9776
261 12.425
263 12.425
265 12.6465
267 13.1345
269 13.1345
271 13.1345
273 13.1345
275 13.1345
277 13.1345
279 13.1345
281 13.1928
283 14.4535
285 14.4535
287 14.1703
289 13.6391
291 13.6391
293 13.8543
295 13.8543
297 13.832
299 14.4351
301 14.1968
303 14.1968
305 14.8107
307 14.9512
309 14.679
311 15.3976
313 15.7241
315 15.7837
317 15.9585
319 15.7614
321 15.6027
323 14.8937
325 14.8937
327 15.2915
329 15.2915
331 15.7655
333 15.3658
335 15.3658
337 15.7778
339 15.1226
341 15.1226
343 15.1226
345 15.1226
347 15.1226
349 14.556
351 14.556
353 15.2459
355 15.6824
357 15.0954
359 14.8265
361 15.6824
363 15.6824
365 15.6824
367 16.0719
369 16.1934
371 16.1934
373 16.3526
375 16.1734
377 16.1734
379 16.1167
381 16.1167
383 16.1167
385 15.7526
387 14.7838
389 14.4385
391 14.4385
393 14.3535
395 12.9055
397 12.9055
399 14.036
401 14.036
403 14.4592
405 14.3856
407 14.3856
409 15.134
411 15.134
413 15.134
415 15.134
417 15.0242
419 15.0242
421 15.0242
423 14.7052
425 14.7052
427 14.7052
429 14.7052
431 14.4347
433 14.4347
435 14.4347
437 13.2232
439 13.2232
441 13.2232
443 13.2232
445 14.5781
447 14.4821
449 14.4821
451 14.5989
453 14.5989
455 14.6468
457 14.6468
459 14.7759
461 14.7759
463 14.7759
465 14.7759
467 14.4923
469 13.9941
471 14.481
473 14.481
475 13.5945
477 13.5945
479 13.7791
481 13.6312
483 13.5065
485 13.5065
487 13.9139
489 14.4157
491 14.4157
493 15.0585
495 15.0784
497 14.98
499 15.4726
501 15.5825
503 16.3517
505 16.3517
507 16.1439
509 15.0236
511 15.0236
513 13.9732
515 14.2336
517 13.8731
519 13.2324
521 13.2324
523 13.0514
525 13.2342
527 13.2342
529 13.2342
531 13.2342
533 13.2342
535 13.917
537 13.917
539 13.917
541 13.917
543 12.9685
545 12.9685
547 12.9685
549 12.8586
551 12.8586
553 12.1759
555 12.1759
557 12.1759
559 11.6142
561 12.1887
563 12.1887
565 12.1534
567 12.1534
569 12.1534
571 12.1534
573 12.1534
575 12.1534
577 12.1473
579 10.5958
581 10.5958
583 10.5958
585 10.5958
587 11.4646
589 11.4646
591 11.4646
593 11.4646
595 11.4646
597 11.4646
599 11.4646
601 11.4646
603 11.4646
605 11.5544
607 11.5544
609 12.0336
611 12.0336
613 12.0336
615 12.0336
617 12.0336
619 12.0336
621 12.0336
623 12.3127
625 12.3127
627 12.3127
629 12.3127
631 13.2753
633 13.2753
635 13.2753
637 14.223
639 14.1519
641 14.1519
643 14.1519
645 14.1906
647 14.1906
649 14.1906
651 14.1906
653 14.1906
655 14.1906
657 14.1906
659 14.1906
661 14.1906
663 12.8973
665 13.1058
667 14.1141
669 14.1141
671 14.0967
673 14.1141
675 14.1981
677 14.5345
679 14.5345
681 14.5345
683 14.5345
685 14.5345
687 13.927
689 13.9065
691 13.9065
693 13.2286
695 13.2286
697 13.2286
699 13.2286
701 13.2286
703 13.2286
705 13.2286
707 13.1812
709 13.6331
711 13.6331
713 13.8488
715 13.8488
717 13.8488
719 13.8488
721 13.8488
723 13.8488
725 13.8488
727 13.8488
729 13.8488
731 14.1462
733 14.1462
735 15.4224
737 15.2431
739 15.2431
741 15.4277
743 15.453
745 15.453
747 15.3635
749 15.3635
751 15.3635
753 15.0373
755 14.2735
757 14.2251
759 14.2251
761 14.3115
763 14.3115
765 14.3115
767 14.3115
769 14.9024
771 14.9024
773 13.9596
775 13.9596
777 14.2049
779 14.2011
781 14.1126
783 14.1355
785 14.1355
787 13.9448
789 13.9448
791 13.9448
793 13.6222
795 13.6222
797 13.3921
799 13.2681
801 13.0802
803 13.0802
805 13.0802
807 13.0802
809 14.029
811 14.029
813 13.6425
815 13.1337
817 13.7813
819 13.7813
821 13.7813
823 14.1128
825 14.1128
827 14.1128
829 14.1128
831 14.2966
833 14.2527
835 14.7406
837 14.8
839 14.8
841 14.7821
843 14.2663
845 14.2663
847 14.2663
849 14.0452
851 14.0452
853 14.0452
855 14.0452
857 14.053
859 14.053
861 14.053
863 15.0446
865 14.9006
867 14.8642
869 14.6017
871 14.6017
873 13.7961
875 13.8301
877 13.8301
879 14.6255
881 15.8188
883 15.8188
885 15.8188
887 15.8188
889 15.8188
891 15.7694
893 15.7248
895 15.7248
897 15.2603
899 15.3367
901 15.3367
903 15.3367
905 15.298
907 14.4782
909 14.4782
911 14.4166
913 14.4166
915 14.4166
917 14.2916
919 14.2843
921 13.2175
923 12.9691
925 12.9691
927 13.6541
929 13.6541
931 13.6541
933 13.6541
935 13.6541
937 13.37
939 13.37
941 13.4125
943 13.4125
945 13.4125
947 13.4125
949 13.4125
951 13.4125
953 13.4125
955 13.3816
957 13.3816
959 13.8013
961 13.8013
963 13.6527
965 13.4168
967 13.5195
969 14.5191
971 14.5191
973 14.5191
975 14.5191
977 14.7289
979 14.5406
981 14.1711
983 14.1711
985 14.126
987 14.1649
989 14.0919
991 13.9926
993 14.491
995 14.491
997 14.3322
999 13.858
1001 13.858
1003 13.858
1005 13.2203
1007 12.4408
1009 12.4408
1011 12.4408
1013 12.4408
1015 12.4408
1017 12.4408
1019 12.3248
1021 12.8728
1023 12.8728
1025 12.8728
1027 12.8728
1029 12.8728
1031 12.8765
1033 12.8765
1035 12.8765
1037 12.8765
1039 12.8765
1041 12.8765
1043 12.5402
1045 12.5402
1047 12.5402
1049 12.2573
1051 12.1999
1053 12.1999
1055 12.1999
1057 12.1999
1059 12.1998
1061 12.5392
1063 12.6115
1065 12.6115
1067 12.6115
1069 13.2024
1071 13.2024
1073 12.2251
1075 12.2251
1077 12.5446
1079 12.331
1081 12.3605
1083 12.3605
1085 12.5324
1087 12.5324
1089 12.3754
1091 12.3754
1093 12.3754
1095 12.3754
1097 12.3754
1099 12.3754
1101 12.3754
1103 12.7339
1105 13.2564
1107 13.3268
1109 13.3268
1111 13.3268
1113 13.3268
1115 13.4902
1117 13.4902
1119 14.0771
1121 13.7576
1123 13.5891
1125 13.5891
1127 13.5891
1129 13.0349
1131 13.0349
1133 13.3811
1135 13.3811
1137 13.3811
1139 13.2246
1141 13.2246
1143 13.2246
1145 13.6327
1147 13.6327
1149 13.6327
1151 13.6327
1153 13.6327
1155 13.6327
1157 13.6327
1159 13.7836
1161 14.4548
1163 13.9028
1165 13.9028
1167 13.9028
1169 13.9028
1171 14.2139
1173 14.2139
1175 14.4294
1177 13.6935
1179 13.6934
1181 13.6371
1183 13.6371
1185 14.1875
1187 14.1875
1189 14.7874
1191 14.7874
1193 14.9135
1195 14.9135
1197 14.2061
1199 14.7436
1201 14.7436
1203 14.7436
1205 14.6739
1207 14.0453
1209 14.0453
1211 14.0453
1213 14.0453
1215 14.3949
1217 14.3949
1219 13.7076
1221 13.7076
1223 13.7076
1225 13.7076
1227 13.7076
1229 14.2926
1231 13.4487
1233 14.0129
1235 14.2459
1237 14.3566
1239 14.3566
1241 14.3566
1243 14.3566
1245 14.6799
1247 14.5556
1249 14.5556
1251 14.5556
1253 14.6799
1255 14.6799
1257 14.4605
1259 14.635
1261 14.635
1263 14.635
1265 14.635
1267 14.8217
1269 14.8217
1271 14.8744
1273 14.8744
1275 15.0912
1277 15.2145
1279 15.0912
1281 14.0183
1283 14.0183
1285 14.0183
1287 14.0183
1289 13.9117
1291 14.3646
1293 14.3646
1295 14.3646
1297 14.3867
1299 14.3867
1301 14.6783
1303 14.7454
1305 14.396
1307 14.396
1309 14.4076
1311 14.4076
1313 14.4076
1315 14.4076
1317 14.2667
1319 14.4771
1321 15.117
1323 14.0277
1325 15.5807
1327 15.5807
1329 15.5943
1331 15.1507
1333 14.9368
1335 14.9368
1337 14.9368
1339 14.8334
1341 14.8334
1343 14.7075
1345 14.7075
1347 14.7075
1349 14.7083
1351 14.1051
1353 14.1051
1355 13.6001
1357 13.6001
1359 13.6001
1361 13.6001
1363 12.9897
1365 12.9897
1367 12.9897
1369 12.9897
1371 12.7144
1373 13.2437
1375 12.4268
1377 12.4268
1379 12.4268
1381 12.4268
1383 12.4268
1385 12.4268
1387 12.4268
1389 12.4268
1391 12.4268
1393 12.4268
1395 13.4243
1397 13.4243
1399 13.4243
1401 13.4243
1403 13.4243
1405 13.4243
1407 13.4243
1409 13.4243
1411 13.4872
1413 13.4872
1415 13.4872
1417 13.4872
1419 13.4872
1421 13.4872
1423 12.7094
1425 12.7094
1427 12.37
1429 12.6589
1431 12.6589
1433 12.6589
1435 12.6589
1437 12.6589
1439 12.6589
1441 12.6589
1443 12.6589
1445 13.41
1447 13.2925
1449 13.2925
1451 13.3443
1453 13.3443
1455 13.4033
1457 13.41
1459 12.872
1461 12.872
1463 12.872
1465 12.7767
1467 12.8538
1469 12.7074
1471 12.4881
1473 12.4881
1475 12.2441
1477 12.2441
1479 12.2441
1481 12.2441
1483 12.6761
1485 12.6761
1487 12.8415
1489 12.6525
1491 12.9412
1493 12.9412
1495 13.4865
1497 12.9559
1499 12.9559
1501 12.9559
1503 12.9559
1505 12.9978
1507 12.4284
1509 12.4284
1511 12.4284
1513 12.4284
1515 12.7232
1517 12.9724
1519 12.9513
1521 12.9513
1523 12.9359
1525 11.3954
1527 11.3954
1529 11.3954
1531 11.1975
1533 11.1975
1535 11.1975
1537 11.6119
1539 11.6022
1541 11.1256
1543 11.1256
1545 11.1256
1547 11.1256
1549 11.1256
1551 11.7096
1553 11.751
1555 11.751
1557 11.7529
1559 11.7529
1561 11.7529
1563 11.7529
1565 11.7529
1567 12.0662
1569 12.0662
1571 12.0662
1573 12.0662
1575 12.0662
1577 12.0662
1579 12.0662
1581 12.713
1583 12.6822
1585 12.5528
1587 11.974
1589 11.942
1591 11.942
1593 11.942
1595 11.942
1597 11.9702
1599 11.9702
1601 11.8964
1603 12.4148
1605 12.4148
1607 12.5248
1609 12.6545
1611 12.6545
1613 13.6767
1615 13.6767
1617 13.6184
1619 13.6519
1621 13.6519
1623 12.1896
1625 12.1896
1627 11.5721
1629 11.2419
1631 11.2419
1633 11.2419
1635 11.2419
1637 11.2419
1639 11.6938
1641 12.1577
1643 10.4562
1645 10.4562
1647 10.4562
1649 10.5194
1651 10.5194
1653 10.5194
1655 10.5194
1657 10.2441
1659 10.2441
1661 10.2441
1663 11.3645
1665 11.3645
1667 11.3645
1669 11.3645
1671 11.3645
1673 10.8976
1675 10.8976
1677 11.4189
1679 11.6094
1681 11.6094
1683 11.6094
1685 11.6094
1687 11.6094
1689 11.2092
1691 11.2092
1693 11.2092
1695 11.4771
1697 11.4771
1699 11.4771
1701 11.4222
1703 11.4222
1705 11.4222
1707 11.4222
1709 11.3952
1711 11.3952
1713 11.6424
1715 11.6424
1717 11.4676
1719 11.4676
1721 11.4676
1723 11.4676
1725 12.4321
1727 12.4321
1729 12.4321
1731 12.4321
1733 12.4321
1735 12.6966
1737 12.0108
1739 12.0108
1741 12.7274
1743 12.747
1745 12.0714
1747 12.0714
1749 12.0714
1751 12.0714
1753 12.0714
1755 12.9803
1757 12.9803
1759 12.9803
1761 12.9803
1763 12.9803
1765 12.9803
1767 12.9803
1769 13.4887
1771 13.3892
1773 13.3648
1775 13.3824
1777 13.0903
1779 13.0903
1781 13.0903
1783 13.0903
1785 13.0298
1787 13.0298
1789 13.0298
1791 13.0298
1793 13.0298
1795 13.0298
1797 12.5784
1799 12.5784
1801 12.5784
1803 12.5784
1805 12.5884
1807 12.4628
1809 12.4628
1811 12.4628
1813 12.811
1815 12.811
1817 11.6225
1819 11.5224
1821 11.5224
1823 11.5224
1825 11.5224
1827 11.5224
1829 11.5224
1831 11.6225
1833 11.6225
1835 11.6225
1837 11.4366
1839 11.4366
1841 11.4366
1843 11.4366
1845 11.4366
1847 11.4366
1849 11.3364
1851 10.8766
1853 10.8766
1855 11.2876
1857 11.123
1859 11.0571
1861 11.0571
1863 11.0571
1865 11.0571
1867 10.7978
1869 10.1898
1871 10.1898
1873 10.1898
1875 10.1898
1877 10.1898
1879 10.1898
1881 10.6071
1883 10.6071
1885 10.6071
1887 10.6071
1889 10.4031
1891 10.6988
1893 10.6988
1895 10.6988
1897 10.6988
1899 10.6988
1901 10.6988
1903 10.6988
1905 10.6988
1907 10.6988
1909 10.6988
1911 10.7025
1913 10.9773
1915 10.9773
1917 10.764
1919 10.764
1921 10.764
1923 10.465
1925 10.465
1927 10.465
1929 10.4711
1931 10.4711
1933 10.6281
1935 10.6221
1937 10.4058
1939 10.4058
1941 10.4058
1943 10.4058
1945 10.4058
1947 10.4058
1949 10.4058
1951 10.4058
1953 10.4058
1955 10.4058
1957 10.4058
1959 10.6612
1961 10.6612
1963 10.6612
1965 10.6612
1967 11.8422
1969 11.7033
1971 11.7033
1973 11.7033
1975 11.7033
1977 11.0014
1979 11.0014
1981 11.0014
1983 10.8778
1985 10.8778
1987 10.8778
1989 10.8778
1991 10.8778
1993 10.8778
1995 10.6046
1997 10.6046
1999 10.6046
2001 10.6046
2003 10.6028
2005 10.6028
2007 10.7345
2009 10.7345
2011 10.7345
2013 10.7345
2015 10.7345
2017 10.7345
2019 10.7345
2021 10.7345
2023 10.7345
2025 10.7345
2027 11.1255
2029 11.1255
2031 11.1255
2033 11.8136
2035 11.8136
2037 11.8136
2039 11.8789
2041 11.8789
2043 11.8789
2045 11.8789
2047 11.8789
2049 11.8789
2051 11.8789
2053 11.8774
2055 11.8774
2057 11.5727
2059 11.5727
2061 11.5727
2063 11.5727
2065 11.213
2067 11.213
2069 11.213
2071 11.213
2073 11.7361
2075 11.7361
2077 11.7361
2079 11.7361
2081 11.7361
2083 11.7361
2085 11.7361
2087 11.7361
2089 11.7329
2091 11.7329
2093 11.7329
2095 11.7329
2097 11.7329
2099 11.7329
2101 11.7329
2103 11.6793
2105 11.6793
2107 11.6717
2109 11.6717
2111 11.6717
2113 11.6717
2115 11.6717
2117 11.7614
2119 11.8679
2121 12.154
2123 12.154
2125 12.154
2127 12.154
2129 12.154
2131 12.7072
2133 12.7072
2135 12.7829
2137 12.9893
2139 12.9893
2141 12.9893
2143 12.9893
2145 12.4221
2147 12.9773
2149 12.1311
2151 12.1311
2153 12.1311
2155 12.1311
2157 12.1311
2159 12.4213
2161 12.4213
2163 12.6205
2165 12.4997
2167 12.4997
2169 12.4997
2171 11.6864
2173 11.6864
2175 11.6864
2177 11.6864
2179 11.884
2181 11.884
2183 12.6683
2185 12.6683
2187 12.6166
2189 12.6166
2191 12.6166
2193 12.6166
2195 12.6166
2197 12.6166
2199 12.6166
2201 12.6166
2203 12.6942
2205 12.6942
2207 12.6942
2209 12.5094
2211 12.0524
2213 12.0524
2215 12.0524
2217 12.0895
2219 12.0895
2221 12.0889
2223 12.0224
2225 12.0224
2227 11.9748
2229 11.9439
2231 11.9439
2233 11.9439
2235 11.2595
2237 11.2595
2239 11.5223
2241 11.5223
2243 11.4495
2245 11.4495
2247 11.4495
2249 11.4495
2251 11.4495
2253 11.4495
2255 11.4495
2257 11.4495
2259 11.4495
2261 11.4495
2263 11.4495
2265 11.3282
2267 11.3282
2269 11.3282
2271 11.3282
2273 11.3282
2275 11.3199
2277 11.3199
2279 11.3199
2281 11.3199
2283 11.7421
2285 11.6271
2287 11.6396
2289 11.6396
2291 11.6396
2293 11.6396
2295 11.6396
2297 11.6396
2299 11.6396
2301 11.6396
2303 11.4786
2305 11.4786
2307 11.4786
2309 11.4218
2311 11.4218
2313 11.4218
2315 11.4218
2317 11.4218
2319 11.4218
2321 11.6508
2323 11.6508
2325 11.6508
2327 11.6508
2329 11.8056
2331 11.8056
2333 11.8056
2335 11.8056
2337 11.8056
2339 11.8056
2341 11.8056
2343 12.2493
2345 12.1031
2347 12.0361
2349 11.2566
2351 11.2566
2353 11.2566
2355 11.2566
2357 11.2566
2359 11.2566
2361 11.2674
2363 11.2674
2365 11.3295
2367 11.3295
2369 11.2738
2371 11.2738
2373 11.2738
2375 11.6296
2377 11.6296
2379 11.6296
2381 11.6296
2383 11.6296
2385 11.6296
2387 11.6296
2389 11.6296
2391 11.6296
2393 11.6296
2395 11.6296
2397 11.8668
2399 11.8668
2401 11.7368
2403 11.7368
2405 11.6819
2407 11.69
2409 11.69
2411 11.69
2413 11.69
2415 11.69
2417 11.69
2419 11.69
2421 11.69
2423 11.69
2425 11.69
2427 11.69
2429 11.69
2431 11.69
2433 11.69
2435 11.5386
2437 11.5386
2439 10.6548
2441 10.6548
2443 10.6548
2445 10.6548
2447 10.6548
2449 10.0163
2451 10.0163
2453 10.0163
2455 10.0163
2457 10.553
2459 10.553
2461 10.553
2463 10.553
2465 10.553
2467 10.553
2469 10.553
2471 10.8931
2473 10.8931
2475 10.8931
2477 10.8931
2479 10.8931
2481 10.8891
2483 10.8891
2485 10.8891
2487 10.2314
2489 10.0369
2491 10.0369
2493 9.60391
2495 9.60391
2497 9.60391
2499 9.60391
2501 9.60391
2503 9.60391
2505 9.60391
2507 9.60391
2509 9.60391
2511 9.60391
2513 9.60391
2515 9.60391
2517 9.60391
2519 9.60391
2521 10.3175
2523 10.3175
2525 9.65624
2527 9.94611
2529 9.94611
2531 9.94611
2533 9.94611
2535 9.94611
2537 9.94611
2539 9.94611
2541 9.82286
2543 9.82286
2545 9.82286
2547 9.71468
2549 9.20153
2551 9.20153
2553 9.20153
2555 9.20153
2557 9.20153
2559 9.20153
2561 10.3085
2563 10.3085
2565 10.3085
2567 10.3085
2569 10.3085
2571 10.3085
2573 10.3085
2575 10.7494
2577 10.7494
2579 10.7402
2581 10.7402
2583 10.7494
2585 10.7494
2587 10.7629
2589 10.9573
2591 10.4608
2593 10.4172
2595 10.4172
2597 10.4172
2599 10.4172
2601 10.4172
2603 10.7311
2605 10.7311
2607 10.7311
2609 10.7311
2611 10.7311
2613 10.7311
2615 10.7311
2617 10.8064
2619 11.0963
2621 11.0963
2623 11.0963
2625 11.0963
2627 11.0973
2629 11.0973
2631 10.9647
2633 10.9647
2635 10.9647
2637 10.9647
2639 10.9647
2641 10.9647
2643 10.9647
2645 10.9647
2647 10.9725
2649 10.9725
2651 10.9725
2653 10.9725
2655 10.9725
2657 10.9725
2659 10.9725
2661 10.9764
2663 10.9764
2665 10.9764
2667 11.1133
2669 11.0591
2671 10.9974
2673 11.0591
2675 11.0591
2677 11.0591
2679 11.0591
2681 11.2311
2683 11.1789
2685 11.1789
2687 11.1789
2689 10.8873
2691 10.8873
2693 10.8873
2695 10.8873
2697 10.8873
2699 10.8873
2701 10.8873
2703 10.8873
2705 10.8873
2707 10.8873
2709 10.8873
2711 10.8873
2713 10.8873
2715 10.8873
2717 10.5114
2719 10.5114
2721 10.5114
2723 10.5114
2725 10.5114
2727 10.1335
2729 10.1335
2731 10.1335
2733 10.1335
2735 10.1335
2737 10.1256
2739 9.93129
2741 9.34324
2743 9.34324
2745 9.34324
2747 9.34324
2749 9.34324
2751 9.34324
2753 9.34324
2755 9.34324
2757 10.1256
2759 10.1256
2761 10.0983
2763 10.1116
2765 10.1116
2767 10.1225
2769 10.1225
2771 10.0597
2773 10.1212
2775 10.1225
2777 10.1225
2779 10.1225
2781 9.43011
2783 9.36449
2785 9.36449
2787 9.36449
2789 9.36449
2791 9.36449
2793 9.36449
2795 9.36449
2797 9.43011
2799 9.43011
2801 9.43011
2803 9.43011
2805 9.43011
2807 9.43011
2809 9.43011
2811 9.43011
2813 8.59234
2815 8.59234
2817 8.59234
2819 8.59234
2821 8.59234
2823 8.63514
2825 8.63514
2827 8.63514
2829 8.63514
2831 8.63514
2833 8.63514
2835 8.63514
2837 8.63514
2839 8.63514
2841 8.63514
2843 8.63514
2845 8.63514
2847 8.63514
2849 7.97367
2851 7.97367
2853 7.97367
2855 7.94269
2857 7.94269
2859 7.94269
2861 7.95525
2863 7.95525
2865 7.95525
2867 8.08631
2869 8.08631
2871 8.03626
2873 8.03626
2875 8.03626
2877 8.03626
2879 8.03626
2881 8.03806
2883 8.03806
2885 8.03806
2887 8.03806
2889 8.03806
2891 8.03806
2893 8.03806
2895 8.03806
2897 8.03806
2899 8.03806
2901 8.04504
2903 8.04504
2905 8.04504
2907 8.04504
2909 8.04504
2911 8.04504
2913 8.14333
2915 8.14333
2917 8.14333
2919 8.14333
2921 8.12151
2923 8.12151
2925 8.12151
2927 8.12151
2929 8.12151
2931 8.12151
2933 8.12151
2935 8.12151
2937 8.12151
2939 8.12151
2941 8.12151
2943 8.10549
2945 8.10549
2947 8.10549
2949 8.10549
2951 8.10549
2953 8.12151
2955 8.12151
2957 8.12151
2959 8.12151
2961 7.86912
2963 7.86912
2965 7.86912
2967 8.183
2969 8.183
2971 7.94311
2973 7.94311
2975 7.94311
2977 7.94311
2979 7.94311
2981 7.74825
2983 7.74825
2985 7.74825
2987 7.74825
2989 7.74825
2991 7.74825
2993 7.74825
2995 7.74825
2997 7.74825
2999 7.74825
3001 7.74825
3003 7.74825
3005 7.74825
3007 7.74825
3009 7.74825
3011 7.74825
3013 7.74825
3015 7.74825
3017 7.74825
3019 7.74825
3021 7.9077
3023 7.9077
3025 7.9077
3027 7.9077
3029 7.9077
3031 7.9077
3033 7.9077
3035 7.9077
3037 7.9077
3039 7.9077
3041 7.9077
3043 7.9077
3045 7.9077
3047 7.9077
3049 7.9077
3051 7.9077
3053 7.9077
3055 7.66891
3057 7.66891
3059 7.66891
3061 7.66891
3063 7.66891
3065 7.66891
3067 7.63657
3069 7.63657
3071 7.63657
3073 7.63657
3075 7.63657
3077 7.63657
3079 7.63657
3081 7.63657
3083 7.63657
3085 7.63608
3087 7.63608
3089 7.88047
3091 7.88047
3093 7.64253
3095 7.64253
3097 7.64253
3099 7.64253
3101 7.64253
3103 7.64253
3105 7.64253
3107 7.64253
3109 7.64253
3111 7.5726
3113 7.5726
3115 7.5726
3117 7.5726
3119 7.5726
3121 7.5726
3123 7.55796
3125 7.55796
3127 7.5726
3129 7.5726
3131 7.5726
3133 7.5726
3135 7.5726
3137 7.5726
3139 7.5726
3141 7.42686
3143 7.42686
3145 7.42686
3147 7.42686
3149 7.42686
3151 7.42686
3153 7.40922
3155 7.40922
3157 7.40922
3159 7.40922
3161 7.40922
3163 7.56278
3165 7.56278
3167 7.56278
3169 7.83662
3171 7.83662
3173 7.83099
3175 7.83099
3177 7.83099
3179 7.83099
3181 7.83099
3183 7.83099
3185 7.83099
3187 7.83099
3189 7.83099
3191 7.83099
3193 7.84048
3195 7.84048
3197 7.84048
3199 7.84048
3201 7.84048
3203 7.84048
3205 7.84048
3207 7.84048
3209 7.84048
3211 8.12641
3213 8.12641
3215 8.09368
3217 7.92168
3219 7.92168
3221 7.92168
3223 7.92168
3225 7.92168
3227 7.92168
3229 7.92168
3231 7.92168
3233 7.92168
3235 7.92168
3237 7.92168
3239 7.92168
3241 7.92168
3243 7.92168
3245 7.92168
3247 7.92168
3249 7.92168
3251 7.92168
3253 7.92168
3255 7.92168
3257 7.92168
3259 7.92168
3261 7.92168
3263 7.92168
3265 7.92168
3267 7.92168
3269 7.93836
3271 7.93836
3273 7.93836
3275 7.93836
3277 7.93836
3279 7.93836
3281 7.30527
3283 7.30527
3285 7.30527
3287 7.30527
3289 7.30527
3291 7.30527
3293 7.30171
3295 7.30171
3297 7.30171
3299 6.95622
3301 6.95622
3303 7.64532
3305 7.64532
3307 7.64532
3309 7.64532
3311 7.64532
3313 7.64532
3315 7.64532
3317 7.64532
3319 7.64532
3321 7.64532
3323 7.64532
3325 7.64532
3327 7.64532
3329 7.64532
3331 7.64532
3333 7.64532
3335 7.54701
3337 7.54701
3339 7.54701
3341 7.54012
3343 7.54012
3345 7.54012
3347 7.54012
3349 7.40657
3351 7.40657
3353 7.44193
3355 7.44193
3357 7.44193
3359 7.44193
3361 7.44193
3363 7.44193
3365 7.44193
3367 7.44193
3369 7.44193
3371 7.44193
3373 7.44193
3375 7.46898
3377 7.46898
3379 7.46898
3381 7.51073
3383 7.51073
3385 7.51073
3387 7.51073
3389 7.51073
3391 7.51073
3393 7.51073
3395 7.51073
3397 7.51073
3399 7.51073
3401 7.51942
3403 7.51942
3405 7.51942
3407 8.12743
3409 8.12743
3411 8.12743
3413 8.12743
3415 8.12743
3417 8.12743
3419 8.12743
3421 8.12743
3423 8.12743
3425 8.12743
3427 8.12743
3429 8.12743
3431 8.12743
3433 8.12743
3435 8.12743
3437 8.12743
3439 8.12743
3441 8.12743
3443 8.13914
3445 8.13914
3447 8.13914
3449 8.13914
3451 8.13914
3453 8.13914
3455 8.11974
3457 8.11974
3459 8.11484
3461 8.13914
3463 8.13914
3465 8.13914
3467 8.13914
3469 8.13914
3471 8.13914
3473 8.13914
3475 8.13914
3477 8.13914
3479 8.13914
3481 8.13914
3483 8.13914
3485 8.13914
3487 8.13914
3489 8.09073
3491 8.09073
3493 8.09073
3495 8.09073
3497 8.09073
3499 8.09073
3501 8.09073
3503 8.09073
3505 7.77271
3507 7.77271
3509 7.77271
3511 7.77271
3513 7.77271
3515 7.77271
3517 7.77271
3519 7.77271
3521 7.77271
3523 7.77271
3525 7.77271
3527 7.77271
3529 7.77271
3531 7.77271
3533 7.77271
3535 7.77271
3537 7.77271
3539 7.77271
3541 7.77271
3543 7.77271
3545 7.77271
3547 7.77271
3549 7.77271
3551 7.77271
3553 7.7681
3555 7.7681
3557 7.7681
3559 7.7681
3561 7.7681
3563 7.7681
3565 7.7681
3567 7.7681
3569 7.7681
3571 7.7681
3573 7.47635
3575 7.47635
3577 7.47635
3579 7.47635
3581 7.30143
3583 7.30143
3585 7.30143
3587 7.30143
3589 7.12814
3591 7.12814
3593 7.12814
3595 7.12814
3597 7.12814
3599 7.12814
3601 7.12814
3603 7.12814
3605 7.12814
3607 7.12814
3609 7.12814
3611 7.12814
3613 7.13347
3615 7.13347
3617 7.13347
3619 7.13347
3621 7.13347
3623 7.13347
3625 7.13347
3627 7.13347
3629 7.13347
3631 7.13347
3633 7.13347
3635 7.13347
3637 7.13347
3639 7.13347
3641 7.13347
3643 7.13347
3645 7.13347
3647 7.13347
3649 7.13347
3651 7.13347
3653 7.13347
3655 7.13347
3657 7.13347
3659 7.13347
3661 7.13347
3663 7.13347
3665 7.13347
3667 7.13347
3669 7.12641
3671 7.12641
3673 6.88695
3675 6.88695
3677 6.88695
3679 6.88695
3681 6.88695
3683 6.88695
3685 6.88695
3687 6.88695
3689 6.88695
3691 6.88695
3693 6.87815
3695 6.87815
3697 6.87815
3699 6.87815
3701 6.87815
3703 6.87815
3705 6.87815
3707 6.87815
3709 6.87815
3711 6.87815
3713 7.05919
3715 7.05919
3717 7.05919
3719 7.05919
3721 7.05919
3723 7.05919
3725 7.05919
3727 7.05919
3729 7.05919
3731 7.05919
3733 7.05919
3735 7.05919
3737 7.05919
3739 7.07365
3741 7.07365
3743 7.07365
3745 7.07365
3747 7.07365
3749 7.07365
3751 7.07365
3753 7.24079
3755 7.24079
3757 7.24079
3759 7.24079
3761 7.24079
3763 7.24079
3765 7.24079
3767 7.24079
3769 7.24079
3771 7.24079
3773 7.24079
3775 7.24079
3777 7.24079
3779 7.24079
3781 7.24079
3783 7.24079
3785 7.24079
3787 7.24356
3789 7.24356
3791 7.24356
3793 7.36147
3795 7.2046
3797 7.2046
3799 7.2046
3801 7.2046
3803 7.2046
3805 7.2046
3807 7.2046
3809 7.2046
3811 7.2046
3813 7.2046
3815 7.2046
3817 7.2046
3819 7.2046
3821 7.2046
3823 7.20143
3825 7.20143
3827 7.20143
3829 7.20143
3831 7.20143
3833 7.20143
3835 7.20143
3837 7.20143
3839 7.20143
3841 7.20143
3843 7.20143
3845 6.58077
3847 6.58077
3849 6.58077
3851 6.58077
3853 6.58077
3855 6.58077
3857 6.58077
3859 6.85918
3861 6.85918
3863 6.85918
3865 6.85918
3867 6.85918
3869 6.85918
3871 6.85918
3873 6.85918
3875 6.85918
3877 6.74756
3879 6.74756
3881 6.74756
3883 6.74756
3885 6.74756
3887 6.74756
3889 6.74756
3891 6.74756
3893 6.74756
3895 6.47896
3897 6.47896
3899 6.47896
3901 6.47896
3903 6.47896
3905 6.47896
3907 6.47896
3909 6.47896
3911 6.47896
3913 6.47896
3915 6.47896
3917 6.47896
3919 6.47896
3921 6.48654
3923 6.48654
3925 6.48516
3927 6.48516
3929 6.48516
3931 6.48516
3933 6.48516
3935 6.48516
3937 6.48516
3939 6.48516
3941 6.48516
3943 6.48516
3945 6.48516
3947 6.48516
3949 6.50564
3951 6.50564
3953 6.50564
3955 6.50564
3957 6.50564
3959 6.50564
3961 6.50564
3963 6.50564
3965 6.50564
3967 6.50564
3969 6.50564
3971 6.50564
3973 6.50564
3975 6.50564
3977 6.50564
3979 6.50564
3981 6.50564
3983 6.50564
3985 6.50564
3987 6.50564
3989 6.49933
3991 6.50736
3993 6.50736
3995 6.50736
3997 6.50736
3999 6.50736
4001 6.50736
4003 6.50736
4005 6.50736
4007 6.50736
4009 6.50736
4011 6.50736
4013 6.81399
4015 6.81399
4017 6.81399
4019 6.60547
4021 6.60547
4023 6.60547
4025 6.60547
4027 6.60547
4029 6.71609
4031 6.71691
4033 6.71691
4035 6.71691
4037 6.71691
4039 6.71691
4041 6.71691
4043 6.71691
4045 6.79355
4047 6.79355
4049 6.79355
4051 6.79355
4053 6.79355
4055 6.79355
4057 6.79355
4059 6.79355
4061 6.79355
4063 6.79355
4065 6.79355
4067 6.79355
4069 7.09867
4071 7.09867
4073 7.09867
4075 7.09867
4077 7.09867
4079 7.09867
4081 7.09867
4083 7.09867
4085 7.09867
4087 7.09867
4089 7.09867
4091 7.09867
4093 7.09867
4095 7.18652
4097 7.18652
4099 7.18652
4101 7.18652
4103 7.18652
4105 7.18652
4107 7.18652
4109 7.18652
4111 7.18652
4113 7.18652
4115 6.93993
4117 6.93993
4119 6.93993
4121 6.93993
4123 6.93993
4125 6.93993
4127 6.93993
4129 6.93993
4131 6.93993
4133 6.93993
4135 6.93993
4137 6.93993
4139 6.93993
4141 6.93862
4143 6.93862
4145 6.93862
4147 6.93862
4149 6.93862
4151 6.93862
4153 6.93862
4155 6.93862
4157 6.93862
4159 6.93862
4161 6.93862
4163 6.93862
4165 6.93862
4167 6.93862
4169 6.93862
4171 6.93862
4173 6.93862
4175 6.93862
4177 6.93862
4179 6.92099
4181 6.92099
4183 6.92099
4185 6.92099
4187 6.92099
4189 6.92099
4191 6.92099
4193 6.92099
4195 6.93862
4197 6.93862
4199 6.93862
4201 6.88321
4203 6.88321
4205 6.88321
4207 6.88321
4209 6.87308
4211 6.87308
4213 6.87308
4215 6.87308
4217 6.87308
4219 6.87308
4221 6.87308
4223 6.87308
4225 6.87308
4227 6.87308
4229 6.87308
4231 6.87308
4233 6.87308
4235 6.87308
4237 6.87308
4239 6.87308
4241 6.87308
4243 6.87308
4245 6.87308
4247 6.87308
4249 6.12035
4251 6.12035
4253 6.12035
4255 6.12035
4257 6.12035
4259 6.12035
4261 6.12035
4263 6.12035
4265 6.12035
4267 6.12035
4269 6.11993
4271 6.11993
4273 6.11993
4275 6.11993
4277 6.11993
4279 6.11993
4281 6.11993
4283 5.84402
4285 5.84402
4287 5.84402
4289 5.84402
4291 5.84402
4293 5.84402
4295 5.84402
4297 5.84402
4299 5.84402
4301 5.84402
4303 5.84402
4305 5.84402
4307 5.84402
4309 5.84402
4311 5.84402
4313 5.84804
4315 5.84804
4317 5.84804
4319 5.84804
4321 5.84804
4323 5.84804
4325 5.84402
4327 5.84402
4329 5.91894
4331 5.91894
4333 5.91894
4335 5.91894
4337 5.91894
4339 5.91894
4341 5.91894
4343 5.91894
4345 5.91894
4347 5.91894
4349 5.8712
4351 5.8712
4353 5.8712
4355 5.8712
4357 5.78709
4359 5.78709
4361 5.78709
4363 5.78709
4365 5.78709
4367 5.78709
4369 5.78709
4371 5.78709
4373 5.85589
4375 5.85589
4377 5.85589
4379 5.85589
4381 5.85589
4383 5.85589
4385 5.85589
4387 5.85589
4389 5.85589
4391 5.85589
4393 5.85589
4395 5.85589
4397 5.85589
4399 5.85589
4401 5.85589
4403 5.85589
4405 5.85589
4407 5.85589
4409 5.85589
4411 5.9294
4413 5.9294
4415 5.9294
4417 5.9294
4419 5.9294
4421 5.9294
4423 5.9294
4425 5.9294
4427 5.9294
4429 5.9294
4431 5.9294
4433 5.9294
4435 5.9294
4437 5.9294
4439 5.9294
4441 5.9294
4443 5.9294
4445 5.9294
4447 5.9294
4449 5.9294
4451 5.9294
4453 5.9294
4455 5.9294
4457 5.9294
4459 5.9294
4461 5.9294
4463 5.9294
4465 5.9294
4467 5.9294
4469 5.9294
4471 5.9294
4473 5.9294
4475 5.9294
4477 5.9294
4479 5.9294
4481 5.9294
4483 5.9294
4485 5.9294
4487 5.9294
4489 5.9294
4491 5.9294
4493 5.8606
4495 5.67249
4497 5.67249
4499 5.67249
4501 5.67249
4503 5.67249
4505 5.67249
4507 5.67249
4509 5.67249
4511 5.67249
4513 5.67249
4515 5.67249
4517 5.49718
4519 5.49718
4521 5.49718
4523 5.49718
4525 5.49718
4527 5.57796
4529 5.57796
4531 5.50056
4533 5.50056
4535 5.50056
4537 5.53834
4539 5.53834
4541 5.53834
4543 5.53834
4545 5.53834
4547 5.53834
4549 5.53834
4551 5.53834
4553 5.53834
4555 5.73844
4557 5.73844
4559 5.73844
4561 5.73844
4563 5.73844
4565 5.73844
4567 5.73844
4569 5.73844
4571 5.73844
4573 5.73844
4575 5.73844
4577 5.73844
4579 5.73844
4581 5.73844
4583 5.73844
4585 5.73844
4587 5.73844
4589 5.73844
4591 5.73844
4593 5.73844
4595 5.73844
4597 5.73844
4599 5.73844
4601 5.73844
4603 5.73844
4605 5.73844
4607 5.73844
4609 5.73844
4611 5.73844
4613 5.73844
4615 5.73844
4617 5.73844
4619 5.73844
4621 5.78668
4623 5.78668
4625 5.78668
4627 5.78668
4629 5.78668
4631 5.78668
4633 5.78668
4635 5.78668
4637 5.78668
4639 5.78668
4641 5.78668
4643 5.78668
4645 5.58844
4647 5.58844
4649 5.58844
4651 5.58844
4653 5.58844
4655 5.58844
4657 5.58844
4659 5.6009
4661 5.6009
4663 5.6009
4665 5.6009
4667 5.59112
4669 5.59112
4671 5.59112
4673 5.59112
4675 5.59112
4677 5.59112
4679 5.59112
4681 5.59112
4683 5.59112
4685 5.62239
4687 5.62239
4689 5.62239
4691 5.62239
4693 5.62239
4695 5.62239
4697 5.62239
4699 5.62239
4701 5.62239
4703 5.62239
4705 5.62239
4707 5.62239
4709 5.62239
4711 5.62239
4713 5.62239
4715 5.62239
4717 5.62239
4719 5.62239
4721 5.62239
4723 5.62239
4725 5.62239
4727 5.62239
4729 5.62239
4731 5.62239
4733 5.62239
4735 5.62239
4737 5.62239
4739 5.62239
4741 5.62239
4743 5.62239
4745 5.62239
4747 5.62239
4749 5.62239
4751 5.62239
4753 5.62239
4755 5.62239
4757 5.62239
4759 5.62239
4761 5.62239
4763 5.62239
4765 5.62239
4767 5.62239
4769 5.62239
4771 5.62239
4773 5.62239
4775 5.62239
4777 5.62239
4779 5.62239
4781 5.62239
4783 5.62239
4785 5.62239
4787 5.62239
4789 5.62239
4791 5.62239
4793 5.62239
4795 5.62239
4797 5.62239
4799 5.62239
4801 5.62239
4803 5.62239
4805 5.62239
4807 5.62239
4809 5.62239
4811 5.62239
4813 5.62239
4815 5.62239
4817 5.62239
4819 5.62789
4821 5.62789
4823 5.62789
4825 5.62789
4827 5.62789
4829 5.62789
4831 5.62789
4833 5.62789
4835 5.68637
4837 5.68637
4839 5.68637
4841 6.16676
4843 6.16676
4845 6.16676
4847 6.16676
4849 6.16676
4851 6.16676
4853 6.16676
4855 6.16676
4857 6.16676
4859 6.16676
4861 6.16676
4863 6.16676
4865 6.16676
4867 6.16676
4869 6.16676
4871 6.16676
4873 6.16676
4875 6.16676
4877 6.16485
4879 6.16485
4881 6.16676
4883 6.16676
4885 6.16676
4887 6.16676
4889 6.16676
4891 6.16676
4893 6.16676
4895 6.16676
4897 6.16676
4899 6.16676
4901 6.16676
4903 6.16676
4905 6.16676
4907 6.16676
4909 6.16676
4911 6.16676
4913 6.16676
4915 6.16676
4917 6.16676
4919 6.16676
4921 6.16676
4923 6.16676
4925 6.16676
4927 6.16676
4929 6.16676
4931 6.16676
4933 6.16676
4935 6.16251
4937 6.16251
4939 6.16251
4941 6.16251
4943 6.16251
4945 6.16251
4947 6.16251
4949 6.16251
4951 6.16251
4953 6.16251
4955 6.16251
4957 6.16251
4959 6.16251
4961 6.15022
4963 6.15022
4965 6.15022
4967 6.15022
4969 6.15022
4971 6.15022
4973 6.15022
4975 6.15022
4977 6.15022
4979 6.15022
4981 6.15022
4983 6.15022
4985 6.15022
4987 6.14843
4989 6.14843
4991 6.14843
4993 6.14843
4995 6.14843
4997 6.14843
4999 6.14843
5001 6.18292
5003 6.18292
5005 6.18292
5007 6.18292
5009 6.18292
5011 6.2363
5013 6.25016
5015 6.25016
5017 6.25016
5019 6.25016
5021 6.25016
5023 6.25016
5025 6.25016
5027 5.70373
5029 5.70373
5031 5.70363
5033 5.70363
5035 5.70363
5037 5.96679
5039 5.96679
5041 5.96679
5043 5.96679
5045 5.96679
5047 5.96679
5049 5.96679
5051 5.96679
5053 5.96679
5055 5.96679
5057 5.96679
5059 5.96679
5061 5.96679
5063 5.96679
5065 5.96679
5067 5.96679
5069 5.96679
5071 5.96679
5073 5.96679
5075 5.96679
5077 5.96679
5079 5.96679
5081 5.96679
5083 5.96679
5085 5.96679
5087 5.96679
5089 5.96679
5091 5.96679
5093 5.96679
5095 5.96679
5097 5.96679
5099 5.96679
5101 5.96679
5103 5.96679
5105 5.96679
5107 5.96216
5109 5.53196
5111 5.53196
5113 5.53196
5115 5.53196
5117 5.53196
5119 5.53196
5121 5.53196
5123 5.53196
5125 5.53196
5127 5.53196
5129 5.53196
5131 5.53196
5133 5.53196
5135 5.53196
5137 5.53196
5139 5.53196
5141 5.53196
5143 5.53196
5145 5.53196
5147 5.53196
5149 5.53196
5151 5.53196
5153 5.53196
5155 5.53196
5157 5.53196
5159 5.53196
5161 5.53196
5163 5.53196
5165 5.53196
5167 5.53196
5169 5.53196
5171 5.53196
5173 5.70818
5175 5.70818
5177 5.70818
5179 5.70818
5181 5.70818
5183 5.70818
5185 5.70818
5187 5.70818
5189 5.70818
5191 5.70818
5193 5.70818
5195 5.70818
5197 5.70818
5199 5.70818
5201 5.70818
5203 5.70818
5205 5.70818
5207 5.70818
5209 5.70818
5211 5.70818
5213 5.70818
5215 5.70818
5217 5.70818
5219 5.70818
5221 5.70818
5223 5.70818
5225 5.70818
5227 5.70818
5229 5.70818
5231 5.70818
5233 5.70818
5235 5.70818
5237 5.68992
5239 5.68992
5241 5.68992
5243 5.68992
5245 5.68992
5247 5.68992
5249 5.68992
5251 5.68992
5253 5.68992
5255 5.68992
5257 5.68992
5259 5.51481
5261 5.51481
5263 5.51481
5265 5.51478
5267 5.51478
5269 5.51478
5271 5.51478
5273 5.51478
5275 5.51478
5277 5.51478
5279 5.59675
5281 5.44335
5283 5.44335
5285 5.44335
5287 5.44335
5289 5.44335
5291 5.44267
5293 5.44267
5295 5.44267
5297 5.44267
5299 5.44267
5301 5.44267
5303 5.44267
5305 5.44267
5307 5.44267
5309 5.44267
5311 5.45545
5313 5.45545
5315 5.45545
5317 5.45545
5319 5.45545
5321 5.45545
5323 5.45545
5325 5.45545
5327 5.45545
5329 5.45545
5331 5.45545
5333 5.45545
5335 5.45545
5337 5.45545
5339 5.45545
5341 5.45545
5343 5.45545
5345 5.45545
5347 5.45545
5349 5.45545
5351 5.45545
5353 5.45545
5355 5.45545
5357 5.45545
5359 5.45545
5361 5.45545
5363 5.45545
5365 5.45545
5367 5.45545
5369 5.45545
5371 5.45545
5373 5.45545
5375 5.45545
5377 5.45545
5379 5.45545
5381 5.45545
5383 5.45545
5385 5.45545
5387 5.45545
5389 5.45545
5391 5.45545
5393 5.45545
5395 5.45545
5397 5.45545
5399 5.45545
5401 5.45545
5403 5.45545
5405 5.45545
5407 5.45545
5409 5.45545
5411 5.45545
5413 5.45545
5415 5.45545
5417 5.45545
5419 5.45545
5421 5.45545
5423 5.45545
5425 5.45545
5427 5.45545
5429 5.45545
5431 5.45545
5433 5.45545
5435 5.45545
5437 5.44267
5439 5.44267
5441 5.44267
5443 5.44267
5445 5.44267
5447 5.44267
5449 5.44644
5451 5.44644
5453 5.44644
5455 5.44644
5457 5.44644
5459 5.44644
5461 5.44644
5463 5.44644
5465 5.44644
5467 5.44644
5469 5.44644
5471 5.44644
5473 5.44644
5475 5.44644
5477 5.44644
5479 5.44644
5481 5.44644
5483 5.44644
5485 5.44644
5487 5.44644
5489 5.44644
5491 5.44644
5493 5.44644
5495 5.44644
5497 5.60992
5499 5.60992
5501 5.60992
5503 5.60992
5505 5.60992
5507 5.60992
5509 5.60992
5511 5.60992
5513 5.60992
5515 5.60992
5517 5.60992
5519 5.60992
5521 5.60992
5523 5.60992
5525 5.60992
5527 5.60992
5529 5.60992
5531 5.60992
5533 5.60992
5535 5.60992
5537 5.60992
5539 5.60992
5541 5.60992
5543 5.60992
5545 5.60992
5547 5.60992
5549 5.60992
5551 5.60992
5553 5.60992
5555 5.60992
5557 5.60992
5559 5.60992
5561 5.60992
5563 5.60992
5565 5.60992
5567 5.60992
5569 5.60992
5571 5.60992
5573 5.60992
5575 5.60992
5577 5.60992
5579 5.53793
5581 5.53793
5583 5.53793
5585 5.53793
5587 5.53793
5589 5.53793
5591 5.53793
5593 5.53793
5595 5.53793
5597 5.53793
5599 5.53793
5601 5.53793
5603 5.53793
5605 5.53793
5607 5.53793
5609 5.53793
5611 5.53793
5613 5.53793
5615 5.53909
5617 5.53909
5619 5.53909
5621 5.41707
5623 5.41707
5625 5.41707
5627 5.41707
5629 5.41707
5631 5.41707
5633 5.41707
5635 5.41707
5637 5.41707
5639 5.41707
5641 5.41707
5643 5.41707
5645 5.41707
5647 5.41707
5649 5.41707
5651 5.41707
5653 5.41707
5655 5.41707
5657 5.41707
5659 5.41707
5661 5.41707
5663 5.41707
5665 5.41707
5667 5.41707
5669 5.41707
5671 5.41707
5673 5.41707
5675 5.41707
5677 5.41707
5679 5.41707
5681 5.3772
5683 5.3772
5685 5.3772
5687 5.3772
5689 5.3772
5691 5.3772
5693 5.3772
5695 5.3772
5697 5.3772
5699 5.3772
5701 5.3772
5703 5.3772
5705 5.3772
5707 5.3772
5709 5.3772
5711 5.3772
5713 5.3772
5715 5.3772
5717 5.3772
5719 5.3772
5721 5.3772
5723 5.3772
5725 5.3772
5727 5.3772
5729 5.3772
5731 5.3772
5733 5.3772
5735 5.3772
5737 5.3772
5739 5.3772
5741 5.3772
5743 5.3772
5745 5.3772
5747 5.3772
5749 5.3772
5751 5.3772
5753 5.3772
5755 5.3772
5757 5.3772
5759 5.3772
5761 5.3772
5763 5.3772
5765 5.3772
5767 5.3772
5769 5.3772
5771 5.3772
5773 5.3772
5775 5.3772
5777 5.3772
5779 5.3772
5781 5.3772
5783 5.3772
5785 5.3772
5787 5.3772
5789 5.3772
5791 5.41889
5793 5.41889
5795 5.41889
5797 5.41889
5799 5.41889
5801 5.41889
5803 5.41889
5805 5.41889
5807 5.41889
5809 5.41889
5811 5.41889
5813 5.41889
5815 5.41889
5817 5.41889
5819 5.41889
5821 5.41889
5823 5.41889
5825 5.673
5827 5.673
5829 5.673
5831 5.673
5833 5.673
5835 5.673
5837 5.35501
5839 5.35501
5841 5.35501
5843 5.35501
5845 5.35501
5847 5.35501
5849 5.35501
5851 5.35501
5853 5.35837
5855 5.35837
5857 5.35837
5859 5.35837
5861 5.35837
5863 5.35837
5865 5.35837
5867 5.35837
5869 5.35837
5871 5.35837
5873 5.35837
5875 5.35837
5877 5.35837
5879 5.35837
5881 5.35837
5883 5.35837
5885 5.35837
5887 5.30655
5889 5.30655
5891 5.30655
5893 5.30655
5895 5.30655
5897 5.30655
5899 5.30655
5901 5.30655
5903 5.30655
5905 5.30655
5907 5.30655
5909 5.30655
5911 5.30655
5913 5.30655
5915 5.30655
5917 5.30655
5919 5.30655
5921 5.30655
5923 5.30655
5925 5.30655
5927 5.30655
5929 5.30655
5931 5.30655
5933 5.30655
5935 5.30655
5937 5.30655
5939 5.30655
5941 5.30655
5943 5.30655
5945 5.30655
5947 5.30655
5949 5.31422
5951 5.2799
5953 5.2799
5955 5.2799
5957 5.2799
5959 5.2799
5961 5.2799
5963 5.2799
5965 5.2799
5967 5.2799
5969 5.2799
5971 5.2799
5973 5.2799
5975 5.31117
5977 5.31117
5979 5.31117
5981 5.31477
5983 5.31477
5985 5.31477
5987 5.31477
5989 5.3147
5991 5.3147
5993 5.3147
5995 5.3147
5997 5.3147
5999 5.3147
6001 5.3147
6003 5.3147
6005 5.3147
6007 5.3147
6009 5.3147
6011 5.3147
6013 5.3147
6015 5.3147
6017 5.3147
6019 5.3147
6021 5.3147
6023 5.3147
6025 5.3147
6027 5.3147
6029 5.3147
6031 5.3147
6033 5.3147
6035 5.3147
6037 5.3147
6039 5.3147
6041 5.3147
6043 5.38068
6045 5.38068
6047 5.38068
6049 5.38068
6051 5.38068
6053 5.38068
6055 5.38532
6057 5.38532
6059 5.38532
6061 5.38532
6063 5.38532
6065 5.38532
6067 5.38532
6069 5.38532
6071 5.38532
6073 5.38532
6075 5.38532
6077 5.38532
6079 5.38532
6081 5.38532
6083 5.38532
6085 5.38532
6087 5.38532
6089 5.38532
6091 5.38532
6093 5.38532
6095 5.38532
6097 5.38532
6099 5.38532
6101 5.38532
6103 5.38532
6105 5.38532
6107 5.38283
6109 5.38283
6111 5.38283
6113 4.778
6115 4.778
6117 4.778
6119 4.778
6121 4.778
6123 4.778
6125 4.778
6127 4.778
6129 4.778
6131 4.778
6133 4.778
6135 4.778
6137 4.778
6139 4.778
6141 4.778
6143 4.778
6145 4.778
6147 4.778
6149 4.77198
6151 4.77198
6153 4.77198
6155 4.77198
6157 4.77198
6159 4.77198
6161 4.77198
6163 4.77198
6165 4.77198
6167 4.77198
6169 4.77198
6171 4.77198
6173 4.77198
6175 4.77198
6177 4.77198
6179 4.77198
6181 4.77198
6183 4.77198
6185 4.77198
6187 4.77198
6189 4.77198
6191 4.77198
6193 4.77198
6195 4.77198
6197 4.77198
6199 4.77198
6201 4.77198
6203 4.77198
6205 4.77198
6207 4.77198
6209 4.77198
6211 4.77198
6213 4.76799
6215 4.76799
6217 4.76799
6219 4.76799
6221 4.75029
6223 4.75029
6225 4.75029
6227 4.75029
6229 4.75029
6231 4.75029
6233 4.75029
6235 4.75029
6237 4.75029
6239 4.75029
6241 4.75029
6243 4.75029
6245 4.75029
6247 4.75029
6249 4.75029
6251 4.75029
6253 4.75029
6255 4.75029
6257 4.75029
6259 4.75029
6261 4.75029
6263 4.75029
6265 4.75029
6267 4.75029
6269 4.75029
6271 4.75029
6273 4.75029
6275 4.75029
6277 4.75029
6279 4.75029
6281 4.75029
6283 4.75029
6285 4.75029
6287 4.75029
6289 4.75029
6291 4.75029
6293 4.75029
6295 4.75029
6297 4.75029
6299 4.75029
6301 4.75029
6303 4.75029
6305 4.75029
6307 4.75029
6309 4.75029
6311 4.75029
6313 4.75029
6315 4.75029
6317 4.75029
6319 4.75029
6321 4.75029
6323 4.75029
6325 4.75029
6327 4.75029
6329 4.75029
6331 4.75029
6333 4.75029
6335 4.75029
6337 4.75029
6339 4.35987
6341 4.35987
6343 4.35987
6345 4.35987
6347 4.35987
6349 4.35987
6351 4.36004
6353 4.36004
6355 4.36004
6357 4.36004
6359 4.36004
6361 4.36004
6363 4.36004
6365 4.36004
6367 4.36004
6369 4.36004
6371 4.36004
6373 4.36004
6375 4.36004
6377 4.36004
6379 4.36004
6381 4.36004
6383 4.36004
6385 4.36004
6387 4.36004
6389 4.36004
6391 4.36004
6393 4.36004
6395 4.36004
6397 4.36004
6399 4.36004
6401 4.36004
6403 4.36004
6405 4.36004
6407 4.36004
6409 4.36004
6411 4.36004
6413 4.36004
6415 4.36004
6417 4.36004
6419 4.36004
6421 4.36004
6423 4.36004
6425 4.36004
6427 4.36004
6429 4.36004
6431 4.36004
6433 4.36004
6435 4.36004
6437 4.36004
6439 4.36004
6441 4.36004
6443 4.36004
6445 4.36004
6447 4.36004
6449 4.36004
6451 4.36004
6453 4.36004
6455 4.36004
6457 4.36004
6459 4.36004
6461 4.36004
6463 4.36004
6465 4.28006
6467 4.28006
6469 4.28006
6471 4.28006
6473 4.28006
6475 4.28006
6477 4.28006
6479 4.28006
6481 4.28006
6483 4.28006
6485 4.28006
6487 4.28006
6489 4.28006
6491 4.28006
6493 4.28006
6495 4.28006
6497 4.28006
6499 4.28006
6501 4.28006
6503 4.28006
6505 4.28006
6507 4.28006
6509 4.28006
6511 4.28006
6513 4.26
6515 4.26
6517 4.26
6519 4.26
6521 4.26
6523 4.26
6525 4.26
6527 4.26
6529 4.26
6531 4.26
6533 4.26
6535 4.26
6537 4.26
6539 4.26
6541 4.26
6543 4.26
6545 4.26
6547 4.26
6549 4.26
6551 4.26
6553 4.26
6555 4.26
6557 3.83375
6559 3.83375
6561 3.83375
6563 3.83375
6565 3.83375
6567 3.83375
6569 3.83375
6571 3.83375
6573 3.83375
6575 3.83375
6577 3.83375
6579 3.83375
6581 3.83375
6583 3.83375
6585 3.83375
6587 3.83375
6589 3.83375
6591 3.83375
6593 3.83375
6595 3.83375
6597 3.83375
6599 3.83375
6601 3.83375
6603 3.83375
6605 3.83375
6607 3.83375
6609 3.83375
6611 3.83375
6613 3.83375
6615 3.83375
6617 3.83375
6619 3.83375
6621 3.83375
6623 3.83375
6625 3.83375
6627 3.83375
6629 3.83375
6631 3.83375
6633 3.83375
6635 3.83375
6637 3.83375
6639 3.83375
6641 3.83375
6643 3.83375
6645 3.83375
6647 3.83375
6649 3.83375
6651 3.83375
6653 3.83375
6655 3.83375
6657 3.83375
6659 3.83375
6661 3.83375
6663 3.83375
6665 3.83375
6667 3.83375
6669 3.83375
6671 3.83375
6673 3.83375
6675 3.83375
6677 3.83375
6679 3.83375
6681 3.83375
6683 3.83375
6685 3.83375
6687 3.83375
6689 3.83375
6691 3.83375
6693 3.83375
6695 3.83375
6697 3.83375
6699 3.83375
6701 3.83375
6703 3.83375
6705 3.83375
6707 3.83375
6709 3.83375
6711 3.83375
6713 3.83375
6715 3.83375
6717 3.83375
6719 3.83375
6721 3.83375
6723 3.83375
6725 3.83375
6727 3.83375
6729 3.83375
6731 3.83375
6733 3.83375
6735 3.83375
6737 3.83375
6739 3.83375
6741 3.83375
6743 3.83375
6745 3.83375
6747 3.83375
6749 3.83375
6751 3.83375
6753 3.83375
6755 3.83375
6757 3.83375
6759 3.83375
6761 3.83375
6763 3.83375
6765 3.83375
6767 3.83375
6769 3.83375
6771 3.83375
6773 3.83375
6775 3.85381
6777 3.85381
6779 3.85381
6781 3.85381
6783 3.85381
6785 3.85381
6787 3.85381
6789 3.85381
6791 3.8405
6793 3.8405
6795 3.8405
6797 3.8405
6799 3.8405
6801 3.8405
6803 3.8405
6805 3.8405
6807 3.8405
6809 3.8405
6811 3.8405
6813 3.8405
6815 3.8405
6817 3.8405
6819 3.8405
6821 3.8405
6823 3.8405
6825 3.8405
6827 3.8405
6829 3.8405
6831 3.85266
6833 3.85266
6835 3.8024
6837 3.8024
6839 3.8024
6841 3.8024
6843 3.8024
6845 3.8024
6847 3.67068
6849 3.67068
6851 3.67068
6853 3.67068
6855 3.67068
6857 3.67068
6859 3.67068
6861 3.67068
6863 3.67068
6865 3.67068
6867 3.67068
6869 3.67068
6871 3.67068
6873 3.67073
6875 3.67073
6877 3.67073
6879 3.67073
6881 3.67073
6883 3.67073
6885 3.67073
6887 3.67073
6889 3.67073
6891 3.67073
6893 3.67073
6895 3.67073
6897 3.67073
6899 3.67073
6901 3.67073
6903 3.67073
6905 3.67073
6907 3.67073
6909 3.67073
6911 3.67073
6913 3.67073
6915 3.67073
6917 3.67073
6919 3.67073
6921 3.67073
6923 3.67073
6925 3.67073
6927 3.67073
6929 3.67073
6931 3.67073
6933 3.67073
6935 3.67073
6937 3.67073
6939 3.67073
6941 3.67073
6943 3.67073
6945 3.67073
6947 3.67073
6949 3.67073
6951 3.67073
6953 3.67073
6955 3.67073
6957 3.67073
6959 3.67073
6961 3.67073
6963 3.67073
6965 3.67073
6967 3.67073
6969 3.67073
6971 3.67073
6973 3.67073
6975 3.67073
6977 3.67073
6979 3.67073
6981 3.67073
6983 3.67073
6985 3.67073
6987 3.67073
6989 3.67073
6991 3.67073
6993 3.66612
6995 3.66612
6997 3.66612
6999 3.66612
7001 3.66612
7003 3.66612
7005 3.66612
7007 3.66612
7009 3.66612
7011 3.66612
7013 3.66612
7015 3.66612
7017 3.66612
7019 3.66612
7021 3.66612
7023 3.66612
7025 3.66612
7027 3.67073
7029 3.67073
7031 3.67073
7033 3.67073
7035 3.67073
7037 3.67073
7039 3.67073
7041 3.67073
7043 3.67073
7045 3.67073
7047 3.67073
7049 3.67073
7051 3.67073
7053 3.67073
7055 3.67073
7057 3.67073
7059 3.67073
7061 3.67073
7063 3.67073
7065 3.67073
7067 3.67073
7069 3.67073
7071 3.67073
7073 3.67073
7075 3.67073
7077 3.57518
7079 3.57518
7081 3.57518
7083 3.57518
7085 3.57518
7087 3.57518
7089 3.57518
7091 3.57518
7093 3.57518
7095 3.57518
7097 3.57518
7099 3.57518
7101 3.57518
7103 3.57518
7105 3.57518
7107 3.57518
7109 3.57518
7111 3.57518
7113 3.57518
7115 3.57518
7117 3.57518
7119 3.57518
7121 3.57518
7123 3.57518
7125 3.57518
7127 3.57518
7129 3.57518
7131 3.57518
7133 3.57518
7135 3.57518
7137 3.57518
7139 3.57518
7141 3.57518
7143 3.57518
7145 3.57518
7147 3.57518
7149 3.57518
7151 3.57518
7153 3.57518
7155 3.57518
7157 3.57518
7159 3.57518
7161 3.57518
7163 3.57518
7165 3.57518
7167 3.57518
7169 3.57518
7171 3.57518
7173 3.57518
7175 3.57518
7177 3.57518
7179 3.57518
7181 3.57518
7183 3.57518
7185 3.57518
7187 3.57518
7189 3.57518
7191 3.57518
7193 3.57518
7195 3.57518
7197 3.57518
7199 3.57518
7201 3.57518
7203 3.57518
7205 3.57518
7207 3.57518
7209 3.57518
7211 3.57518
7213 3.57518
7215 3.57518
7217 3.57518
7219 3.57518
7221 3.57518
7223 3.57518
7225 3.57518
7227 3.57518
7229 3.57518
7231 3.57518
7233 3.57518
7235 3.57518
7237 3.57518
7239 3.57518
7241 3.57518
7243 3.57518
7245 3.57518
7247 3.57518
7249 3.57518
7251 3.57518
7253 3.57518
7255 3.57518
7257 3.57518
7259 3.57518
7261 3.57518
7263 3.57518
7265 3.57518
7267 3.57518
7269 3.57518
7271 3.57518
7273 3.57518
7275 3.57518
7277 3.57518
7279 3.57518
7281 3.57518
7283 3.57518
7285 3.57518
7287 3.57518
7289 3.57518
7291 3.57518
7293 3.57518
7295 3.57518
7297 3.57518
7299 3.57518
7301 3.57518
7303 3.57518
7305 3.57518
7307 3.57518
7309 3.57518
7311 3.57518
7313 3.57518
7315 3.57518
7317 3.57518
7319 3.57518
7321 3.57518
7323 3.57518
7325 3.57518
7327 3.57518
7329 3.57518
7331 3.57518
7333 3.57518
7335 3.57518
7337 3.57518
7339 3.57518
7341 3.57518
7343 3.57518
7345 3.57518
7347 3.57518
7349 3.57518
7351 3.57518
7353 3.57518
7355 3.57518
7357 3.57518
7359 3.57518
7361 3.57518
7363 3.57518
7365 3.57518
7367 3.57518
7369 3.57518
7371 3.57518
7373 3.57518
7375 3.57518
7377 3.57518
7379 3.57518
7381 3.57518
7383 3.57518
7385 3.57518
7387 3.57518
7389 3.57518
7391 3.57518
7393 3.57518
7395 3.57518
7397 3.57518
7399 3.57518
7401 3.57518
7403 3.57518
7405 3.57518
7407 3.57518
7409 3.57518
7411 3.57518
7413 3.57518
7415 3.57518
7417 3.57518
7419 3.57518
7421 3.57518
7423 3.57518
7425 3.57518
7427 3.57518
7429 3.57518
7431 3.57518
7433 3.57518
7435 3.57518
7437 3.57518
7439 3.57518
7441 3.57518
7443 3.57518
7445 3.57518
7447 3.57518
7449 3.57518
7451 3.57518
7453 3.57518
7455 3.57518
7457 3.57518
7459 3.57518
7461 3.57518
7463 3.57518
7465 3.57518
7467 3.57518
7469 3.57518
7471 3.57518
7473 3.57518
7475 3.57518
7477 3.57518
7479 3.57518
7481 3.57518
7483 3.57518
7485 3.57518
7487 3.57518
7489 3.57518
7491 3.57518
7493 3.57518
7495 3.57518
7497 3.57518
7499 3.57518
7501 3.57518
7503 3.57518
7505 3.57518
7507 3.57518
7509 3.57518
7511 3.57518
7513 3.57518
7515 3.57518
7517 3.57518
7519 3.57518
7521 3.57518
7523 3.57518
7525 3.57518
7527 3.57384
7529 3.57384
7531 3.57384
7533 3.57384
7535 3.57384
7537 3.57384
7539 3.57384
7541 3.57384
7543 3.57384
7545 3.57384
7547 3.57384
7549 3.57384
7551 3.57384
7553 3.57384
7555 3.57384
7557 3.57384
7559 3.57384
7561 3.57384
7563 3.57384
7565 3.57384
7567 3.57384
7569 3.57384
7571 3.57384
7573 3.57384
7575 3.57384
7577 3.57384
7579 3.57384
7581 3.57384
7583 3.57384
7585 3.57384
7587 3.57384
7589 3.57384
7591 3.57384
7593 3.57384
7595 3.57384
7597 3.57384
7599 3.57384
7601 3.57384
7603 3.57384
7605 3.57745
7607 3.57745
7609 3.57745
7611 3.57745
7613 3.57745
7615 3.57745
7617 3.57745
7619 3.57745
7621 3.57745
7623 3.57745
7625 3.57745
7627 3.57745
7629 3.57745
7631 3.57745
7633 3.57745
7635 3.57745
7637 3.57745
7639 3.57745
7641 3.57745
7643 3.57745
7645 3.57745
7647 3.57745
7649 3.57745
7651 3.57745
7653 3.57745
7655 3.57745
7657 3.57745
7659 3.57745
7661 3.57745
7663 3.57745
7665 3.57745
7667 3.57745
7669 3.57745
7671 3.57745
7673 3.57745
7675 3.57745
7677 3.57745
7679 3.57745
7681 3.57745
7683 3.57745
7685 3.51783
7687 3.51783
7689 3.51783
7691 3.48316
7693 3.48316
7695 3.48316
7697 3.48316
7699 3.48316
7701 3.48316
7703 3.48316
7705 3.48316
7707 3.48316
7709 3.48316
7711 3.48316
7713 3.48316
7715 3.48316
7717 3.48316
7719 3.48316
7721 3.48316
7723 3.48316
7725 3.48316
7727 3.48316
7729 3.48316
7731 3.48316
7733 3.48316
7735 3.48316
7737 3.48316
7739 3.48316
7741 3.48316
7743 3.48316
7745 3.48316
7747 3.48316
7749 3.48316
7751 3.48316
7753 3.48316
7755 3.48316
7757 3.48316
7759 3.48316
7761 3.48316
7763 3.48316
7765 3.48316
7767 3.48316
7769 3.48316
7771 3.48316
7773 3.48316
7775 3.48316
7777 3.48316
7779 3.48316
7781 3.48316
7783 3.48316
7785 3.48316
7787 3.48316
7789 3.48316
7791 3.48316
7793 3.48316
7795 3.48316
7797 3.48316
7799 3.48316
7801 3.48316
7803 3.48316
7805 3.48316
7807 3.48316
7809 3.48316
7811 3.48316
7813 3.48316
7815 3.48316
7817 3.48316
7819 3.48316
7821 3.48316
7823 3.48316
7825 3.48316
7827 3.48316
7829 3.48316
7831 3.48316
7833 3.48316
7835 3.48316
7837 3.48316
7839 3.48316
7841 3.48316
7843 3.48316
7845 3.48316
7847 3.48316
7849 3.48316
7851 3.48316
7853 3.48316
7855 3.48316
7857 3.48316
7859 3.48316
7861 3.48316
7863 3.48316
7865 3.48316
7867 3.48316
7869 3.48316
7871 3.48316
7873 3.48316
7875 3.48316
7877 3.48316
7879 3.48316
7881 3.48316
7883 3.48316
7885 3.48316
7887 3.48316
7889 3.48316
7891 3.48316
7893 3.48316
7895 3.48316
7897 3.48316
7899 3.48316
7901 3.48316
7903 3.48316
7905 3.49631
7907 3.49631
7909 3.49631
7911 3.49631
7913 3.49631
7915 3.49631
7917 3.49631
7919 3.49631
7921 3.49631
7923 3.49631
7925 3.49631
7927 3.49631
7929 3.49631
7931 3.49631
7933 3.49631
7935 3.49631
7937 3.49631
7939 3.49631
7941 3.49631
7943 3.49631
7945 3.49631
7947 3.49631
7949 3.49631
7951 3.49631
7953 3.49631
7955 3.49631
7957 3.49631
7959 3.49631
7961 3.49631
7963 3.49631
7965 3.49631
7967 3.49631
7969 3.49631
7971 3.49631
7973 3.49631
7975 3.49631
7977 3.49631
7979 3.49631
7981 3.49631
7983 3.49631
7985 3.49631
7987 3.49631
7989 3.49631
7991 3.49631
7993 3.49631
7995 3.49631
7997 3.49631
7999 3.49631
8001 3.49631
8003 3.49631
8005 3.49631
8007 3.44048
8009 3.44048
8011 3.44048
8013 3.44048
8015 3.44048
8017 3.44048
8019 3.44048
8021 3.44048
8023 3.44048
8025 3.44048
8027 3.44048
8029 3.44048
8031 3.44048
8033 3.44048
8035 3.45357
8037 3.45357
8039 3.45357
8041 3.45357
8043 3.45357
8045 3.45357
8047 3.45357
8049 3.45357
8051 3.45357
8053 3.45357
8055 3.45357
8057 3.45357
8059 3.45357
8061 3.45357
8063 3.45357
8065 3.45357
8067 3.45357
8069 3.45357
8071 3.45357
8073 3.45357
8075 3.45357
8077 3.31812
8079 3.31812
8081 3.31812
8083 3.31812
8085 3.31812
8087 3.31812
8089 3.31812
8091 3.31812
8093 3.31812
8095 3.31812
8097 3.31812
8099 3.31812
8101 3.31812
8103 3.31812
8105 3.31812
8107 3.31812
8109 3.31812
8111 3.31812
8113 3.31812
8115 3.31812
8117 3.31812
8119 3.31812
8121 3.31812
8123 3.31812
8125 3.31812
8127 3.31812
8129 3.31812
8131 3.31812
8133 3.31812
8135 3.31812
8137 3.31812
8139 3.31812
8141 3.31812
8143 3.31812
8145 3.31812
8147 3.31812
8149 3.31812
8151 3.31812
8153 3.31812
8155 3.31812
8157 3.31812
8159 3.31812
8161 3.31812
8163 3.31812
8165 3.31812
8167 3.31812
8169 3.31812
8171 3.31812
8173 3.31812
8175 3.31812
8177 3.31812
8179 3.31812
8181 3.31812
8183 3.31812
8185 3.31812
8187 3.31812
8189 3.31812
8191 3.31812
8193 3.31812
8195 3.31812
8197 3.31812
8199 3.31812
8201 3.31812
8203 3.31812
8205 3.31812
8207 3.31812
8209 3.31812
8211 3.31812
8213 3.31812
8215 3.31812
8217 3.31812
8219 3.31812
8221 3.31812
8223 3.31812
8225 3.31812
8227 3.31812
8229 3.31812
8231 3.31812
8233 3.31812
8235 3.31812
8237 3.31812
8239 3.31812
8241 3.31812
8243 3.31812
8245 3.31812
8247 3.31812
8249 3.31812
8251 3.31812
8253 3.31812
8255 3.31812
8257 3.31812
8259 3.31812
8261 3.31812
8263 3.31812
8265 3.31812
8267 3.31812
8269 3.31812
8271 3.31812
8273 3.31812
8275 3.31812
8277 3.31812
8279 3.31812
8281 3.31812
8283 3.31812
8285 3.31812
8287 3.31812
8289 3.31812
8291 3.31812
8293 3.31812
8295 3.31812
8297 3.31812
8299 3.31812
8301 3.31812
8303 3.31812
8305 3.31812
8307 3.31812
8309 3.31812
8311 3.31812
8313 3.31812
8315 3.31812
8317 3.31812
8319 3.31812
8321 3.31812
8323 3.31812
8325 3.31812
8327 3.31812
8329 3.31812
8331 3.31812
8333 3.31812
8335 3.31812
8337 3.31812
8339 3.31812
8341 3.31812
8343 3.31812
8345 3.31812
8347 3.31812
8349 3.31812
8351 3.31812
8353 3.26566
8355 3.26566
8357 3.26566
8359 3.26566
8361 3.26566
8363 3.26566
8365 3.26566
8367 3.26566
8369 3.26566
8371 3.26566
8373 3.26566
8375 3.26566
8377 3.26566
8379 3.26566
8381 3.26566
8383 3.26566
8385 3.26566
8387 3.26566
8389 3.26566
8391 3.26566
8393 3.26566
8395 3.26566
8397 3.26566
8399 3.26566
8401 3.26566
8403 3.26566
8405 3.26566
8407 3.26566
8409 3.26566
8411 3.26566
8413 3.26566
8415 3.26566
8417 3.26566
8419 3.26566
8421 3.26566
8423 3.26566
8425 3.26566
8427 3.26566
8429 3.26566
8431 3.26566
8433 3.26566
8435 3.26566
8437 3.26566
8439 3.26566
8441 3.26566
8443 3.26566
8445 3.26566
8447 3.26566
8449 3.26566
8451 3.25775
8453 3.25775
8455 3.25775
8457 3.25775
8459 3.25775
8461 3.25775
8463 3.25775
8465 3.25775
8467 3.25775
8469 3.25775
8471 3.25775
8473 3.25775
8475 3.25775
8477 3.25775
8479 3.25775
8481 3.25775
8483 3.25775
8485 3.25775
8487 3.25775
8489 3.25775
8491 3.25775
8493 3.25775
8495 3.25775
8497 3.25775
8499 3.25775
8501 3.25775
8503 3.25775
8505 3.25775
8507 3.25775
8509 3.25775
8511 3.25775
8513 3.25775
8515 3.25775
8517 3.25775
8519 3.25775
8521 3.25775
8523 3.25775
8525 3.25775
8527 3.25775
8529 3.25775
8531 3.25775
8533 3.25775
8535 3.25775
8537 3.25775
8539 3.25775
8541 3.25775
8543 3.25775
8545 3.25775
8547 3.25775
8549 3.25775
8551 3.25775
8553 3.25775
8555 3.25775
8557 3.25775
8559 3.25775
8561 3.25775
8563 3.25775
8565 3.25775
8567 3.25775
8569 3.25775
8571 3.25775
8573 3.25775
8575 3.25775
8577 3.25775
8579 3.25775
8581 3.25775
8583 3.25775
8585 3.25775
8587 3.25775
8589 3.25775
8591 3.25775
8593 3.25775
8595 3.25775
8597 3.25775
8599 3.25775
8601 3.25775
8603 3.25775
8605 3.25775
8607 3.25775
8609 3.25775
8611 3.25775
8613 3.25775
8615 3.25775
8617 3.25775
8619 3.25775
8621 3.25775
8623 3.25775
8625 3.25775
8627 3.25775
8629 3.25775
8631 3.25775
8633 3.25775
8635 3.25775
8637 3.25775
8639 3.25775
8641 3.25775
8643 3.25775
8645 3.25775
8647 3.25775
8649 3.25775
8651 3.25775
8653 3.25775
8655 3.25775
8657 3.25775
8659 3.25775
8661 3.25775
8663 3.25775
8665 3.25775
8667 3.25775
8669 3.25775
8671 3.25775
8673 3.25775
8675 3.25775
8677 3.25775
8679 3.25775
8681 3.25775
8683 3.25775
8685 3.25775
8687 3.25775
8689 3.25775
8691 3.25775
8693 3.25775
8695 3.25775
8697 3.25775
8699 3.25775
8701 3.27107
8703 3.27107
8705 3.27107
8707 3.27107
8709 3.27107
8711 3.27107
8713 3.27107
8715 3.27107
8717 3.27107
8719 3.27107
8721 3.27107
8723 3.27107
8725 3.27107
8727 3.27107
8729 3.27107
8731 3.27107
8733 3.27107
8735 3.27107
8737 3.27107
8739 3.27107
8741 3.27107
8743 3.27107
8745 3.27107
8747 3.27107
8749 3.27107
8751 3.27107
8753 3.27107
8755 3.27107
8757 3.27107
8759 3.27107
8761 3.27107
8763 3.27107
8765 3.27107
8767 3.27107
8769 3.27107
8771 3.27107
8773 3.27107
8775 3.27107
8777 3.27107
8779 3.27107
8781 3.27107
8783 3.27107
8785 3.27107
8787 3.27107
8789 3.27107
8791 3.27107
8793 3.27107
8795 3.27107
8797 3.27107
8799 3.27107
8801 3.27107
8803 3.27107
8805 3.27107
8807 3.27107
8809 3.27107
8811 3.27107
8813 3.27107
8815 3.27107
8817 3.27107
8819 3.27107
8821 3.27107
8823 3.27107
8825 3.27107
8827 3.27107
8829 3.27107
8831 3.27107
8833 3.27107
8835 3.27107
8837 3.27107
8839 3.27107
8841 3.27107
8843 3.27107
8845 3.27107
8847 3.27107
8849 3.27107
8851 3.27107
8853 3.27107
8855 3.27107
8857 3.27107
8859 3.27107
8861 3.27107
8863 3.27107
8865 3.27107
8867 3.27107
8869 3.27107
8871 3.27107
8873 3.27107
8875 3.27107
8877 3.27107
8879 3.27107
8881 3.27107
8883 3.27107
8885 3.27107
8887 3.27107
8889 3.27107
8891 3.27107
8893 3.27107
8895 3.27107
8897 3.27107
8899 3.27107
8901 3.27107
8903 3.27107
8905 3.27107
8907 3.27107
8909 3.27107
8911 3.27107
8913 3.22829
8915 3.22829
8917 3.22829
8919 3.22829
8921 3.22829
8923 3.22829
8925 3.22829
8927 3.22829
8929 3.22829
8931 3.22428
8933 3.22428
8935 3.22428
8937 3.22428
8939 3.22428
8941 3.22428
8943 3.22428
8945 3.22428
8947 3.22428
8949 3.22428
8951 3.22428
8953 3.22428
8955 3.22428
8957 3.22428
8959 3.22428
8961 3.22428
8963 3.22428
8965 3.22428
8967 3.22428
8969 3.22428
8971 3.22428
8973 3.22428
8975 3.22428
8977 3.22428
8979 3.22428
8981 3.22428
8983 3.22428
8985 3.22428
8987 3.22428
8989 3.22428
8991 3.22428
8993 3.22428
8995 3.22428
8997 3.22428
8999 3.22428
9001 3.22428
9003 3.22428
9005 3.22428
9007 3.22428
9009 3.22428
9011 3.22428
9013 3.22428
9015 3.22428
9017 3.22428
9019 3.22428
9021 3.22428
9023 3.22428
9025 3.22428
9027 3.22428
9029 3.22428
9031 3.22428
9033 3.22428
9035 3.22428
9037 3.22428
9039 3.22428
9041 3.22428
9043 3.22428
9045 3.23219
9047 3.23219
9049 3.23219
9051 3.23219
9053 3.23219
9055 3.23219
9057 3.23219
9059 3.23219
9061 3.23219
9063 3.23219
9065 3.23219
9067 3.23219
9069 3.22428
9071 3.22428
9073 3.22428
9075 3.22428
9077 3.22428
9079 3.22428
9081 3.22428
9083 3.22428
9085 3.22428
9087 3.22428
9089 3.22428
9091 3.22428
9093 3.22428
9095 3.22428
9097 3.22428
9099 3.22428
9101 3.22428
9103 3.22428
9105 3.22428
9107 3.22428
9109 3.22428
9111 3.22428
9113 3.22428
9115 3.22428
9117 3.22428
9119 3.22428
9121 3.22428
9123 3.22428
9125 3.22428
9127 3.22428
9129 3.22428
9131 3.22428
9133 3.22428
9135 3.22428
9137 3.22428
9139 3.22428
9141 3.22428
9143 3.22428
9145 3.22428
9147 3.22428
9149 3.22428
9151 3.22428
9153 3.22428
9155 3.22428
9157 3.22428
9159 3.22428
9161 3.22428
9163 3.22428
9165 3.22428
9167 3.22428
9169 3.22428
9171 3.22428
9173 3.22428
9175 3.22428
9177 3.22428
9179 3.22428
9181 3.22428
9183 3.22428
9185 3.22428
9187 3.22428
9189 3.22428
9191 3.22428
9193 3.22428
9195 3.22428
9197 3.22428
9199 3.22428
9201 3.22428
9203 3.22428
9205 3.1574
9207 3.1574
9209 3.1574
9211 3.1574
9213 3.1574
9215 3.1574
9217 3.1574
9219 3.1574
9221 3.1574
9223 3.1574
9225 3.1574
9227 3.1574
9229 3.1574
9231 3.1574
9233 3.1574
9235 3.1574
9237 3.12277
9239 3.12277
9241 3.12277
9243 3.12277
9245 3.12277
9247 3.12277
9249 3.12277
9251 3.12277
9253 3.12277
9255 3.12277
9257 3.12277
9259 3.12277
9261 3.12277
9263 3.12277
9265 3.12277
9267 3.12277
9269 3.12277
9271 3.12277
9273 3.12277
9275 3.12277
9277 3.12277
9279 3.12277
9281 3.10962
9283 3.10962
9285 3.10962
9287 3.10962
9289 3.10962
9291 3.10962
9293 3.10962
9295 3.10962
9297 3.10962
9299 3.10962
9301 3.10962
9303 3.10962
9305 3.10962
9307 3.10962
9309 3.10962
9311 3.10962
9313 3.10962
9315 3.10962
9317 3.10962
9319 3.10962
9321 3.10962
9323 3.10962
9325 3.10962
9327 3.10962
9329 3.10962
9331 3.10962
9333 3.10962
9335 3.10962
9337 3.10962
9339 3.10962
9341 3.10962
9343 3.10962
9345 3.10962
9347 3.10962
9349 3.10962
9351 3.10962
9353 3.10962
9355 3.10962
9357 3.10962
9359 3.10962
9361 3.10962
9363 3.10962
9365 3.10962
9367 3.10962
9369 3.10962
9371 3.10962
9373 3.10962
9375 3.10962
9377 3.10962
9379 3.10962
9381 3.10962
9383 3.10962
9385 3.10962
9387 3.10962
9389 3.10962
9391 3.10962
9393 3.10962
9395 3.10962
9397 3.10962
9399 3.10962
9401 3.10962
9403 3.10962
9405 3.10962
9407 3.10962
9409 3.10962
9411 3.10962
9413 3.10962
9415 3.10962
9417 3.10962
9419 3.10962
9421 3.10031
9423 3.10031
9425 3.10031
9427 3.10031
9429 3.10031
9431 3.10031
9433 3.10031
9435 3.10031
9437 3.10031
9439 3.10031
9441 3.10031
9443 3.10031
9445 3.10031
9447 3.10031
9449 3.10031
9451 3.10031
9453 3.10031
9455 3.10031
9457 3.10031
9459 3.10031
9461 3.10031
9463 3.10031
9465 3.10031
9467 3.10031
9469 3.10031
9471 3.10031
9473 3.10031
9475 3.10031
9477 3.10031
9479 3.10031
9481 3.10031
9483 3.10031
9485 3.10031
9487 3.10031
9489 3.10031
9491 3.10031
9493 3.10031
9495 3.10031
9497 3.10031
9499 3.10031
9501 3.10031
9503 3.10031
9505 3.10031
9507 3.10031
9509 3.10031
9511 3.10031
9513 3.10031
9515 3.10031
9517 3.10031
9519 3.10031
9521 3.10031
9523 3.10031
9525 3.10031
9527 3.10031
9529 3.10031
9531 3.10031
9533 3.10031
9535 3.10031
9537 3.10031
9539 3.10031
9541 3.10031
9543 3.10031
9545 3.10031
9547 3.10031
9549 3.10031
9551 3.10031
9553 3.10031
9555 3.10031
9557 3.10031
9559 3.10031
9561 3.10031
9563 3.10031
9565 3.10031
9567 3.10031
9569 3.10031
9571 3.10031
9573 3.10031
9575 3.10031
9577 3.10031
9579 3.10031
9581 3.10031
9583 3.10031
9585 3.10031
9587 3.10031
9589 3.10031
9591 3.10031
9593 3.10031
9595 3.10031
9597 3.10031
9599 3.10031
