0.814777   0.111521
0.653494   0.0241434
0.500327   1.07132e-07
0.364658   0.0186659
0.371214   0.0168704
0.150497   0.142442
0.100744   0.19901
0.0946451   0.207276
0.058862   0.264634
0.014828   0.379136
0.00433994   0.434265
0.00407948   0.43626
0.000589445   0.524271
0.012586   0.611479
0.013522   0.615495
0.239436   0.926739
0.279056   0.948535
0.298672   0.957676
0.484598   0.999763
0.491235   0.999923
0.508603   0.999926
0.5885   0.992105
0.627305   0.983522
0.660535   0.973528
0.679872   0.966525
0.769908   0.920892
0.875256   0.830428
0.964608   0.315231
0.949882   0.281811
0.874827   0.169085
0.814777   0.111521
