           1     1.40195     1.40195           0
           2      1.0299     1.21593    0.131541
           3     1.23125     1.22104   0.0877932
           4     1.48382     1.28673   0.0870206
           5     1.59483     1.34835   0.0887916
           6     1.65852     1.40005   0.0877604
           7     1.44727     1.40679   0.0754821
           8      1.3157     1.39541   0.0669002
           9     1.41933     1.39806   0.0595196
          10     1.12886     1.37114    0.059344
          11     1.50646     1.38344   0.0552093
          12     1.37948     1.38311   0.0506095
          13     1.66875     1.40509   0.0512648
          14     1.58259     1.41777   0.0491459
          15     1.46529     1.42093   0.0459715
          16      1.2934     1.41296   0.0437838
          17     1.24602     1.40314   0.0422952
          18      1.2701     1.39575   0.0405862
          19     1.43519     1.39783   0.0385031
          20     1.60263     1.40807   0.0379153
          21     1.74661     1.42419   0.0393883
          22       1.251     1.41632   0.0383765
          23     1.47194     1.41873   0.0367841
          24     1.23373     1.41103   0.0360501
          25     1.39199     1.41026   0.0346161
          26     1.36966      1.4087   0.0333199
          27     1.35292     1.40664   0.0321499
          28     1.27949      1.4021   0.0313207
          29     1.35722     1.40055   0.0302789
          30     1.50646     1.40408   0.0294746
          31     1.56768     1.40936   0.0289925
          32     1.70037     1.41845   0.0294783
          33     1.67727     1.42629     0.02961
          34     1.52674     1.42925   0.0288861
          35     1.45446     1.42997   0.0280697
          36      1.1932     1.42339   0.0280499
          37      1.3749     1.42208   0.0273224
          38     1.37769     1.42091   0.0266284
          39      1.7932     1.43046   0.0276036
          40      1.6247     1.43531   0.0273373
          41     1.27156     1.43132   0.0269608
          42     1.30962     1.42842   0.0264741
          43     1.45018     1.42893   0.0258632
          44     1.38984     1.42804   0.0252907
          45     1.50845     1.42983   0.0247917
          46     1.69889     1.43568   0.0249333
          47     1.31033     1.43301    0.024545
          48      1.4597     1.43357   0.0240399
          49     1.34936     1.43185   0.0236107
          50     1.45851     1.43238   0.0231445
          51     1.49299     1.43357   0.0227211
          52     1.62628     1.43727   0.0225844
          53     1.36285     1.43587   0.0222019
          54     1.08733     1.42942   0.0227096
          55     1.32487     1.42752   0.0223761
          56     1.52671     1.42929   0.0220465
          57     1.24105     1.42598   0.0219057
          58     1.17977     1.42174   0.0219355
          59     1.56279     1.42413   0.0216936
          60     1.27423     1.42163   0.0214754
          61     1.38212     1.42098   0.0211331
          62     1.44763     1.42141   0.0207966
          63     1.32875     1.41994   0.0205185
          64     1.53855      1.4218   0.0202814
          65     1.36387      1.4209   0.0199889
          66     1.27893     1.41875   0.0198015
          67      1.5612     1.42088   0.0196197
          68     1.52006     1.42234   0.0193854
          69     1.11621      1.4179   0.0196055
          70     1.27331     1.41584    0.019434
          71     1.38426     1.41539   0.0191653
          72     1.52668     1.41694   0.0189614
          73     1.52065     1.41836   0.0187548
          74     1.34004      1.4173   0.0185312
          75     1.68556     1.42088   0.0186261
          76     1.50577     1.42199   0.0184145
          77     1.22013     1.41937    0.018361
          78      1.4657     1.41997   0.0181352
          79     1.24254     1.41772   0.0180441
          80     1.04578     1.41307   0.0184078
          81     1.38977     1.41278   0.0181828
          82     1.28872     1.41127   0.0180239
          83     1.33919      1.4104   0.0178276
          84      1.2273     1.40822   0.0177482
          85     1.60623     1.41055   0.0176916
          86     1.50806     1.41168   0.0175222
          87     1.62434     1.41413   0.0174904
          88     1.18989     1.41158   0.0174763
          89     1.43256     1.41182   0.0172815
          90     1.33185     1.41093   0.0171123
          91     1.37066     1.41049     0.01693
          92     1.42677     1.41066   0.0167469
          93     1.58074     1.41249   0.0166664
          94     1.51952     1.41363   0.0165279
          95     1.41802     1.41368    0.016354
          96     1.52101     1.41479   0.0162218
          97     1.74295     1.41818   0.0164036
          98     1.49934     1.41901   0.0162571
          99     1.47313     1.41955   0.0161021
         100     1.13863     1.41674   0.0161842
         101     1.20371     1.41463   0.0161609
         102     1.39026     1.41439   0.0160042
         103     1.46905     1.41493   0.0158576
         104     1.41485     1.41492   0.0157051
         105     1.40176      1.4148   0.0155561
         106     1.31435     1.41385   0.0154381
         107     1.13484     1.41124   0.0155125
         108     1.34735     1.41065   0.0153801
         109     1.58907     1.41229   0.0153259
         110     1.50541     1.41314   0.0152099
         111     1.24342     1.41161   0.0151496
         112     1.19313     1.40966   0.0151394
         113      1.2189     1.40797   0.0150992
         114     1.53117     1.40905   0.0150054
         115     1.52979      1.4101   0.0149116
         116     1.39285     1.40995   0.0147838
         117      1.4052     1.40991   0.0146575
         118     1.31783     1.40913    0.014554
         119     1.41139     1.40915   0.0144317
         120     1.31238     1.40834    0.014334
         121     1.62627     1.41014   0.0143282
         122     1.16803     1.40816   0.0143475
         123     1.47593     1.40871   0.0142415
         124     1.32064       1.408   0.0141443
         125     1.25623     1.40678   0.0140832
         126     1.79581     1.40987   0.0143059
         127     1.25478     1.40865   0.0142452
         128     1.74766      1.4113    0.014378
         129     1.54504     1.41234   0.0143039
         130     1.26551     1.41121   0.0142384
         131     1.29716     1.41034   0.0141563
         132     1.39265      1.4102   0.0140497
         133     1.52775     1.41109   0.0139718
         134     1.48497     1.41164   0.0138784
         135     1.23829     1.41035   0.0138349
         136     1.61621     1.41187   0.0138157
         137      1.2543     1.41072   0.0137627
         138     1.57553     1.41191   0.0137147
         139      1.3176     1.41123   0.0136328
         140     1.27866     1.41029   0.0135683
         141     1.11065     1.40816   0.0136374
         142     1.50982     1.40888   0.0135602
         143     1.32973     1.40832   0.0134766
         144     1.47841     1.40881   0.0133918
         145     1.43467     1.40899   0.0133007
         146     1.31642     1.40835   0.0132247
         147     1.36309     1.40805   0.0131383
         148     1.43805     1.40825   0.0130511
         149     1.34311     1.40781   0.0129708
         150     1.41209     1.40784   0.0128844
         151     1.39273     1.40774   0.0127994
         152     1.42936     1.40788    0.012716
         153     1.38618     1.40774   0.0126337
         154     1.38092     1.40757   0.0125529
         155     1.64937     1.40913   0.0125684
         156    0.935431     1.40609   0.0128494
         157     1.38941     1.40598    0.012768
         158     1.61601     1.40731   0.0127562
         159     1.39796     1.40725   0.0126761
         160     1.12788     1.40551   0.0127166
         161     1.48392       1.406   0.0126469
         162     1.39768     1.40594    0.012569
         163     1.38773     1.40583   0.0124924
         164     1.70769     1.40767    0.012551
         165     1.55838     1.40859   0.0125082
         166     1.77854     1.41081   0.0126298
         167     1.43904     1.41098   0.0125553
         168     1.32071     1.41045   0.0124921
         169     1.34751     1.41007   0.0124237
         170     1.38257     1.40991   0.0123517
         171     1.33603     1.40948    0.012287
         172     1.31539     1.40893   0.0122277
         173     1.38195     1.40878    0.012158
         174     1.23325     1.40777   0.0121299
         175     1.51507     1.40838   0.0120761
         176     1.28743     1.40769    0.012027
         177     1.58252     1.40868   0.0119996
         178     1.43105     1.40881   0.0119328
         179     1.04725     1.40679   0.0120359
         180     1.26475       1.406   0.0119949
         181     1.14829     1.40457   0.0120128
         182     1.60429     1.40567   0.0119968
         183     1.33464     1.40528   0.0119375
         184     1.33695     1.40491   0.0118784
         185     1.16587     1.40362   0.0118843
         186     1.34283     1.40329   0.0118249
         187     1.44537     1.40352   0.0117638
         188     1.08313     1.40181    0.011824
         189       1.433     1.40198   0.0117626
         190     1.44142     1.40219   0.0117025
         191     1.44711     1.40242   0.0116436
         192     1.44941     1.40267   0.0115856
         193     1.39295     1.40262   0.0115256
         194     1.18949     1.40152   0.0115185
         195     1.46602     1.40185   0.0114642
         196     1.40824     1.40188   0.0114057
         197     1.19689     1.40084   0.0113952
         198     1.42727     1.40097   0.0113384
         199     1.28614      1.4004   0.0112961
         200     1.35414     1.40017    0.011242
