           1    -5.46701    -5.46701           0
           2    -5.53829    -5.50265   0.0251996
           3    -5.49327    -5.49952   0.0169924
           4    -5.44859    -5.48679   0.0168534
           5    -5.42495    -5.47442   0.0174397
           6    -5.40391    -5.46267   0.0180639
           7    -5.45849    -5.46207   0.0154932
           8     -5.4726    -5.46339   0.0136123
           9    -5.46386    -5.46344   0.0120999
          10    -5.50866    -5.46796   0.0117044
          11    -5.43298    -5.46478   0.0110639
          12    -5.47632    -5.46574   0.0101836
          13    -5.42214    -5.46239  0.00993722
          14     -5.4441    -5.46108  0.00931292
          15      -5.448    -5.46021  0.00873283
          16    -5.48483    -5.46175  0.00832153
          17    -5.48033    -5.46284  0.00790346
          18    -5.47999     -5.4638  0.00752156
          19    -5.46216    -5.46371  0.00712618
          20    -5.42942      -5.462  0.00697302
          21    -5.38301    -5.45823  0.00758779
          22    -5.49212    -5.45977  0.00739758
          23    -5.44942    -5.45932  0.00708963
          24    -5.50703    -5.46131  0.00706738
          25    -5.46201    -5.46134  0.00678474
          26    -5.46285     -5.4614  0.00652404
          27    -5.45074      -5.461  0.00629434
          28    -5.50112    -5.46244  0.00623047
          29    -5.46317    -5.46246  0.00601568
          30    -5.43995    -5.46171  0.00586177
          31    -5.43543    -5.46086  0.00573367
          32    -5.40961    -5.45926  0.00577391
          33    -5.41052    -5.45778   0.0057848
          34    -5.44711    -5.45747  0.00562317
          35    -5.45378    -5.45737   0.0054635
          36    -5.49613    -5.45844  0.00541679
          37    -5.47712    -5.45895  0.00529387
          38    -5.45778    -5.45892  0.00515464
          39    -5.40087    -5.45743  0.00523295
          40    -5.40993    -5.45624  0.00523513
          41     -5.5002    -5.45731  0.00521607
          42    -5.48947    -5.45808  0.00514777
          43    -5.46274    -5.45819   0.0050292
          44    -5.47083    -5.45847  0.00492311
          45    -5.42839    -5.45781  0.00485889
          46    -5.43044    -5.45721  0.00478955
          47    -5.47518    -5.45759  0.00470288
          48    -5.45068    -5.45745  0.00460711
          49    -5.47723    -5.45785  0.00453073
          50    -5.45041     -5.4577  0.00444256
          51    -5.45097    -5.45757  0.00435741
          52    -5.41731     -5.4568  0.00434185
          53    -5.47959    -5.45723  0.00428118
          54    -5.52857    -5.45855  0.00440103
          55    -5.48639    -5.45905  0.00435002
          56    -5.43383     -5.4586   0.0042956
          57    -5.49418    -5.45923  0.00426533
          58    -5.48803    -5.45972   0.0042206
          59    -5.43474     -5.4593  0.00417025
          60     -5.4813    -5.45967  0.00411684
          61     -5.4664    -5.45978  0.00405083
          62    -5.45681    -5.45973  0.00398578
          63     -5.4647    -5.45981  0.00392329
          64    -5.44352    -5.45956  0.00387024
          65    -5.47178    -5.45974  0.00381526
          66    -5.48993     -5.4602  0.00378476
          67     -5.4283    -5.45972  0.00375811
          68    -5.44098    -5.45945  0.00371294
          69    -5.49992    -5.46004  0.00370517
          70    -5.48207    -5.46035  0.00366558
          71    -5.45198    -5.46023  0.00361585
          72    -5.44332       -5.46  0.00357325
          73    -5.42218    -5.45948  0.00356164
          74    -5.47443    -5.45968  0.00351924
          75     -5.4266    -5.45924  0.00349985
          76    -5.43348     -5.4589  0.00347017
          77    -5.49089    -5.45932  0.00344988
          78    -5.45163    -5.45922  0.00340705
          79    -5.50451    -5.45979  0.00341182
          80    -5.53725    -5.46076  0.00350386
          81    -5.45738    -5.46072  0.00346085
          82    -5.46712     -5.4608  0.00341953
          83    -5.46774    -5.46088  0.00337935
          84    -5.50304    -5.46138  0.00337618
          85    -5.42994    -5.46101  0.00335666
          86    -5.43676    -5.46073  0.00332946
          87    -5.42267    -5.46029   0.0033198
          88    -5.50264    -5.46077  0.00331678
          89    -5.46014    -5.46077  0.00327952
          90    -5.47326    -5.46091  0.00324602
          91     -5.4588    -5.46088  0.00321043
          92    -5.45605    -5.46083  0.00317596
          93    -5.43638    -5.46057  0.00315268
          94    -5.44981    -5.46045  0.00312121
          95    -5.44645     -5.4603  0.00309184
          96    -5.44192    -5.46011  0.00306556
          97    -5.40656    -5.45956  0.00308327
          98    -5.43943    -5.45936  0.00305864
          99    -5.44235    -5.45918  0.00303257
         100    -5.50863    -5.45968  0.00304229
         101    -5.49902    -5.46007    0.003037
         102    -5.44969    -5.45997  0.00300893
         103    -5.45531    -5.45992  0.00298005
         104    -5.46121    -5.45993  0.00295143
         105     -5.4623    -5.45996   0.0029234
         106    -5.48925    -5.46023  0.00290886
         107    -5.51441    -5.46074  0.00292542
         108    -5.46113    -5.46074  0.00289833
         109    -5.43263    -5.46048   0.0028832
         110    -5.44871    -5.46038  0.00285897
         111     -5.4838    -5.46059  0.00284099
         112    -5.52201    -5.46114  0.00286807
         113    -5.49486    -5.46144  0.00285817
         114    -5.44344    -5.46128  0.00283746
         115    -5.41338    -5.46086  0.00284318
         116    -5.46069    -5.46086  0.00281867
         117     -5.4621    -5.46087   0.0027946
         118    -5.47288    -5.46097  0.00277277
         119    -5.47007    -5.46105  0.00275052
         120    -5.48239    -5.46123  0.00273334
         121    -5.42188     -5.4609  0.00273002
         122    -5.48784    -5.46112  0.00271656
         123    -5.44073    -5.46096  0.00269953
         124    -5.46825    -5.46101   0.0026784
         125    -5.48798    -5.46123  0.00266564
         126    -5.39511    -5.46071  0.00269564
         127    -5.48328    -5.46088  0.00268027
         128    -5.39102    -5.46034  0.00271433
         129    -5.43775    -5.46016  0.00269893
         130    -5.47987    -5.46031  0.00268242
         131    -5.48482     -5.4605  0.00266846
         132    -5.45608    -5.46047  0.00264845
         133    -5.43607    -5.46028  0.00263488
         134    -5.46524    -5.46032  0.00261548
         135    -5.48269    -5.46049  0.00260135
         136    -5.40715    -5.46009  0.00261161
         137     -5.4883     -5.4603  0.00260065
         138    -5.42141    -5.46002  0.00259704
         139    -5.48171    -5.46017  0.00258303
         140    -5.47368    -5.46027  0.00256638
         141    -5.51166    -5.46064  0.00257393
         142     -5.4313    -5.46043  0.00256408
         143     -5.4679    -5.46048  0.00254669
         144     -5.4532    -5.46043   0.0025295
         145     -5.4514    -5.46037  0.00251282
         146    -5.46892    -5.46043  0.00249629
         147     -5.4638    -5.46045  0.00247942
         148    -5.45267     -5.4604  0.00246322
         149    -5.48637    -5.46057  0.00245285
         150    -5.46313    -5.46059  0.00243656
         151    -5.46378    -5.46061  0.00242051
         152    -5.44535    -5.46051  0.00240667
         153    -5.45631    -5.46048  0.00239109
         154    -5.48104    -5.46062  0.00237929
         155    -5.42297    -5.46037  0.00237631
         156    -5.53502    -5.46085  0.00240877
         157    -5.46893     -5.4609  0.00239397
         158    -5.42496    -5.46068  0.00238961
         159    -5.47482    -5.46076  0.00237624
         160    -5.52381    -5.46116  0.00239383
         161    -5.45353    -5.46111  0.00237943
         162     -5.4591     -5.4611  0.00236478
         163    -5.45683    -5.46107  0.00235041
         164    -5.39455    -5.46067  0.00237083
         165    -5.43125    -5.46049  0.00236315
         166    -5.39105    -5.46007  0.00238565
         167     -5.4583    -5.46006  0.00237139
         168    -5.48195    -5.46019  0.00236085
         169    -5.47418    -5.46027  0.00234833
         170    -5.47924    -5.46038  0.00233717
         171     -5.4714    -5.46045  0.00232439
         172    -5.49697    -5.46066  0.00232055
         173    -5.45987    -5.46066  0.00230714
         174    -5.50606    -5.46092  0.00230859
         175    -5.44404    -5.46082  0.00229741
         176    -5.48943    -5.46098   0.0022901
         177    -5.41952    -5.46075  0.00228911
         178    -5.47021     -5.4608  0.00227687
         179    -5.53178     -5.4612  0.00229842
         180    -5.49676     -5.4614  0.00229413
         181    -5.51536    -5.46169  0.00230074
         182    -5.43883    -5.46157  0.00229153
         183    -5.49003    -5.46172  0.00228428
         184    -5.48087    -5.46183  0.00227423
         185    -5.51077    -5.46209  0.00227727
         186    -5.47075    -5.46214  0.00226551
         187    -5.45651    -5.46211  0.00225359
         188     -5.5309    -5.46248  0.00227111
         189    -5.44935    -5.46241  0.00226016
         190    -5.45724    -5.46238  0.00224843
         191    -5.44866    -5.46231   0.0022378
         192    -5.46613    -5.46233  0.00222624
         193    -5.47501    -5.46239  0.00221567
         194    -5.48825    -5.46253  0.00220825
         195    -5.45529    -5.46249  0.00219724
         196    -5.47481    -5.46255  0.00218693
         197    -5.50106    -5.46275  0.00218455
         198    -5.46515    -5.46276  0.00217355
         199    -5.47516    -5.46282  0.00216352
         200     -5.4641    -5.46283  0.00215271
