1         1.2           0
2         1.2 1.96452e-06
3     1.20001 3.59611e-06
4     1.20001 5.41897e-06
5     1.20002 7.43639e-06
6     1.20003 9.63838e-06
7     1.20004 1.20147e-05
8     1.20005 1.45568e-05
9     1.20006 1.72574e-05
10     1.20007 2.01107e-05
11     1.20009 2.31119e-05
12     1.20011 2.62582e-05
13     1.20012 2.95486e-05
14     1.20014 3.29845e-05
15     1.20016 3.65695e-05
16     1.20018 4.03035e-05
17     1.20021 4.41899e-05
18     1.20023 4.82263e-05
19     1.20026 5.24123e-05
20     1.20029 5.67502e-05
21     1.20032 6.12413e-05
22     1.20035 6.58847e-05
23     1.20038 7.06806e-05
24     1.20041 7.56307e-05
25     1.20045 8.07358e-05
26     1.20049 8.59975e-05
27     1.20053 9.14176e-05
28     1.20057 9.69976e-05
29     1.20061  0.00010274
30     1.20066 0.000108647
31      1.2007 0.000114721
32     1.20075 0.000120966
33      1.2008 0.000127385
34     1.20085 0.000133983
35     1.20091 0.000140763
36     1.20097 0.000147729
37     1.20102 0.000154887
38     1.20108 0.000162241
39     1.20115 0.000169798
40     1.20121 0.000177564
41     1.20128 0.000185545
42     1.20135 0.000193749
43     1.20142 0.000202183
44      1.2015 0.000210855
45     1.20157 0.000219772
46     1.20165 0.000228944
47     1.20173 0.000238379
48     1.20182 0.000248089
49     1.20191 0.000258083
50       1.202 0.000268373
1     1.20032           0
2     1.20049 0.000123038
3     1.20067 0.000167477
4     1.20085   0.0002028
5     1.20104 0.000234331
6     1.20124 0.000263877
7     1.20144 0.000292305
8     1.20164 0.000320116
9     1.20186 0.000347632
10     1.20207 0.000375085
11      1.2023 0.000402655
12     1.20253 0.000430485
13     1.20277 0.000458694
14     1.20301 0.000487386
15     1.20327 0.000516656
16     1.20353 0.000546591
17      1.2038 0.000577276
18     1.20408 0.000608794
19     1.20437 0.000641224
20     1.20466 0.000674646
21     1.20497 0.000709141
22     1.20529 0.000744788
23     1.20562 0.000781667
24     1.20596 0.000819859
25     1.20631  0.00085944
26     1.20668 0.000900487
27     1.20705  0.00094307
28     1.20744  0.00098725
29     1.20785  0.00103308
30     1.20827  0.00108058
31      1.2087  0.00112977
32     1.20915  0.00118062
33     1.20962  0.00123304
34      1.2101  0.00128687
35     1.21059  0.00134188
36      1.2111  0.00139767
37     1.21162  0.00145373
38     1.21215  0.00150929
39     1.21269  0.00156334
40     1.21323  0.00161459
41     1.21377  0.00166144
42     1.21429  0.00170203
43     1.21479  0.00173444
44     1.21526  0.00175697
45     1.21568  0.00176864
46     1.21606  0.00176973
47     1.21638  0.00176204
48     1.21667  0.00174878
49     1.21695  0.00173412
50     1.21723    0.001723
1       1.203           0
2     1.20533  0.00165005
3       1.208  0.00244474
4     1.21085  0.00307491
5     1.21373   0.0035611
6     1.21653  0.00391183
7     1.21915  0.00414025
8     1.22155  0.00426191
9     1.22369  0.00429167
10     1.22554  0.00424255
11     1.22708  0.00412628
12     1.22828  0.00395519
13     1.22915  0.00374457
14     1.22968  0.00351414
15     1.22989  0.00328649
16     1.22985  0.00308137
17     1.22962  0.00290838
18     1.22931  0.00276397
19     1.22899  0.00263651
20     1.22876  0.00251523
21     1.22866  0.00239712
22     1.22877   0.0022904
23      1.2291  0.00221523
24     1.22969  0.00219893
25     1.23052  0.00226285
26     1.23157  0.00240763
27      1.2328  0.00261152
28     1.23414  0.00284275
29     1.23555  0.00307272
30     1.23697  0.00328218
31     1.23836  0.00346168
32     1.23972  0.00360916
33     1.24102  0.00372695
34     1.24226  0.00381898
35     1.24345  0.00388873
36     1.24457  0.00393833
37     1.24561  0.00396862
38     1.24658  0.00397992
39     1.24745  0.00397315
40     1.24824  0.00395041
41     1.24894  0.00391502
42     1.24956  0.00387092
43     1.25012  0.00382197
44     1.25065  0.00377138
45     1.25116   0.0037216
46     1.25166  0.00367437
47     1.25217  0.00363092
48     1.25269  0.00359221
49     1.25323  0.00355919
50     1.25379   0.0035329
1      1.2027           0
2     1.20441  0.00121055
3     1.20632  0.00175881
4     1.20843  0.00225348
5     1.21072  0.00272951
6     1.21317  0.00319005
7     1.21575  0.00362906
8     1.21842  0.00403723
9     1.22113  0.00440476
10     1.22383  0.00472313
11     1.22649  0.00498616
12     1.22906  0.00519048
13      1.2315  0.00533559
14     1.23379  0.00542351
15     1.23591  0.00545824
16     1.23783   0.0054453
17     1.23955  0.00539112
18     1.24108  0.00530266
19      1.2424  0.00518692
20     1.24354  0.00505041
21     1.24449   0.0048987
22     1.24526  0.00473621
23     1.24585  0.00456636
24     1.24624  0.00439257
25     1.24641  0.00422011
26     1.24633  0.00405852
27     1.24598  0.00392337
28     1.24534  0.00383512
29     1.24441  0.00381265
30     1.24324   0.0038615
31      1.2419  0.00396223
32     1.24053  0.00406998
33     1.23928  0.00413388
34      1.2383  0.00412611
35     1.23768  0.00405491
36     1.23741   0.0039509
37     1.23745  0.00384433
38     1.23773   0.0037528
39     1.23816  0.00368147
40      1.2387   0.0036284
41      1.2393  0.00358932
42     1.23993  0.00356005
43     1.24059  0.00353732
44     1.24126  0.00351884
45     1.24192  0.00350307
46     1.24258  0.00348903
47     1.24324  0.00347619
48     1.24389  0.00346436
49     1.24454  0.00345356
50     1.24518  0.00344393
1     1.20106           0
2     1.20163 0.000406191
3     1.20219 0.000532813
4     1.20272 0.000603674
5     1.20317  0.00062922
6     1.20351  0.00061145
7     1.20371  0.00055678
8     1.20374 0.000487959
9     1.20357 0.000462092
10     1.20319 0.000550702
11     1.20261 0.000751861
12     1.20183  0.00101049
13     1.20092  0.00127789
14     1.19994  0.00151738
15     1.19897   0.0017024
16     1.19807  0.00181826
17      1.1973  0.00186358
18     1.19672  0.00184904
19     1.19633  0.00179319
20     1.19611  0.00171651
21     1.19605  0.00163605
22     1.19609  0.00156236
23     1.19622  0.00149933
24     1.19639  0.00144636
25     1.19658  0.00140104
26     1.19677  0.00136115
27     1.19697  0.00132535
28     1.19718  0.00129309
29     1.19738  0.00126428
30     1.19758  0.00123882
31     1.19779  0.00121627
32       1.198  0.00119571
33      1.1982  0.00117573
34     1.19838  0.00115473
35     1.19853  0.00113133
36     1.19863  0.00110493
37     1.19868  0.00107629
38     1.19867  0.00104806
39     1.19858  0.00102489
40     1.19842  0.00101271
41     1.19817  0.00101683
42     1.19786  0.00103953
43     1.19749  0.00107906
44     1.19708  0.00113085
45     1.19663  0.00118996
46     1.19616  0.00125275
47     1.19568  0.00131692
48     1.19518  0.00138062
49     1.19468  0.00144155
50     1.19418  0.00149669
1     1.19989           0
2     1.20017 0.000194882
3     1.20063 0.000398812
4     1.20122 0.000589284
5     1.20186 0.000740789
6     1.20248 0.000840379
7     1.20304  0.00088806
8     1.20351 0.000893619
9     1.20389 0.000871087
10     1.20419 0.000833309
11     1.20442  0.00078908
12      1.2046 0.000743548
13     1.20475  0.00070055
14     1.20489 0.000665392
15      1.2051  0.00065092
16     1.20543 0.000691234
17     1.20597 0.000837362
18     1.20677  0.00110686
19     1.20782  0.00146518
20     1.20909  0.00186056
21     1.21051  0.00224922
22     1.21201  0.00260219
23     1.21354  0.00290439
24     1.21505  0.00315093
25     1.21651  0.00334321
26     1.21788   0.0034859
27     1.21916  0.00358486
28     1.22034  0.00364598
29     1.22142  0.00367464
30     1.22238   0.0036755
31     1.22322  0.00365261
32     1.22395   0.0036096
33     1.22455  0.00354995
34     1.22502  0.00347727
35     1.22537  0.00339545
36      1.2256  0.00330868
37     1.22571   0.0032211
38     1.22571  0.00313634
39     1.22563  0.00305702
40     1.22548  0.00298452
41     1.22527  0.00291917
42     1.22501  0.00286066
43     1.22472  0.00280856
44     1.22441  0.00276233
45     1.22408   0.0027211
46     1.22373   0.0026832
47     1.22341  0.00264613
48     1.22311   0.0026073
49     1.22287  0.00256518
50     1.22269  0.00251995
1     1.20273           0
2     1.20402  0.00091353
3     1.20511  0.00108043
4     1.20597  0.00110045
5     1.20659  0.00103915
6     1.20697 0.000932584
7     1.20712 0.000811256
8     1.20704 0.000713248
9     1.20675 0.000692918
10     1.20623 0.000793563
11      1.2055  0.00100034
12      1.2046  0.00125935
13     1.20359  0.00151175
14     1.20259  0.00170443
15     1.20172  0.00180117
16     1.20108  0.00179647
17     1.20076  0.00171992
18     1.20075  0.00162438
19     1.20102   0.0015614
20     1.20151  0.00155668
21     1.20213  0.00160365
22     1.20284  0.00167865
23     1.20357  0.00175891
24      1.2043  0.00182984
25       1.205  0.00188452
26     1.20565   0.0019209
27     1.20624  0.00193951
28     1.20677  0.00194197
29     1.20724  0.00193023
30     1.20764  0.00190617
31     1.20796  0.00187165
32      1.2082  0.00182865
33     1.20835  0.00177969
34     1.20841  0.00172831
35     1.20837  0.00167949
36     1.20822  0.00163964
37     1.20796  0.00161557
38      1.2076   0.0016122
39     1.20716  0.00162978
40     1.20667  0.00166255
41     1.20615  0.00170029
42     1.20565  0.00173223
43     1.20519  0.00175076
44     1.20481  0.00175314
45      1.2045  0.00174096
46     1.20427  0.00171819
47     1.20411  0.00168917
48       1.204  0.00165735
49     1.20393  0.00162491
50     1.20389  0.00159295
1     1.20553           0
2     1.20845  0.00206211
3     1.20994  0.00183641
4     1.20717  0.00276747
5     1.20279  0.00449659
6     1.20451  0.00406142
7     1.20762  0.00451757
8     1.20904  0.00416928
9     1.21109  0.00418026
10      1.2133  0.00430953
11     1.21554  0.00446215
12     1.21625  0.00414591
13     1.21625  0.00382699
14     1.21727   0.0036884
15     1.21832   0.0035882
16     1.21919  0.00346847
17     1.21954   0.0032815
18     1.21986  0.00311505
19     1.21946  0.00297684
20     1.21973  0.00284032
21     1.22034  0.00276899
22     1.21965  0.00272808
23     1.22018  0.00266081
24     1.22054  0.00257504
25     1.22142  0.00261616
26      1.2231  0.00300702
27      1.2242  0.00309002
28     1.22532  0.00317587
29     1.22725  0.00360988
30     1.22836  0.00365362
31     1.22891  0.00357732
32     1.22963  0.00353819
33     1.23068  0.00358265
34     1.23182  0.00365531
35     1.23292  0.00371129
36     1.23383  0.00371839
37     1.23442  0.00366436
38     1.23467  0.00357665
39     1.23514  0.00351526
40     1.23557  0.00345336
41     1.23566  0.00337031
42     1.23591  0.00329971
43     1.23585  0.00322356
44     1.23624  0.00317322
45     1.23662  0.00312622
46     1.23666  0.00305849
47     1.23671  0.00299384
48     1.23733  0.00299461
49     1.23804  0.00301687
50     1.23847  0.00298726
51     1.23883  0.00294959
52     1.23944  0.00295552
53     1.23974  0.00291459
54     1.24026  0.00290738
55     1.24077  0.00289976
56     1.24117  0.00287435
57     1.24116  0.00282393
58     1.24121  0.00277568
59     1.24109  0.00273146
60     1.24117  0.00268733
61     1.24131  0.00264666
62     1.24139  0.00260514
63     1.24167  0.00257954
64     1.24211  0.00257525
65     1.24234  0.00254617
66      1.2426  0.00252137
67     1.24324  0.00256129
68     1.24356  0.00254396
69     1.24348  0.00250838
70     1.24392  0.00251071
71     1.24427  0.00249954
72     1.24442  0.00246949
73     1.24432  0.00243754
74     1.24408  0.00241683
75      1.2436  0.00243136
76     1.24359  0.00239939
77     1.24344  0.00237293
78      1.2434  0.00234287
79     1.24308  0.00233523
80     1.24316  0.00230736
81     1.24358  0.00231754
82     1.24405  0.00233636
83     1.24423  0.00231507
84     1.24447  0.00229991
85     1.24462  0.00227778
86     1.24481  0.00225969
87     1.24522  0.00226979
88     1.24553  0.00226447
89      1.2456  0.00224035
90     1.24558  0.00221556
91     1.24564  0.00219211
92     1.24547  0.00217535
93     1.24538  0.00215386
94     1.24538  0.00213095
95     1.24549  0.00211119
96     1.24562  0.00209355
97     1.24574  0.00207539
98     1.24571  0.00205443
99     1.24576  0.00203413
100     1.24593  0.00202147
