0.227799   0.266175   -0.370117
-0.373803   -0.369483   0.375775
0.30265   -0.237319   -0.221009
-0.204487   0.348807   -0.487779
0.044078   0.275035   0.289519
0.00149155   -0.263048   0.273545
-0.192709   -0.453935   -0.330326
-0.0683773   0.459275   -0.20352
0.265677   0.415686   0.333153
0.384248   -0.388295   -0.370601
0.336898   -0.229555   -0.409805
0.0868554   -0.407732   -0.387484
-0.453788   -0.0713881   -0.306125
-0.37695   -0.126706   -0.393431
0.370845   -0.0645049   -0.262063
-0.429873   -0.0207143   -0.118415
-0.317492   -0.243161   -0.371569
-0.0195264   -0.153095   0.412976
-0.2431   -0.155292   -0.292326
0.189056   0.0238977   0.467253
0.35403   -0.142016   0.442593
0.231844   0.241289   -0.474506
0.0970313   -0.297465   -0.163942
0.150267   -0.24871   -0.346392
0.405095   0.396573   -0.471681
-0.354315   0.486161   0.288826
-0.35998   0.462876   -0.17761
-0.289997   0.0321687   -0.189909
0.0132763   0.213977   -0.369692
0.113445   -0.424721   -0.293214
-0.316897   0.226505   -0.382616
-0.00616914   0.189036   -0.141606
0.10675   0.323026   0.42323
0.303857   0.360194   -0.486054
0.0432469   0.159449   0.497466
0.302479   0.243036   0.438609
-0.43493   -0.36432   0.0560634
-0.219846   -0.323612   0.0516064
-0.430573   -0.169313   -0.144815
-0.466484   -0.411135   -0.110584
-0.419445   0.416037   -0.255507
0.0206491   -0.417186   -0.0955283
-0.00904555   -0.394024   0.0146313
-0.124834   -0.30504   0.0191707
0.101172   -0.370332   -0.0388862
0.217011   -0.371024   -0.336561
0.180455   -0.194571   0.0616831
0.401132   0.484596   -0.176801
-0.399838   -0.380981   -0.0792954
-0.378903   -0.0590352   -0.223871
-0.482926   0.0754796   -0.0603957
0.485588   -0.271719   0.0931173
-0.352038   -0.214233   -0.0354722
0.0602848   -0.0731569   -0.194716
-0.22115   -0.145856   -0.220357
0.189747   -0.185254   -0.158563
0.369921   -0.218738   -0.294613
-0.473717   -0.207447   -0.329844
-0.0945025   -0.089836   -0.0671654
0.136445   -0.156454   -0.0328215
0.338988   0.255294   -0.218694
-0.0827334   0.28821   -0.260358
-0.362636   0.389647   -0.0980422
-0.164636   0.135651   0.0187573
-0.133076   0.309259   -0.0190085
-0.00837708   0.265628   -0.166258
-0.209975   0.479664   0.113122
0.0761515   0.35707   0.308989
0.331963   0.0410374   -0.123177
0.348665   0.129987   -0.176258
0.19394   -0.49401   -0.00996369
0.442088   0.237183   0.0226443
-0.364281   -0.378519   0.295738
0.4213   -0.144572   0.182541
0.463347   0.432363   0.45654
-0.353333   -0.404186   0.457136
-0.318354   -0.276069   0.345571
0.201658   -0.298799   -0.00784694
-0.212312   -0.101516   0.200119
-0.0559497   0.362225   0.373437
0.354512   0.438984   0.173679
0.455705   -0.373667   0.0179013
0.453305   -0.487903   0.414709
0.346067   0.337048   0.126094
-0.373759   -0.100996   0.0863177
-0.427195   0.072826   0.292418
0.33943   0.160717   0.454413
-0.16835   -0.414153   0.166257
-0.147936   -0.227211   -0.0392166
-0.0375412   -0.135791   0.186107
-0.0413948   0.240945   0.36936
-0.163571   -0.0979493   0.27345
0.294143   -0.0277082   0.156662
0.259976   -0.147618   0.0385234
0.103246   0.19781   0.229467
0.482576   -0.373024   0.303396
-0.429626   -0.0136519   0.340178
-0.492639   -0.490482   0.0801013
0.436563   0.0370218   0.232942
-0.341536   0.177024   -0.455448
-0.116905   0.249941   0.311538
0.052143   0.143279   0.108615
-0.229324   0.292995   0.405661
-0.201158   0.273806   0.322366
0.160484   0.1959   0.106294
0.401234   0.217973   0.195508
0.177214   -0.48198   -0.496094
0.298668   0.27801   0.260625
