0.227872   0.266249   -0.370136
-0.373764   -0.369465   0.375717
0.302679   -0.237351   -0.221029
-0.204501   0.348879   -0.487705
0.0439577   0.27505   0.289559
0.001492   -0.26307   0.273608
-0.192716   -0.453934   -0.330332
-0.0683298   0.4593   -0.20354
0.265668   0.415733   0.333188
0.384241   -0.388284   -0.37064
0.336867   -0.229544   -0.409804
0.0869288   -0.407743   -0.387498
-0.453805   -0.0713957   -0.306155
-0.37694   -0.126678   -0.393426
0.370908   -0.0644541   -0.262079
-0.429921   -0.0206652   -0.118443
-0.317433   -0.24312   -0.371581
-0.0195219   -0.153053   0.413001
-0.243082   -0.155275   -0.292348
0.189004   0.0238448   0.467308
0.35398   -0.142064   0.442692
0.231876   0.241217   -0.474526
0.0970283   -0.297373   -0.163978
0.150295   -0.248669   -0.346395
0.405122   0.396493   -0.471674
-0.354325   0.486175   0.288862
-0.360028   0.462826   -0.177589
-0.290037   0.0321997   -0.189955
0.0132189   0.213964   -0.36972
0.113402   -0.424807   -0.293244
-0.316853   0.226538   -0.382592
-0.00616936   0.189131   -0.141681
0.106769   0.322984   0.423248
0.303849   0.360179   -0.48606
0.0432861   0.159491   0.497513
0.302493   0.243044   0.438669
-0.434937   -0.364399   0.0560281
-0.21989   -0.323618   0.0515477
-0.430602   -0.16936   -0.14478
-0.466469   -0.411166   -0.110572
-0.419365   0.416038   -0.255532
0.0206388   -0.417222   -0.0955449
-0.00907718   -0.394037   0.0146036
-0.124788   -0.305101   0.0191852
0.101158   -0.370385   -0.0389612
0.217063   -0.37101   -0.336512
0.180447   -0.194602   0.0616819
0.401182   0.484623   -0.176746
-0.399874   -0.380917   -0.0793642
-0.378856   -0.0590579   -0.223835
-0.482893   0.075395   -0.0604726
0.485641   -0.27169   0.0930891
-0.351993   -0.214186   -0.0355175
0.0603303   -0.0731681   -0.194629
-0.221138   -0.145824   -0.220313
0.189704   -0.185269   -0.158529
0.369876   -0.218731   -0.294648
-0.473779   -0.207409   -0.329791
-0.09442   -0.089811   -0.0671656
0.136445   -0.156388   -0.0328623
0.339051   0.255274   -0.218597
-0.0828146   0.288247   -0.260342
-0.362685   0.389674   -0.0980476
-0.164683   0.135657   0.0187536
-0.133084   0.30922   -0.0190486
-0.00837468   0.265633   -0.166205
-0.209963   0.479621   0.113091
0.0761467   0.357045   0.308886
0.331923   0.0410944   -0.123203
0.348639   0.129999   -0.176252
0.193933   -0.494061   -0.00996055
0.442063   0.237171   0.0226153
-0.364313   -0.378596   0.295793
0.421363   -0.144626   0.182545
0.463376   0.432413   0.456509
-0.353326   -0.40422   0.457106
-0.318334   -0.276153   0.345553
0.201597   -0.298835   -0.00779789
-0.21229   -0.101578   0.20018
-0.0559343   0.362283   0.373431
0.354456   0.439016   0.17368
0.455704   -0.373741   0.0179734
0.453202   -0.487855   0.414682
0.346078   0.337038   0.12613
-0.373791   -0.101005   0.0863413
-0.427148   0.072814   0.292371
0.339483   0.160654   0.454378
-0.168392   -0.414079   0.166295
-0.147921   -0.227162   -0.0391489
-0.0375579   -0.135773   0.186107
-0.0413878   0.240876   0.369291
-0.163526   -0.0979656   0.273423
0.294111   -0.0277449   0.156661
0.26   -0.147577   0.0385375
0.103199   0.197768   0.229507
0.482533   -0.372965   0.303403
-0.429662   -0.0136114   0.340143
-0.492651   -0.490444   0.0800932
0.436545   0.0371524   0.23294
-0.341515   0.17704   -0.45553
-0.116868   0.249941   0.311512
0.0521229   0.143299   0.108673
-0.229351   0.292987   0.405673
-0.201077   0.273762   0.322366
0.1605   0.195894   0.106306
0.401235   0.217979   0.195502
0.1772   -0.482037   -0.496137
0.298685   0.27798   0.260653
