1.2
1.20001
1.20002
1.20003
1.20005
1.20007
1.20009
1.20012
1.20016
1.2002
1.20024
1.20028
1.20033
1.20039
1.20045
1.20051
1.20058
1.20066
1.20073
1.20082
1.20091
1.201
1.2011
1.20121
1.20132
1.20143
1.20155
1.20168
1.20182
1.20196
1.2021
1.20226
1.20242
1.20258
1.20276
1.20294
1.20313
1.20333
1.20353
1.20375
1.20397
1.2042
1.20445
1.2047
1.20496
1.20523
1.20552
1.20581
1.20612
1.20644
1.20032
1.20067
1.20103
1.20141
1.2018
1.20221
1.20264
1.20308
1.20355
1.20404
1.20454
1.20507
1.20563
1.20621
1.20682
1.20745
1.20812
1.20882
1.20955
1.21032
1.21112
1.21197
1.21285
1.21379
1.21477
1.2158
1.21688
1.21801
1.2192
1.22044
1.22174
1.2231
1.2245
1.22594
1.22742
1.2289
1.23038
1.2318
1.23311
1.23426
1.23516
1.23571
1.2358
1.23537
1.23439
1.23298
1.23143
1.23023
1.23
1.23129
1.203
1.20766
1.21335
1.21941
1.22525
1.23049
1.23489
1.23835
1.2408
1.24219
1.24246
1.24157
1.23954
1.23654
1.23292
1.22919
1.22601
1.22393
1.2233
1.22427
1.22684
1.23095
1.23648
1.24315
1.25048
1.25785
1.26464
1.2704
1.27491
1.27816
1.28034
1.28174
1.28266
1.28328
1.28366
1.28372
1.2833
1.28231
1.28075
1.27881
1.2768
1.27507
1.27387
1.27335
1.2735
1.27424
1.27546
1.27709
1.27912
1.28158
1.2027
1.20612
1.21015
1.21476
1.21989
1.22542
1.23121
1.23707
1.2428
1.24819
1.25308
1.25732
1.26083
1.26356
1.2655
1.26667
1.26714
1.26699
1.26629
1.26512
1.26352
1.26144
1.25873
1.25517
1.25046
1.24438
1.23685
1.22805
1.21853
1.20925
1.20174
1.1979
1.19931
1.20606
1.21651
1.22815
1.23893
1.2478
1.25461
1.25964
1.26333
1.26608
1.26818
1.26984
1.27122
1.2724
1.27349
1.27453
1.2756
1.27672
1.20106
1.20221
1.20332
1.20428
1.20497
1.20523
1.20493
1.20395
1.20222
1.19977
1.19672
1.19334
1.19001
1.18718
1.18527
1.18457
1.18514
1.18681
1.18924
1.19201
1.19472
1.19708
1.19894
1.20027
1.20116
1.20174
1.20217
1.20259
1.20305
1.20356
1.20405
1.20441
1.20453
1.20429
1.2036
1.20237
1.20056
1.19816
1.19523
1.19192
1.18844
1.18505
1.18197
1.17931
1.17706
1.1751
1.17333
1.17175
1.17048
1.16971
1.19989
1.20045
1.20156
1.20298
1.20441
1.2056
1.20641
1.20682
1.20693
1.20687
1.20674
1.20658
1.2065
1.20678
1.20792
1.21046
1.21467
1.22032
1.22675
1.23316
1.2389
1.24362
1.24721
1.24975
1.25138
1.25225
1.2525
1.25221
1.25145
1.25023
1.24855
1.2464
1.24379
1.24072
1.23726
1.23353
1.22968
1.22593
1.22247
1.21943
1.21683
1.21461
1.21264
1.21087
1.20937
1.2084
1.2083
1.20929
1.21132
1.21404
1.20273
1.20531
1.2073
1.20855
1.20906
1.20886
1.20801
1.20652
1.20437
1.20157
1.19823
1.19468
1.19152
1.18955
1.18948
1.19159
1.19556
1.20063
1.20591
1.21071
1.21466
1.21765
1.21973
1.22103
1.22171
1.2219
1.22169
1.22115
1.2203
1.21914
1.21761
1.21568
1.21328
1.21034
1.20687
1.20292
1.19865
1.19436
1.19044
1.18736
1.1855
1.18508
1.18607
1.18818
1.19096
1.19394
1.1967
1.19898
1.20069
1.20184
1.20068
1.20127
1.20193
1.20284
1.20408
1.20563
1.20734
1.20907
1.21062
1.21187
1.21273
1.21315
1.21316
1.2128
1.21215
1.21133
1.21048
1.20972
1.20918
1.20897
1.20912
1.20964
1.21047
1.21151
1.21266
1.21379
1.21478
1.21553
1.21592
1.21582
1.21512
1.21368
1.21135
1.20805
1.20373
1.1985
1.19266
1.18673
1.18138
1.17733
1.17515
1.17502
1.1767
1.17962
1.18313
1.18668
1.18996
1.1929
1.19558
1.19815
1.20072
1.20335
1.20607
1.20887
1.21173
1.21461
1.21746
1.22022
1.22279
1.22508
1.227
1.22845
1.22936
1.22965
1.22927
1.22821
1.22649
1.22419
1.2215
1.21868
1.21611
1.21419
1.21328
1.21357
1.21507
1.21752
1.22056
1.22373
1.22662
1.22891
1.23038
1.23093
1.23062
1.22958
1.22809
1.2265
1.22518
1.22441
1.22434
1.22495
1.22608
1.22755
1.22919
1.23089
1.23258
1.23425
1.23587
1.2374
1.23875
1.23985
1.24061
1.24097
1.24089
1.24037
1.23947
1.23828
1.23689
1.23542
1.23396
1.23258
1.23127
1.23
1.2287
1.22728
1.22566
1.22379
1.22169
1.21945
1.21721
1.21519
1.21359
1.21261
1.21234
1.21279
1.21388
1.21545
1.21733
1.21937
1.22143
1.22342
1.2253
1.22703
1.22859
1.22995
1.2311
1.232
1.23265
1.23304
1.23319
1.23315
1.23297
1.23274
1.23255
1.23246
1.23251
1.23271
1.23301
1.23336
1.23367
1.2339
1.23399
1.23392
1.23371
1.23337
1.23292
1.23239
1.23177
1.23108
1.23029
1.22941
1.22845
1.22743
1.2264
1.22544
1.22462
1.224
1.22361
1.22344
1.22347
1.22364
1.22391
1.22423
1.2246
1.22501
1.22543
1.22585
1.22619
1.22637
1.22625
1.22566
1.22446
1.22253
1.21987
1.2166
1.21302
1.2095
1.20645
1.20417
1.2029
1.20285
1.20422
1.20714
1.21157
1.21716
1.22332
1.22932
1.23453
1.2385
1.24101
1.24207
1.24181
1.2405
1.23848
1.23612
1.23371
1.23144
1.22931
1.22714
1.22463
1.22146
1.21739
1.21245
1.20703
1.20195
1.19826
1.19684
1.19802
1.20143
1.20624
1.21163
1.21695
1.22184
1.22614
1.22985
1.233
1.23562
1.23768
1.23906
1.23957
1.23907
1.23757
1.23526
1.23251
1.22974
1.22732
1.22552
1.22452
1.22447
1.22543
1.22737
1.23002
1.23305
1.23611
1.239
1.24165
1.24413
1.2465
1.24883
1.25115
1.2535
1.25588
1.2583
1.26074
1.26316
1.26548
1.26756
1.26923
1.27029
1.27055
1.26982
1.26799
1.26503
1.26106
1.2564
1.2516
1.24738
1.24448
1.24338
1.24413
1.24629
1.24912
1.25185
1.25392
1.25511
1.25554
1.2556
1.25586
1.25687
1.25903
1.26242
1.26684
1.27183
1.27683
1.28134
1.28493
1.28732
1.28837
1.28803
1.28637
1.28351
1.27964
1.27503
1.26998
1.26484
1.25995
1.25565
1.25217
1.24969
1.24823
1.24769
1.24784
1.24834
1.24878
1.24876
1.24801
1.24649
1.24441
1.24221
1.24045
1.2396
1.2399
1.24133
1.24368
1.24665
1.25001
1.25355
1.25711
1.26044
1.26322
1.26513
1.26594
1.26569
1.26469
1.26344
1.2625
1.26224
1.26272
1.26374
1.26495
1.26607
1.26693
1.26755
1.26803
1.26851
1.26909
1.26979
1.27055
1.27127
1.27183
1.27215
1.27221
1.27202
1.27163
1.27109
1.27048
1.26986
1.26927
1.26875
1.2683
1.26791
1.26759
1.26729
1.267
1.26668
1.26631
1.26585
1.26528
1.2646
1.26379
1.26286
1.26181
1.26066
1.25941
1.25808
1.25668
1.2552
1.25366
1.25203
1.25034
1.24861
1.24689
1.24525
1.24382
1.24273
1.24211
1.24205
1.24255
1.24355
1.24492
1.24647
1.24804
1.24952
1.25083
1.25196
1.25294
1.2538
1.25455
1.25521
1.25576
1.25616
1.25635
1.25629
1.25591
1.25519
1.25412
1.25272
1.25101
1.24909
1.24703
1.24496
1.24298
1.24121
1.23972
1.23859
1.23786
1.23754
1.23763
1.23811
1.23893
1.24004
1.24136
1.24281
1.2443
1.24573
1.24702
1.24807
1.24878
1.24906
1.24878
1.24782
1.24606
1.24341
1.23986
1.23564
1.23121
1.22737
1.22504
1.22494
1.22725
1.2315
1.2368
1.24226
1.24724
1.25139
1.25464
1.25703
1.25867
1.25967
1.26014
1.26016
1.2598
1.25911
1.25813
1.25688
1.25539
1.25367
1.25174
1.24961
1.2473
1.24489
1.24248
1.24024
1.23838
1.2371
1.23652
1.23663
1.23724
1.23803
1.23857
1.23845
1.23739
1.23544
1.23308
1.23126
1.2311
1.23334
1.23795
1.24408
1.25056
1.25641
1.26107
1.26438
1.26645
1.26751
1.26784
1.26772
1.26741
1.26713
1.26704
1.26727
1.26785
1.26875
1.26989
1.27115
1.27241
1.27351
1.27435
1.27483
1.27487
1.2744
1.27338
1.27175
1.26949
1.26655
1.26294
1.25875
1.25421
1.24974
1.24596
1.24352
1.24291
1.24422
1.24713
1.25099
1.25516
1.25913
1.26263
1.26554
1.26788
1.2697
1.27108
1.27207
1.27268
1.27293
1.27277
1.27217
1.27108
1.26945
1.26728
1.26463
1.26164
1.25854
1.25565
1.25332
1.25185
1.25141
1.25201
1.25348
1.25558
1.25802
1.26057
1.26304
1.26528
1.26722
1.26881
1.27003
1.27089
1.27141
1.27163
1.27157
1.2713
1.27085
1.27028
1.26963
1.26893
1.26824
1.26756
1.26692
1.26633
1.26579
1.26531
1.26486
1.26444
1.26401
1.26354
1.263
1.26231
1.26138
1.2601
1.25829
1.25577
1.25239
1.24808
1.24304
1.23786
1.23353
1.23123
1.23173
1.23495
1.23995
1.24535
1.24993
1.25285
1.25368
1.25229
1.24877
1.24351
1.23721
1.23097
1.22608
1.22357
1.22374
1.22609
1.22962
1.23336
1.23663
1.23916
1.24095
1.24216
1.24301
1.2437
1.24436
1.24504
1.24575
1.24642
1.24699
1.24742
1.24771
1.24791
1.2481
1.24834
1.24867
1.24909
1.24956
1.24997
1.25024
1.25026
1.24998
1.24938
1.24851
1.24746
1.24637
1.24541
1.24473
1.24445
1.24464
1.2453
1.24636
1.24774
1.24934
1.25111
1.25296
1.25487
1.25681
1.25874
1.26063
1.26246
1.26417
1.26574
1.26713
1.2683
1.26924
1.26992
1.27032
1.27045
1.27031
1.26992
1.26929
1.26845
1.26741
1.26615
1.26464
1.26282
1.26063
1.25812
1.25545
1.25296
1.2511
1.25024
1.25054
1.25176
1.25345
1.25515
1.25661
1.25786
1.25923
1.26112
1.26386
1.26751
1.27189
1.27654
1.28096
1.28465
1.28728
1.28869
1.28888
1.28804
1.28645
1.28445
1.28236
1.28033
1.2783
1.27606
1.27333
1.26984
1.2655
1.26041
1.25488
1.24934
1.2443
1.24016
1.23707
1.23494
1.23351
1.23271
1.23283
1.2345
1.23828
1.24417
1.25151
1.25922
1.26628
1.27199
1.27606
1.27849
1.27951
1.27941
1.27853
1.27717
1.27558
1.27396
1.27245
1.27111
1.26995
1.26894
1.26802
1.26714
1.26624
1.26526
1.26417
1.26296
1.2616
1.26009
1.25844
1.25666
1.25475
1.25274
1.25065
1.2485
1.24633
1.24418
1.24211
1.24017
1.23842
1.23691
1.23567
1.23475
1.23413
1.23381
1.23373
1.23382
1.23396
1.23399
1.23369
1.23274
1.2307
1.22704
1.22118
1.21281
1.2024
1.1919
1.18467
1.1838
1.18979
1.20013
1.21135
1.22109
1.22852
1.23381
1.23745
1.23995
1.2417
1.24294
1.2438
1.24433
1.2445
1.24427
1.24356
1.24232
1.2405
1.23816
1.23543
1.23259
1.23005
1.22823
1.22755
1.22821
1.23017
1.23315
1.23668
1.24022
1.24328
1.24545
1.24644
1.24608
1.24431
1.2412
1.23693
1.23186
1.22645
1.22129
1.21695
1.21394
1.21252
1.21272
1.21428
1.21682
1.21999
1.22358
1.22752
1.23176
1.23622
1.24068
1.24495
1.24886
1.25236
1.25549
1.25837
1.26112
1.26384
1.26657
1.26932
1.27204
1.27468
1.27719
1.2795
1.28157
1.28337
1.28487
1.28605
1.28689
1.28735
1.28738
1.28692
1.28588
1.28416
1.28163
1.2782
1.27382
1.2686
1.26289
1.25739
1.25307
1.25091
1.25141
1.2543
1.25866
1.26331
1.26727
1.26992
1.27105
1.27074
1.26928
1.26706
1.26454
1.26219
1.26037
1.25938
1.2593
1.25995
1.26095
1.26173
1.26177
1.26079
1.25888
1.25648
1.25426
1.25277
1.2523
1.25275
1.2538
1.2551
1.25644
1.25784
1.2594
1.26128
1.26354
1.26617
1.26903
1.27191
1.27463
1.27703
1.27901
1.28052
1.28153
1.28208
1.28221
1.28195
1.28137
1.28052
1.27943
1.27815
1.2767
1.27512
1.27342
1.27161
1.2697
1.26772
1.26567
1.26357
1.26144
1.25931
1.2572
1.25513
1.25311
1.25116
1.24927
1.24748
1.24581
1.2443
1.24303
1.24207
1.2415
1.24139
1.24176
1.24259
1.2438
1.24529
1.24693
1.24857
1.25011
1.25142
1.25243
1.25307
1.25331
1.25309
1.25239
1.25115
1.24935
1.24696
1.24397
1.24043
1.23646
1.23229
1.22824
1.22474
1.22225
1.22115
1.22156
1.22334
1.22608
1.22929
1.23251
1.23542
1.23785
1.23974
1.24114
1.24212
1.24277
1.24319
1.2435
1.24376
1.24405
1.24442
1.24491
1.24555
1.24632
1.24723
1.24825
1.24937
1.25056
1.25179
1.25303
1.25425
1.2554
1.25647
1.25741
1.25821
1.25882
1.25924
1.25946
1.25948
1.25933
1.25904
1.25867
1.25828
1.25794
1.25771
1.25761
1.25764
1.25779
1.258
1.2582
1.25832
1.25828
1.25802
1.2575
1.25666
1.25549
1.25401
1.25222
1.25016
1.24788
1.24544
1.24295
1.24055
1.23849
1.237
1.23636
1.23673
1.23818
1.24058
1.2437
1.24716
1.25058
1.25353
1.25569
1.25687
1.2571
1.25669
1.25611
1.25589
1.25642
1.25784
1.26004
1.2628
1.26595
1.26938
1.27305
1.27692
