0.0568198
0.0568192
0.0568182
0.0568168
0.056815
0.0568128
0.0568103
0.0568073
0.0568039
0.0568001
0.0567958
0.056791
0.0567857
0.0567785
0.0567713
0.0567628
0.056754
0.0567461
0.0567352
0.0567239
0.0567132
0.0567016
0.0566891
0.0566763
0.0566626
0.056648
0.0566344
0.0566195
0.0566028
0.0565865
0.0565707
0.056553
0.0565345
0.0565155
0.056496
0.056477
0.0564567
0.0564338
0.056411
0.0563893
0.0563674
0.0563434
0.056319
0.0562924
0.0562658
0.0562384
0.0562099
0.0561789
0.0561479
0.0561157
0.0557547
0.0557191
0.0556833
0.0556469
0.055608
0.0555677
0.0555259
0.0554821
0.055437
0.0553898
0.0553411
0.0552898
0.0552358
0.0551804
0.055122
0.0550622
0.0549992
0.0549347
0.0548673
0.0547972
0.0547237
0.054648
0.0545698
0.0544889
0.0544058
0.0543202
0.0542352
0.0541481
0.0540617
0.053977
0.0538951
0.0538192
0.0537519
0.0536974
0.0536619
0.0536531
0.0536825
0.0537617
0.053909
0.0541455
0.0544941
0.0549836
0.0556369
0.0564692
0.0574718
0.0585968
0.0597388
0.0607402
0.0614156
0.0616137
0.0596622
0.0588453
0.0577435
0.0565595
0.0554709
0.0546049
0.054038
0.0538147
0.053961
0.0544946
0.055431
0.0567726
0.0584932
0.0605245
0.0627388
0.0649548
0.0669705
0.0686091
0.069759
0.0703757
0.0704551
0.0700157
0.0691084
0.0678378
0.0663672
0.0648942
0.063611
0.0626594
0.0621123
0.0619699
0.0621796
0.0626598
0.0633258
0.064122
0.0650324
0.0660745
0.0672807
0.068668
0.0702105
0.0718389
0.0734505
0.0749323
0.0761969
0.0771999
0.0779358
0.0784246
0.0786884
0.0787418
0.0785847
0.0782118
0.07348
0.0726331
0.07153
0.0701899
0.0686425
0.066938
0.0651375
0.0633145
0.0615443
0.0599013
0.0584523
0.0572506
0.0563332
0.0557235
0.0554289
0.0554451
0.0557595
0.0563473
0.0571828
0.0582408
0.0595096
0.0609984
0.0627429
0.0647982
0.067225
0.0700607
0.0732859
0.0767954
0.080378
0.0836898
0.0862433
0.0874688
0.0869546
0.0847399
0.0813587
0.0775526
0.0739178
0.0707621
0.0681565
0.0660398
0.0643119
0.062877
0.0616567
0.060597
0.0596593
0.0588162
0.0580451
0.0573239
0.0566406
0.0559864
0.0514839
0.0509245
0.0504245
0.0500203
0.0497522
0.0496636
0.0497944
0.0501725
0.0508073
0.0516813
0.052739
0.0538895
0.0550026
0.0559372
0.0565651
0.0568038
0.056641
0.0561312
0.0553846
0.0545299
0.0536865
0.0529458
0.0523571
0.0519316
0.0516494
0.0514724
0.0513575
0.0512754
0.0512089
0.0511636
0.0511623
0.0512389
0.0514283
0.0517653
0.0522784
0.0529877
0.0539022
0.0550166
0.0563003
0.0577008
0.059143
0.0605425
0.0618272
0.0629569
0.0639345
0.0647803
0.0655187
0.066135
0.0665921
0.0668339
0.0683573
0.0681061
0.0676536
0.0670809
0.0664816
0.0659343
0.0654854
0.0651377
0.0648623
0.0646205
0.0643848
0.0641321
0.0638191
0.0633478
0.0625673
0.0613308
0.059583
0.057418
0.0550473
0.0527147
0.0506161
0.0488652
0.0475021
0.0465164
0.0458739
0.0455385
0.0454734
0.0456534
0.046059
0.0466805
0.0475108
0.0485476
0.0497803
0.0511921
0.0527484
0.0544005
0.0560849
0.0577265
0.0592601
0.0606349
0.0618353
0.0628717
0.0637684
0.0645292
0.065117
0.0654501
0.0654368
0.0650254
0.0642482
0.0632194
0.0612731
0.0602193
0.059317
0.0586119
0.0581156
0.0578196
0.0577153
0.0577973
0.0580647
0.0585029
0.0590631
0.0596266
0.0600027
0.0599558
0.0592918
0.0579522
0.0560564
0.053847
0.0515907
0.0494945
0.0476779
0.0461852
0.0450101
0.044123
0.0434912
0.0430776
0.0428571
0.0428137
0.0429383
0.0432308
0.0436977
0.0443496
0.0451974
0.0462428
0.047476
0.0488622
0.0503336
0.0517841
0.0530785
0.0540755
0.0546545
0.0547562
0.054399
0.0536771
0.0527278
0.0516987
0.0507122
0.049851
0.0491506
0.0486044
0.0480339
0.0476548
0.047259
0.0468021
0.0462679
0.0456741
0.0450626
0.0444853
0.0439999
0.043646
0.0434531
0.0434301
0.0435742
0.0438674
0.0442817
0.0447802
0.0453181
0.0458511
0.0463408
0.0467566
0.0470842
0.0473262
0.0475016
0.0476391
0.0477768
0.0479511
0.0482015
0.0485642
0.0490766
0.0497735
0.0506916
0.0518691
0.0533365
0.055109
0.0571759
0.0594818
0.0619138
0.0642921
0.0663946
0.0679994
0.068944
0.069184
0.0687982
0.0679575
0.0668573
0.0656626
0.0644662
0.0632974
0.0621405
0.0609686
0.0597586
0.0585018
0.0571986
0.0558608
0.0545038
0.0531467
0.051815
0.0505402
0.0493543
0.0482932
0.047394
0.0466886
0.0462044
0.0459619
0.045976
0.046245
0.0467554
0.0474697
0.0483205
0.0492138
0.0500302
0.050644
0.0509492
0.0508908
0.0504814
0.0497979
0.0489654
0.0481195
0.047389
0.046874
0.0466406
0.0467139
0.0470815
0.04769
0.0484522
0.0492588
0.049996
0.0505782
0.0509654
0.0511614
0.0512092
0.051164
0.0510734
0.05097
0.0508721
0.0507922
0.050742
0.0507417
0.0508133
0.0509869
0.0512881
0.0517362
0.05234
0.0530936
0.0539793
0.0549665
0.0560171
0.0570952
0.058168
0.0592138
0.0602274
0.0612154
0.0621944
0.0631842
0.0642014
0.065248
0.0663103
0.0673534
0.0683206
0.0691453
0.0697584
0.070104
0.070151
0.0699002
0.069379
0.0686373
0.0677292
0.0667083
0.0656182
0.0644913
0.0633526
0.0622188
0.0611053
0.0600251
0.0589913
0.0580169
0.0571109
0.0562781
0.0555159
0.0548139
0.054153
0.0535099
0.0528642
0.0521973
0.0515044
0.0507871
0.0500625
0.0493508
0.0486762
0.048059
0.0475157
0.0470529
0.0466718
0.0463682
0.0461361
0.0459714
0.0458716
0.045837
0.0458692
0.0459667
0.0461261
0.0463339
0.0465728
0.0468209
0.047053
0.0472513
0.0474051
0.0475174
0.0475948
0.0476554
0.0477095
0.0477698
0.0478436
0.0479346
0.0480499
0.0482002
0.0484076
0.0487024
0.0491244
0.0497212
0.0505314
0.0515758
0.0528417
0.0542766
0.0557816
0.05723
0.0584974
0.0594825
0.0601093
0.060317
0.06005
0.0592821
0.0580503
0.0564811
0.0547735
0.0531527
0.0518186
0.0509098
0.0504941
0.050578
0.0511168
0.0520293
0.0532108
0.0545513
0.0559582
0.0573747
0.0587969
0.060272
0.0618743
0.0636849
0.0657422
0.0680105
0.0703389
0.0724641
0.0740695
0.0749067
0.0749039
0.0741895
0.0730087
0.0716113
0.0701913
0.0688668
0.067694
0.0666896
0.065855
0.065192
0.0647211
0.064478
0.0645143
0.0648594
0.0654978
0.0663524
0.0673034
0.0682153
0.0689732
0.0694922
0.0697136
0.0695946
0.069119
0.0683141
0.0672607
0.0660702
0.064846
0.063654
0.0625179
0.0614347
0.0603937
0.0593839
0.0584046
0.05746
0.0565548
0.0556951
0.0548929
0.0541695
0.0535578
0.0531021
0.052857
0.0528808
0.0532275
0.0539388
0.0550374
0.0565094
0.0582946
0.0602683
0.0622402
0.0639763
0.0652501
0.0659228
0.0659911
0.0655964
0.0649623
0.0643134
0.0638151
0.0635302
0.063425
0.0633849
0.0632534
0.0628796
0.0621668
0.0611067
0.0597815
0.058342
0.0569598
0.0557986
0.0549879
0.0546143
0.0547204
0.0553169
0.0563778
0.0578518
0.0596639
0.0617179
0.063902
0.0660917
0.068165
0.070012
0.0715464
0.0727198
0.0735215
0.0739826
0.0741804
0.0742242
0.0742395
0.0743436
0.0746097
0.075045
0.0755759
0.0760638
0.0763474
0.0762871
0.0758193
0.0749531
0.0737573
0.072318
0.0707131
0.0690099
0.0672739
0.0655912
0.0640666
0.0628013
0.0618529
0.0612088
0.0607707
0.0603873
0.0599028
0.0592177
0.0583251
0.0572879
0.0562055
0.0551617
0.0542014
0.0533222
0.0524969
0.0516884
0.0508736
0.0500522
0.0492467
0.0484886
0.0478139
0.0472431
0.0467849
0.0464351
0.0461786
0.0459966
0.0458669
0.0457729
0.0456967
0.0456306
0.0455697
0.0455153
0.0454724
0.0454449
0.0454434
0.0454767
0.0455523
0.0456786
0.0458601
0.046101
0.0463994
0.0467538
0.0471595
0.0476124
0.0481037
0.0486285
0.0491789
0.0497514
0.0503419
0.0509447
0.0515512
0.0521477
0.0527124
0.0532136
0.0536121
0.0538635
0.0539319
0.0537905
0.0534406
0.0529104
0.0522439
0.0514988
0.0507295
0.0499761
0.0492633
0.0486026
0.0479941
0.0474348
0.0469232
0.0464617
0.0460611
0.045736
0.045506
0.0453877
0.0453954
0.0455381
0.045815
0.0462189
0.0467322
0.0473252
0.0479652
0.0486129
0.0492278
0.0497737
0.0502194
0.0505416
0.0507271
0.0507688
0.0506685
0.0504362
0.0500863
0.0496408
0.049127
0.0485758
0.0480178
0.0474873
0.0470176
0.0466432
0.0463958
0.0463098
0.0464217
0.0467656
0.0473744
0.0482619
0.0494066
0.050727
0.0520562
0.0531468
0.053725
0.0535935
0.0527249
0.0512793
0.0495215
0.0477179
0.0460639
0.0446636
0.0435578
0.0427418
0.0421953
0.0418901
0.0418009
0.0419056
0.0421849
0.042621
0.0432002
0.0439086
0.0447343
0.0456671
0.0466948
0.0478046
0.0489769
0.050182
0.051374
0.0524931
0.0534696
0.0542434
0.0547783
0.0550809
0.0552099
0.0552657
0.0553729
0.0556438
0.056142
0.0568349
0.0575576
0.0580229
0.0579139
0.0570421
0.0554582
0.0534331
0.0513158
0.0493973
0.0478451
0.0467113
0.0459747
0.0455726
0.0454262
0.0454534
0.0455766
0.0457301
0.0458613
0.0459368
0.0459464
0.0458989
0.0458226
0.0457535
0.0457355
0.0458109
0.0460158
0.04638
0.046928
0.0476759
0.0486353
0.0498148
0.0512175
0.0528391
0.0546609
0.0566361
0.0586712
0.0606181
0.0622796
0.0634575
0.0640149
0.0639344
0.0633294
0.0623893
0.0613091
0.0602399
0.0592715
0.058444
0.0577642
0.0572235
0.0568093
0.0565125
0.0563316
0.0562685
0.0563323
0.0565342
0.0568865
0.057395
0.0580515
0.0588311
0.0596789
0.0605106
0.0612224
0.0617068
0.0618729
0.0616748
0.0611162
0.0602513
0.0591605
0.0579309
0.0566427
0.0553588
0.0541282
0.0529861
0.0519537
0.0510429
0.050259
0.0495996
0.0490589
0.0486267
0.0482921
0.0480404
0.0478585
0.0477331
0.0476515
0.0476047
0.0475829
0.0475809
0.0475959
0.0476258
0.047673
0.0477408
0.047836
0.0479668
0.048144
0.0483844
0.0487065
0.049139
0.0497181
0.0504879
0.0514958
0.0527761
0.0543238
0.0560546
0.057769
0.0591553
0.0598812
0.0597468
0.0588132
0.0573846
0.0558663
0.0546161
0.0538778
0.0537758
0.0543416
0.0555326
0.0572135
0.0591431
0.0609743
0.0623208
0.0628941
0.0626238
0.0616742
0.0603398
0.0589009
0.057551
0.0563765
0.055383
0.0545312
0.0537668
0.0530421
0.052324
0.0516029
0.0508849
0.0501908
0.0495411
0.0489481
0.0484129
0.0479235
0.0474596
0.0470037
0.0465476
0.0460972
0.045667
0.0452871
0.0449875
0.0447915
0.0447175
0.0447636
0.0449148
0.0451362
0.0453816
0.0455993
0.0457408
0.0457695
0.0456687
0.0454406
0.045106
0.0446933
0.0442312
0.0437491
0.0432656
0.0428001
0.0423668
0.0419796
0.0416528
0.0414019
0.0412402
0.0411843
0.0412458
0.0414362
0.0417643
0.0422358
0.0428528
0.0436137
0.0445133
0.0455441
0.0466938
0.0479509
0.0493077
0.0507612
0.0523143
0.0539753
0.0557429
0.0575931
0.0594587
0.0612276
0.0627593
0.0639434
0.0647504
0.0652491
0.0655732
0.0658515
0.0661499
0.0664456
0.0666505
0.0666577
0.066386
0.0658325
0.065079
0.0642658
0.0635561
0.0630955
0.0629851
0.0632695
0.0639405
0.0649429
0.0661778
0.0675381
0.0689328
0.0703113
0.0716841
0.0731075
0.0746552
0.0763797
0.0782908
0.0803345
0.0823969
0.0843246
0.0859542
0.0871591
0.0878808
0.0881404
0.0879914
0.0874412
0.0863897
0.0846686
0.0821529
0.0788873
0.0751107
0.0711653
0.067372
0.0639519
0.0610069
0.05855
0.0565345
0.0548813
0.0535022
0.0523112
0.0512359
0.0502206
0.0492278
0.0482393
0.0472526
0.046279
0.0453349
0.0444404
0.0436141
0.0428728
0.0422288
0.0416909
0.041261
0.0409412
0.0407292
0.0406223
0.0406148
0.0407001
0.0408668
0.0411038
0.0413961
0.0417288
0.0420812
0.0424339
0.0427696
0.0430685
0.0433183
0.0435114
0.0436484
0.043739
0.0437993
0.0438591
0.0439583
0.0441512
0.0445109
0.0451362
0.0461517
0.0477056
0.0499347
0.052878
0.0563116
0.0595886
0.0617156
0.0618679
0.0600127
0.056932
0.053612
0.0507098
0.0484631
0.0468484
0.0457427
0.0450213
0.0445867
0.0443765
0.0443549
0.044511
0.0448458
0.0453714
0.0461022
0.0470473
0.0482044
0.0495459
0.0510115
0.0525037
0.05389
0.0550323
0.0558132
0.0561763
0.0561426
0.055807
0.0553176
0.0548363
0.0545174
0.0544847
0.0548236
0.0555811
0.0567672
0.0583473
0.0602431
0.0623323
0.06445
0.0664086
0.0680176
0.0691258
0.0696487
0.0695872
0.0690177
0.0680569
0.0668147
0.0653602
0.0637322
0.0619596
0.0600929
0.058206
0.0563746
0.0546515
0.0530606
0.0515932
0.0502241
0.0489249
0.0476765
0.0464717
0.0453181
0.0442333
0.0432372
0.0423557
0.041609
0.0410157
0.0405913
0.040345
0.040289
0.0404313
0.0407845
0.0413629
0.0421858
0.0432733
0.0446502
0.0463402
0.0483596
0.0506973
0.0532946
0.0560145
0.0586239
0.0608203
0.062326
0.0630163
0.0629921
0.0625346
0.061988
0.0616367
0.0616498
0.0620868
0.0629204
0.0640611
0.0653824
0.0667408
0.0679935
0.069022
0.0697473
0.0701452
0.0702712
0.0702465
0.0702339
0.0703758
0.0707406
0.0712857
0.0718682
0.0722981
0.0724132
0.0721472
0.0715324
0.0706658
0.0696447
0.0685249
0.0673127
0.0659798
0.0644952
0.062851
0.061074
0.0592168
0.0573483
0.0555377
0.05384
0.052297
0.0509338
0.0497596
0.0487751
0.0479748
0.0473451
0.0468734
0.0465455
0.046347
0.0462672
0.0462929
0.0464144
0.0466229
0.0469108
0.0472684
0.0476884
0.04816
0.0486734
0.0492161
0.0497756
0.050341
0.0508999
0.0514444
0.0519648
0.0524539
0.0529013
0.0532948
0.0536168
0.0538434
0.0539499
0.0539134
0.0537164
0.0533586
0.0528515
0.0522223
0.0515106
0.0507613
0.0500214
0.0493356
0.0487406
0.0482666
0.0479345
0.0477613
0.0477611
0.0479436
0.0483163
0.0488856
0.0496505
0.0505999
0.0517045
0.0529113
0.054137
0.055268
0.0561635
0.0566836
0.0567255
0.0562589
0.055344
0.0541098
0.052714
0.0512978
0.0499635
0.0487708
0.0477426
0.0468747
0.046152
0.0455474
0.0450343
0.0445862
0.0441766
0.043787
0.0433997
0.0430054
0.0425999
0.0421804
0.0417533
0.0413226
0.0408967
0.0404887
0.0401079
0.0397657
0.0394756
0.0392498
0.0390999
0.0390368
0.0390723
0.0392134
0.0394645
0.0398257
0.0402943
0.0408621
0.0415139
0.0422277
0.042983
0.043756
0.0445279
0.0452883
0.0460327
0.0467664
0.0475035
0.0482611
0.0490572
0.0499113
0.0508377
0.0518484
0.0529484
0.0541374
0.0554057
0.056741
0.0581222
0.0595271
0.0609265
0.0622767
0.0635192
0.0645786
0.0653721
0.0658234
0.0658822
0.0655415
0.064845
0.0638774
0.0627571
0.0616146
0.060578
0.0597506
0.0591875
0.0588744
0.0587209
0.0585833
0.0583096
0.0577949
0.0570063
0.0559767
0.0547669
0.0534319
0.0520036
0.0505042
0.0489523
