1.76816
1.76816
1.76816
1.76816
1.76816
1.76816
1.76816
1.76816
1.76816
1.76816
1.76816
1.76815
1.76815
1.76813
1.76812
1.7681
1.76808
1.76807
1.76804
1.76801
1.76799
1.76797
1.76794
1.76792
1.76789
1.76786
1.76785
1.76782
1.76779
1.76776
1.76775
1.76773
1.7677
1.76767
1.76765
1.76764
1.76763
1.76759
1.76757
1.76756
1.76756
1.76755
1.76754
1.76753
1.76752
1.76751
1.76751
1.76748
1.76748
1.76747
1.75772
1.75771
1.7577
1.75771
1.7577
1.75769
1.75769
1.75768
1.75768
1.75767
1.75767
1.75766
1.75765
1.75764
1.75763
1.75763
1.75761
1.75761
1.75761
1.7576
1.75758
1.75757
1.75756
1.75755
1.75753
1.75751
1.75751
1.7575
1.75749
1.75749
1.75747
1.75747
1.75746
1.75745
1.75744
1.75742
1.75743
1.75743
1.75745
1.75748
1.75752
1.75759
1.75766
1.75774
1.75781
1.75786
1.75783
1.75773
1.75753
1.75728
1.70956
1.70937
1.70927
1.70927
1.70933
1.70944
1.70958
1.70973
1.70989
1.71005
1.71021
1.71039
1.71054
1.71066
1.71072
1.71068
1.71055
1.71035
1.71011
1.70987
1.70963
1.70939
1.70919
1.70905
1.709
1.70904
1.70917
1.70934
1.70954
1.70971
1.70985
1.70996
1.71001
1.71005
1.7101
1.71015
1.71023
1.71032
1.71039
1.71042
1.71041
1.71034
1.71024
1.71013
1.71003
1.70996
1.70989
1.70983
1.70976
1.7097
1.58664
1.58655
1.58646
1.58638
1.5863
1.58625
1.58622
1.58623
1.58627
1.58633
1.58642
1.58653
1.58664
1.58677
1.58688
1.58698
1.58708
1.58717
1.58724
1.58731
1.58737
1.58744
1.58755
1.5877
1.58789
1.58811
1.58832
1.58848
1.58852
1.58836
1.58795
1.58724
1.58641
1.58571
1.58534
1.58535
1.58559
1.5859
1.5862
1.58643
1.58659
1.58672
1.5868
1.58685
1.58687
1.58688
1.5869
1.5869
1.58689
1.58687
1.47153
1.47154
1.47155
1.47158
1.47163
1.47171
1.4718
1.47191
1.47202
1.47212
1.47219
1.47222
1.47218
1.47207
1.4719
1.4717
1.47152
1.47138
1.4713
1.47129
1.47132
1.47139
1.47147
1.47154
1.4716
1.47164
1.47164
1.47164
1.47163
1.47163
1.47164
1.47167
1.47171
1.47177
1.47185
1.47193
1.47202
1.47212
1.47219
1.47223
1.47223
1.4722
1.47215
1.47208
1.47204
1.47198
1.47197
1.47192
1.47185
1.47176
1.51718
1.51709
1.51703
1.51701
1.51703
1.51707
1.51713
1.5172
1.51723
1.51724
1.51724
1.51723
1.51721
1.51712
1.51694
1.5167
1.51645
1.51628
1.51624
1.5163
1.51643
1.51659
1.51676
1.51691
1.51703
1.51714
1.51723
1.51731
1.51739
1.51745
1.51751
1.51758
1.51764
1.51771
1.51776
1.51779
1.51779
1.51775
1.5177
1.51763
1.51757
1.51752
1.5175
1.51747
1.51741
1.5173
1.51715
1.51699
1.51686
1.51679
1.49508
1.49516
1.49527
1.49538
1.49549
1.49559
1.49568
1.49577
1.49587
1.49596
1.49602
1.496
1.49587
1.49562
1.49529
1.49497
1.49474
1.49465
1.49468
1.4948
1.49494
1.49508
1.4952
1.49529
1.49538
1.49544
1.49549
1.49554
1.49558
1.49563
1.49569
1.49575
1.49583
1.49591
1.49598
1.49605
1.49608
1.49605
1.49595
1.49579
1.49558
1.49537
1.49517
1.49504
1.49498
1.49499
1.49504
1.49511
1.49519
1.49526
1.49234
1.49233
1.4923
1.49225
1.4922
1.49216
1.49215
1.49216
1.4922
1.49225
1.49232
1.49238
1.49244
1.49249
1.49253
1.49255
1.49255
1.49253
1.49249
1.49244
1.49238
1.49233
1.49229
1.49226
1.49226
1.49227
1.49229
1.49233
1.4924
1.49248
1.49258
1.4927
1.49285
1.493
1.49314
1.49324
1.4933
1.49326
1.49311
1.49287
1.49256
1.49227
1.49205
1.49192
1.49188
1.49191
1.49195
1.492
1.49202
1.49203
1.49202
1.49203
1.49202
1.49201
1.492
1.49199
1.492
1.49203
1.49206
1.4921
1.49216
1.49223
1.49232
1.49242
1.49253
1.49263
1.49272
1.4928
1.49284
1.49283
1.49276
1.49264
1.49246
1.49228
1.49211
1.49198
1.49194
1.49196
1.49203
1.49213
1.49227
1.49241
1.49253
1.49262
1.49267
1.49266
1.49259
1.49248
1.49238
1.49228
1.49221
1.49218
1.49216
1.49216
1.49216
1.49217
1.49218
1.49221
1.49223
1.49228
1.49234
1.4924
1.49247
1.49254
1.49259
1.49264
1.49266
1.49267
1.49266
1.49264
1.49263
1.49262
1.49264
1.49266
1.4927
1.49274
1.49278
1.49279
1.49277
1.49272
1.49263
1.49253
1.49242
1.49232
1.49224
1.49218
1.49214
1.49212
1.49212
1.49214
1.49216
1.49219
1.49222
1.49225
1.49228
1.49231
1.49235
1.49239
1.49243
1.49246
1.49248
1.49248
1.49247
1.49244
1.49242
1.4924
1.4924
1.4924
1.49241
1.49242
1.49244
1.49246
1.49249
1.49251
1.49252
1.49254
1.49255
1.49257
1.49258
1.49259
1.49261
1.4926
1.49259
1.49257
1.49255
1.49251
1.49247
1.49245
1.49242
1.49242
1.4924
1.49239
1.49239
1.49238
1.49239
1.49239
1.49241
1.49245
1.4925
1.49258
1.49269
1.49281
1.4929
1.49297
1.493
1.49296
1.49287
1.49273
1.49256
1.49237
1.49214
1.4919
1.49169
1.49157
1.49154
1.49161
1.49177
1.49199
1.49221
1.49242
1.4926
1.49273
1.49281
1.49284
1.49284
1.49282
1.4928
1.49282
1.49289
1.49302
1.49315
1.49326
1.49327
1.49313
1.49284
1.49246
1.49209
1.49181
1.49168
1.49165
1.4917
1.49178
1.49188
1.49196
1.49204
1.49212
1.49223
1.49234
1.49249
1.49265
1.49279
1.49288
1.49292
1.49289
1.49282
1.49271
1.49257
1.49241
1.49226
1.49214
1.49207
1.49205
1.49206
1.4921
1.49213
1.49215
1.49217
1.49217
1.49216
1.49216
1.49216
1.49215
1.49214
1.49214
1.49217
1.49221
1.49228
1.49239
1.49253
1.49269
1.49287
1.49303
1.49316
1.49323
1.49319
1.49304
1.49278
1.4925
1.49224
1.49209
1.49206
1.49212
1.49225
1.49238
1.49246
1.49248
1.4924
1.49225
1.49207
1.49189
1.49177
1.49174
1.49178
1.4919
1.49206
1.49226
1.49247
1.49268
1.49288
1.49305
1.49317
1.49326
1.49331
1.4933
1.49323
1.49312
1.49297
1.49282
1.49268
1.49256
1.49248
1.49246
1.49251
1.49261
1.49272
1.49282
1.49287
1.49284
1.49275
1.49258
1.49241
1.49226
1.49216
1.49209
1.49204
1.49202
1.49204
1.4921
1.49221
1.49237
1.49253
1.49267
1.49274
1.49273
1.49265
1.49252
1.49243
1.49238
1.49238
1.4924
1.49245
1.49248
1.4925
1.4925
1.49248
1.49246
1.49246
1.49247
1.49251
1.49255
1.49259
1.49262
1.49264
1.49266
1.49266
1.49267
1.49266
1.49265
1.49263
1.49262
1.49262
1.49261
1.49261
1.49262
1.49263
1.49264
1.49266
1.49269
1.49271
1.49273
1.49274
1.49276
1.49277
1.49278
1.49278
1.49279
1.4928
1.49281
1.49282
1.49283
1.49282
1.4928
1.49276
1.49269
1.49262
1.49253
1.49244
1.49239
1.49234
1.49232
1.49233
1.49235
1.49236
1.49238
1.4924
1.49242
1.49244
1.49245
1.49248
1.4925
1.49253
1.49258
1.49263
1.49268
1.49272
1.49277
1.49282
1.49284
1.49285
1.49285
1.49282
1.49278
1.49273
1.49267
1.49261
1.49254
1.49247
1.49242
1.49237
1.49234
1.49231
1.49231
1.49231
1.49232
1.49235
1.4924
1.49246
1.49253
1.49263
1.49273
1.49286
1.49301
1.49314
1.49321
1.49319
1.49303
1.49273
1.49237
1.49203
1.4918
1.49172
1.49176
1.49188
1.49201
1.49215
1.49226
1.49236
1.49245
1.49251
1.49258
1.49264
1.49268
1.49273
1.49277
1.4928
1.49284
1.49287
1.4929
1.49291
1.49292
1.49291
1.49286
1.49278
1.49267
1.49257
1.49247
1.49242
1.49242
1.49249
1.49262
1.49276
1.49286
1.49286
1.49269
1.49237
1.492
1.4917
1.49157
1.4916
1.49174
1.49194
1.49213
1.4923
1.49243
1.49252
1.49256
1.49256
1.49255
1.49251
1.49246
1.49241
1.49236
1.49234
1.49233
1.49234
1.49238
1.49243
1.49249
1.49257
1.49265
1.49273
1.49283
1.49293
1.49304
1.49313
1.49321
1.49324
1.49318
1.49301
1.49276
1.49248
1.49221
1.49202
1.49194
1.49194
1.492
1.49209
1.49218
1.49227
1.49234
1.4924
1.49246
1.49251
1.49257
1.49264
1.4927
1.49277
1.49286
1.49293
1.493
1.49306
1.49306
1.49299
1.49288
1.49273
1.49257
1.49241
1.49229
1.49222
1.49219
1.4922
1.49223
1.49226
1.49231
1.49236
1.49242
1.49247
1.49252
1.49256
1.49259
1.49262
1.49264
1.49266
1.49266
1.49266
1.49266
1.49265
1.49265
1.49264
1.49264
1.49263
1.49263
1.49263
1.49263
1.49263
1.49266
1.49268
1.49273
1.49279
1.49287
1.49299
1.49313
1.49326
1.49332
1.49327
1.49304
1.49266
1.49222
1.49187
1.49171
1.49176
1.49196
1.49225
1.49259
1.49291
1.49321
1.49341
1.49348
1.49338
1.49309
1.49269
1.49231
1.49206
1.49198
1.49201
1.49211
1.49223
1.49233
1.4924
1.49243
1.49244
1.49244
1.49244
1.49244
1.49245
1.49246
1.49248
1.4925
1.49252
1.49251
1.4925
1.49248
1.49248
1.49248
1.4925
1.49253
1.49256
1.49261
1.49265
1.49269
1.49272
1.49272
1.49269
1.49264
1.49257
1.49251
1.49243
1.49238
1.49234
1.4923
1.49229
1.49228
1.49228
1.49228
1.49228
1.49229
1.49231
1.49232
1.49234
1.49237
1.4924
1.49243
1.49247
1.49252
1.49255
1.49259
1.49263
1.49266
1.49269
1.49272
1.49275
1.49279
1.49284
1.49289
1.49293
1.49292
1.49287
1.49274
1.49256
1.49241
1.4923
1.49228
1.49231
1.49236
1.49237
1.49231
1.49221
1.49206
1.49192
1.49185
1.49184
1.49192
1.49206
1.49225
1.49243
1.49259
1.49274
1.49282
1.49284
1.49285
1.49283
1.49284
1.4929
1.493
1.49312
1.49325
1.49335
1.49338
1.49333
1.49321
1.49306
1.4929
1.49278
1.49269
1.49259
1.4924
1.49212
1.49179
1.49152
1.49138
1.49141
1.49157
1.49181
1.49206
1.49228
1.49247
1.49261
1.49271
1.49275
1.49276
1.49275
1.49273
1.4927
1.49267
1.49266
1.49265
1.49264
1.49264
1.49265
1.49267
1.49271
1.49273
1.49276
1.49278
1.4928
1.49281
1.49283
1.49284
1.49284
1.49284
1.49283
1.49281
1.49278
1.49276
1.49272
1.49268
1.49262
1.49257
1.49254
1.4925
1.49248
1.49249
1.49252
1.49258
1.49271
1.49291
1.49321
1.49357
1.49394
1.49412
1.49388
1.4931
1.49203
1.49114
1.49078
1.49087
1.49119
1.49154
1.49183
1.49203
1.49216
1.49225
1.49232
1.49236
1.49241
1.49246
1.49252
1.4926
1.49267
1.49275
1.49282
1.49285
1.49285
1.49276
1.49261
1.49241
1.4922
1.49203
1.4919
1.49187
1.49191
1.49201
1.49218
1.49237
1.49257
1.49278
1.49298
1.49312
1.49321
1.49321
1.49313
1.49296
1.49274
1.49249
1.49228
1.4921
1.49198
1.49191
1.49185
1.49181
1.49178
1.49176
1.49178
1.49183
1.49189
1.49196
1.49201
1.49203
1.49203
1.49202
1.49202
1.49202
1.49204
1.49205
1.49208
1.49211
1.49214
1.49219
1.49223
1.49229
1.49233
1.49239
1.49244
1.49253
1.49262
1.49273
1.49286
1.49301
1.49315
1.49326
1.49328
1.49318
1.49292
1.49253
1.49214
1.49185
1.49172
1.49177
1.49194
1.49216
1.49239
1.49258
1.49273
1.4928
1.49281
1.49275
1.49264
1.49251
1.49238
1.4923
1.4923
1.49238
1.49253
1.49269
1.4928
1.49282
1.49274
1.49259
1.49245
1.49234
1.49229
1.49227
1.49227
1.49226
1.49222
1.49216
1.4921
1.49206
1.49204
1.49205
1.49209
1.49214
1.4922
1.49228
1.49234
1.49241
1.49248
1.49253
1.49258
1.49262
1.49265
1.49268
1.4927
1.49272
1.49274
1.49276
1.49277
1.49278
1.49278
1.49279
1.4928
1.49279
1.49279
1.49277
1.49277
1.49276
1.49275
1.49273
1.4927
1.49268
1.49263
1.49258
1.49252
1.49244
1.49237
1.49231
1.49227
1.49224
1.49224
1.49224
1.49227
1.49231
1.49236
1.49242
1.49249
1.49256
1.49265
1.49273
1.49281
1.49289
1.49298
1.49305
1.4931
1.4931
1.49306
1.49294
1.49276
1.49254
1.49231
1.49213
1.49203
1.492
1.49203
1.49208
1.49215
1.49224
1.4923
1.49236
1.4924
1.49242
1.49243
1.49242
1.49241
1.49239
1.49237
1.49236
1.49233
1.49232
1.4923
1.49228
1.49228
1.49228
1.49227
1.49227
1.49228
1.4923
1.49231
1.49234
1.49238
1.49242
1.49244
1.49246
1.49248
1.4925
1.4925
1.4925
1.49248
1.49246
1.49244
1.49243
1.49241
1.49241
1.49242
1.49243
1.49246
1.49249
1.49254
1.49258
1.49263
1.49267
1.49272
1.49274
1.49277
1.49279
1.49279
1.49276
1.49268
1.49257
1.49243
1.49227
1.49211
1.49199
1.49191
1.4919
1.49195
1.49204
1.49218
1.49232
1.49244
1.49251
1.49249
1.4924
1.49227
1.49214
1.49203
1.49196
1.49192
1.49188
1.49186
1.49184
