-0.0318402
-0.0318491
-0.031864
-0.0318849
-0.0319117
-0.0319445
-0.0319834
-0.0320284
-0.0320795
-0.0321368
-0.0322003
-0.0322725
-0.0323512
-0.0324508
-0.0325526
-0.0326708
-0.032794
-0.03291
-0.0330595
-0.0332144
-0.0333675
-0.0335308
-0.0337068
-0.0338887
-0.0340813
-0.0342873
-0.0344855
-0.0346997
-0.0349349
-0.0351702
-0.0354032
-0.0356581
-0.0359256
-0.0362013
-0.0364855
-0.0367691
-0.037069
-0.0373998
-0.0377336
-0.0380613
-0.0383953
-0.038755
-0.0391242
-0.0395202
-0.039922
-0.0403376
-0.04077
-0.0412342
-0.0417047
-0.0421943
-0.0427517
-0.04329
-0.0438384
-0.0444026
-0.0450003
-0.0456207
-0.0462676
-0.0469448
-0.0476465
-0.0483814
-0.0491442
-0.0499486
-0.050794
-0.0516708
-0.0525952
-0.0535531
-0.0545635
-0.0556127
-0.0567152
-0.0578741
-0.0590973
-0.0603763
-0.0617193
-0.0631322
-0.0646162
-0.0661794
-0.0678014
-0.0695157
-0.0713078
-0.0731809
-0.0751416
-0.0771771
-0.0792902
-0.081469
-0.0836927
-0.0859331
-0.0881376
-0.0902655
-0.0922244
-0.0939121
-0.0952169
-0.0959723
-0.0960448
-0.0953171
-0.0937814
-0.0916171
-0.0893103
-0.087618
-0.0874728
-0.0896541
-0.0949312
-0.102123
-0.110755
-0.119841
-0.128542
-0.136284
-0.142756
-0.147795
-0.151311
-0.153237
-0.153474
-0.151962
-0.148771
-0.144151
-0.138655
-0.133112
-0.128465
-0.125542
-0.124844
-0.126539
-0.130625
-0.137027
-0.145534
-0.155682
-0.166723
-0.177733
-0.1878
-0.19627
-0.202825
-0.207518
-0.210651
-0.212655
-0.213972
-0.214872
-0.2154
-0.215429
-0.214729
-0.21314
-0.210736
-0.207803
-0.204797
-0.202254
-0.200564
-0.199894
-0.200225
-0.201405
-0.203297
-0.205802
-0.208921
-0.212675
-0.217408
-0.222635
-0.228769
-0.235759
-0.24353
-0.251885
-0.260599
-0.269376
-0.277926
-0.285954
-0.293197
-0.299453
-0.304602
-0.30857
-0.311364
-0.313029
-0.313633
-0.313313
-0.312187
-0.310376
-0.307914
-0.304718
-0.300547
-0.295046
-0.287794
-0.278456
-0.266947
-0.253602
-0.239272
-0.225511
-0.214658
-0.209609
-0.212554
-0.223388
-0.239421
-0.256878
-0.272806
-0.285807
-0.295717
-0.303038
-0.30841
-0.312399
-0.315469
-0.317918
-0.319956
-0.321723
-0.32333
-0.324906
-0.32651
-0.328205
-0.330051
-0.33177
-0.333426
-0.334841
-0.335821
-0.336143
-0.335593
-0.33401
-0.331311
-0.327531
-0.322896
-0.317795
-0.312845
-0.308712
-0.306013
-0.305153
-0.306181
-0.308832
-0.312553
-0.316716
-0.320753
-0.32423
-0.326942
-0.328865
-0.330134
-0.33097
-0.331624
-0.332245
-0.332946
-0.333712
-0.334433
-0.334943
-0.335079
-0.334663
-0.333548
-0.331621
-0.328815
-0.325118
-0.320656
-0.315647
-0.310423
-0.305366
-0.3008
-0.29689
-0.29356
-0.290672
-0.288031
-0.285709
-0.283865
-0.282802
-0.282664
-0.283582
-0.285305
-0.287456
-0.289588
-0.291334
-0.292478
-0.29303
-0.29316
-0.293071
-0.292873
-0.292641
-0.292545
-0.293054
-0.294941
-0.298993
-0.305555
-0.314196
-0.323885
-0.333434
-0.341915
-0.348832
-0.354057
-0.357717
-0.360045
-0.361242
-0.361522
-0.361005
-0.359786
-0.357885
-0.355316
-0.352031
-0.348041
-0.343366
-0.338126
-0.3325
-0.326733
-0.32115
-0.316007
-0.311513
-0.307678
-0.304393
-0.301467
-0.298832
-0.296639
-0.295302
-0.295301
-0.296945
-0.300112
-0.304266
-0.309008
-0.312806
-0.315675
-0.317443
-0.318095
-0.317711
-0.316343
-0.314012
-0.31069
-0.306404
-0.301329
-0.296023
-0.291413
-0.288705
-0.28892
-0.292411
-0.298603
-0.306297
-0.31418
-0.321272
-0.327054
-0.331388
-0.334386
-0.336256
-0.337188
-0.337411
-0.337054
-0.336194
-0.33487
-0.333069
-0.330732
-0.327769
-0.32408
-0.319606
-0.314326
-0.308338
-0.301902
-0.295488
-0.289715
-0.285242
-0.282659
-0.282254
-0.283935
-0.287229
-0.291462
-0.295913
-0.300006
-0.303361
-0.305839
-0.307506
-0.308691
-0.309565
-0.310588
-0.312008
-0.313931
-0.316281
-0.318862
-0.321443
-0.323729
-0.325552
-0.326765
-0.327344
-0.327293
-0.326702
-0.325696
-0.324443
-0.323159
-0.322049
-0.321285
-0.321014
-0.321302
-0.322133
-0.323411
-0.325004
-0.326723
-0.328412
-0.329879
-0.330961
-0.331474
-0.331254
-0.33011
-0.327817
-0.324182
-0.319071
-0.312456
-0.304511
-0.295696
-0.286829
-0.278954
-0.273137
-0.270176
-0.270267
-0.273002
-0.277511
-0.282821
-0.288116
-0.292985
-0.297346
-0.301354
-0.305197
-0.309049
-0.312995
-0.317087
-0.321299
-0.325593
-0.329923
-0.334199
-0.338301
-0.342124
-0.345524
-0.348339
-0.350441
-0.351709
-0.352051
-0.351377
-0.349688
-0.347009
-0.343483
-0.339408
-0.335197
-0.331411
-0.328654
-0.327454
-0.328085
-0.330491
-0.334304
-0.338901
-0.343643
-0.347909
-0.351231
-0.353296
-0.353996
-0.353391
-0.351741
-0.349465
-0.34709
-0.34518
-0.344138
-0.344136
-0.345142
-0.346913
-0.349154
-0.351624
-0.354169
-0.356713
-0.359212
-0.361634
-0.363888
-0.365892
-0.367497
-0.368582
-0.369053
-0.36886
-0.368025
-0.366617
-0.364774
-0.362671
-0.36046
-0.358282
-0.356224
-0.354278
-0.352382
-0.350421
-0.348262
-0.345782
-0.34294
-0.33976
-0.336377
-0.333046
-0.330065
-0.327758
-0.326383
-0.32609
-0.326866
-0.328586
-0.331001
-0.333864
-0.33693
-0.340014
-0.342997
-0.345792
-0.348361
-0.350666
-0.352678
-0.354366
-0.355689
-0.356629
-0.357178
-0.357366
-0.357259
-0.356969
-0.356631
-0.356353
-0.35625
-0.356348
-0.356666
-0.357122
-0.357636
-0.358097
-0.358423
-0.358537
-0.358423
-0.358083
-0.35755
-0.356863
-0.356045
-0.355108
-0.354049
-0.352853
-0.351526
-0.350065
-0.348537
-0.347012
-0.345585
-0.344383
-0.343481
-0.342933
-0.342707
-0.34278
-0.343041
-0.343456
-0.343958
-0.344516
-0.345127
-0.345761
-0.346382
-0.346881
-0.347114
-0.34688
-0.345913
-0.343995
-0.340985
-0.336898
-0.331932
-0.326533
-0.321298
-0.316804
-0.313518
-0.311792
-0.311914
-0.314192
-0.318809
-0.325657
-0.334174
-0.343433
-0.352363
-0.360016
-0.365759
-0.369311
-0.370678
-0.370107
-0.368013
-0.36491
-0.361335
-0.357725
-0.354345
-0.351167
-0.347885
-0.344058
-0.339172
-0.33294
-0.32542
-0.317284
-0.309797
-0.304547
-0.302803
-0.304948
-0.310324
-0.31768
-0.325791
-0.333729
-0.340977
-0.347336
-0.352811
-0.357455
-0.36131
-0.364292
-0.366241
-0.366859
-0.365957
-0.363557
-0.360001
-0.355842
-0.351719
-0.348168
-0.345578
-0.344214
-0.344287
-0.345888
-0.348907
-0.352965
-0.357525
-0.362098
-0.366393
-0.37035
-0.374042
-0.377573
-0.381067
-0.384566
-0.388092
-0.391664
-0.395297
-0.398967
-0.4026
-0.406057
-0.409134
-0.411565
-0.413044
-0.413283
-0.412034
-0.409114
-0.404516
-0.398429
-0.391377
-0.384213
-0.378032
-0.373932
-0.37257
-0.373955
-0.37735
-0.381622
-0.385657
-0.388634
-0.39029
-0.390844
-0.390929
-0.391392
-0.393056
-0.396472
-0.401738
-0.408488
-0.416
-0.423468
-0.430114
-0.435328
-0.438714
-0.440083
-0.439366
-0.436675
-0.432215
-0.426287
-0.419284
-0.411663
-0.403961
-0.3967
-0.39035
-0.385292
-0.381715
-0.379659
-0.378978
-0.379285
-0.380051
-0.380664
-0.380535
-0.379303
-0.376918
-0.373744
-0.370479
-0.367927
-0.366814
-0.367432
-0.369735
-0.373363
-0.377895
-0.382973
-0.388302
-0.393623
-0.398557
-0.402618
-0.405318
-0.406379
-0.405864
-0.404289
-0.40243
-0.401103
-0.400834
-0.401646
-0.403225
-0.40505
-0.406698
-0.407948
-0.408844
-0.409545
-0.410269
-0.411156
-0.412223
-0.413363
-0.414428
-0.41523
-0.415677
-0.415731
-0.415412
-0.414798
-0.413978
-0.413062
-0.412119
-0.411248
-0.410472
-0.409812
-0.409252
-0.40876
-0.408328
-0.407891
-0.407403
-0.406832
-0.406124
-0.40526
-0.404205
-0.402973
-0.401559
-0.399979
-0.39823
-0.396352
-0.394344
-0.392237
-0.390019
-0.387684
-0.385237
-0.382693
-0.380089
-0.377505
-0.375077
-0.372974
-0.37141
-0.370547
-0.370539
-0.371384
-0.372945
-0.375035
-0.37738
-0.379731
-0.381926
-0.383879
-0.385562
-0.387012
-0.388275
-0.389385
-0.390362
-0.391165
-0.39174
-0.391994
-0.391852
-0.391242
-0.390114
-0.388464
-0.386306
-0.383704
-0.380793
-0.377701
-0.374594
-0.371652
-0.369026
-0.366847
-0.365216
-0.364179
-0.363768
-0.363973
-0.364744
-0.366026
-0.367726
-0.369729
-0.371905
-0.374135
-0.376274
-0.378182
-0.379706
-0.380718
-0.38106
-0.380547
-0.379006
-0.376228
-0.372098
-0.36666
-0.360245
-0.35363
-0.348028
-0.344826
-0.345047
-0.348857
-0.355442
-0.363475
-0.371631
-0.378977
-0.385084
-0.389817
-0.393283
-0.395634
-0.397055
-0.397693
-0.397664
-0.397066
-0.395982
-0.39446
-0.39255
-0.390283
-0.387673
-0.384746
-0.381519
-0.378042
-0.374412
-0.370812
-0.367498
-0.364793
-0.362972
-0.362208
-0.362467
-0.363447
-0.364633
-0.365368
-0.365058
-0.363332
-0.360302
-0.356769
-0.354201
-0.354274
-0.358015
-0.365227
-0.374555
-0.38425
-0.392879
-0.399668
-0.404442
-0.407376
-0.408837
-0.409246
-0.409022
-0.408551
-0.408143
-0.408055
-0.408448
-0.409363
-0.410761
-0.412496
-0.414404
-0.416267
-0.417885
-0.419093
-0.419751
-0.419731
-0.418951
-0.417334
-0.414804
-0.411301
-0.406787
-0.401278
-0.394915
-0.388081
-0.381438
-0.375928
-0.372515
-0.371884
-0.37413
-0.37867
-0.384546
-0.390794
-0.396693
-0.401851
-0.406128
-0.40955
-0.412212
-0.41422
-0.415645
-0.416508
-0.416813
-0.416515
-0.415552
-0.413839
-0.411318
-0.407997
-0.403947
-0.399401
-0.394751
-0.390478
-0.387092
-0.385043
-0.38455
-0.385605
-0.387933
-0.391147
-0.394843
-0.398656
-0.402328
-0.40566
-0.40852
-0.410851
-0.412633
-0.413869
-0.414603
-0.414878
-0.414766
-0.414323
-0.413633
-0.412763
-0.411778
-0.410743
-0.409693
-0.408682
-0.40773
-0.406848
-0.406051
-0.405327
-0.404663
-0.404026
-0.403382
-0.402683
-0.401842
-0.400781
-0.399349
-0.397356
-0.394558
-0.39067
-0.385461
-0.378871
-0.371241
-0.363512
-0.35725
-0.354174
-0.355369
-0.360564
-0.368215
-0.376266
-0.382934
-0.387017
-0.387926
-0.385517
-0.379951
-0.371846
-0.362326
-0.353076
-0.346035
-0.342662
-0.3433
-0.347076
-0.352452
-0.358024
-0.362835
-0.366507
-0.369085
-0.370835
-0.372082
-0.373103
-0.374096
-0.375126
-0.376189
-0.377184
-0.378021
-0.378648
-0.379068
-0.379355
-0.379636
-0.380008
-0.380524
-0.381156
-0.381856
-0.382461
-0.38282
-0.382826
-0.382358
-0.381424
-0.380074
-0.378476
-0.376845
-0.375427
-0.374454
-0.374105
-0.37446
-0.375514
-0.37716
-0.379267
-0.381714
-0.384364
-0.387165
-0.390035
-0.392937
-0.395826
-0.398658
-0.401373
-0.403935
-0.406264
-0.408321
-0.410055
-0.411424
-0.4124
-0.412966
-0.413122
-0.412877
-0.412246
-0.411271
-0.409986
-0.408392
-0.406471
-0.404167
-0.40138
-0.398062
-0.394261
-0.390262
-0.386576
-0.383907
-0.382802
-0.383401
-0.385338
-0.387903
-0.39042
-0.392545
-0.394423
-0.396538
-0.399474
-0.40372
-0.409349
-0.415987
-0.422972
-0.429515
-0.434909
-0.438672
-0.4406
-0.440732
-0.439317
-0.43685
-0.433837
-0.430696
-0.427655
-0.424606
-0.4212
-0.416989
-0.411638
-0.405003
-0.397272
-0.388935
-0.380677
-0.373242
-0.367178
-0.362705
-0.359625
-0.357579
-0.356473
-0.356845
-0.359633
-0.36562
-0.374731
-0.385875
-0.397421
-0.407853
-0.416177
-0.422028
-0.425456
-0.426791
-0.426507
-0.42509
-0.422999
-0.420608
-0.418195
-0.415949
-0.413962
-0.412249
-0.410746
-0.409385
-0.408067
-0.40671
-0.405235
-0.40359
-0.40173
-0.399665
-0.397379
-0.394887
-0.392194
-0.389319
-0.386279
-0.383128
-0.3799
-0.376655
-0.373441
-0.370356
-0.367479
-0.364873
-0.362641
-0.360834
-0.359495
-0.358621
-0.358171
-0.358089
-0.358242
-0.358452
-0.358473
-0.357954
-0.356393
-0.353138
-0.347354
-0.338205
-0.325275
-0.309474
-0.293974
-0.283905
-0.283671
-0.293536
-0.309411
-0.326149
-0.340441
-0.351242
-0.358876
-0.364139
-0.367763
-0.370305
-0.372101
-0.373346
-0.374079
-0.374287
-0.373878
-0.372745
-0.370802
-0.368
-0.364419
-0.360293
-0.356047
-0.352312
-0.349739
-0.348912
-0.35011
-0.353233
-0.357824
-0.363147
-0.368427
-0.372912
-0.376005
-0.377298
-0.376555
-0.373685
-0.368818
-0.362277
-0.354582
-0.346475
-0.338803
-0.332469
-0.328168
-0.326289
-0.326803
-0.32932
-0.333255
-0.338081
-0.343523
-0.349464
-0.355867
-0.362566
-0.369251
-0.375596
-0.381397
-0.386576
-0.391227
-0.395525
-0.399651
-0.403732
-0.407838
-0.411954
-0.41602
-0.419974
-0.423702
-0.427138
-0.43021
-0.432859
-0.435072
-0.436792
-0.438002
-0.438639
-0.438627
-0.437852
-0.436197
-0.4335
-0.429586
-0.42429
-0.41758
-0.409639
-0.401049
-0.392901
-0.386692
-0.383837
-0.38498
-0.389603
-0.396269
-0.4032
-0.408955
-0.412711
-0.414188
-0.413534
-0.411195
-0.407789
-0.404003
-0.400528
-0.397925
-0.396563
-0.396566
-0.397628
-0.399131
-0.400216
-0.400132
-0.398497
-0.395513
-0.391903
-0.38864
-0.386566
-0.386007
-0.386794
-0.388414
-0.390371
-0.392399
-0.394502
-0.396878
-0.399751
-0.403219
-0.407202
-0.411498
-0.415814
-0.419854
-0.423408
-0.426315
-0.428496
-0.429954
-0.430717
-0.430833
-0.430398
-0.429482
-0.428158
-0.4265
-0.424545
-0.422354
-0.419959
-0.417389
-0.414653
-0.411789
-0.408797
-0.405714
-0.402558
-0.399367
-0.396178
-0.393014
-0.389918
-0.386894
-0.383972
-0.381162
-0.378496
-0.376013
-0.373779
-0.371912
-0.370526
-0.369737
-0.369653
-0.370276
-0.371575
-0.373439
-0.375695
-0.378157
-0.380622
-0.382893
-0.384819
-0.386275
-0.387184
-0.387473
-0.387072
-0.385932
-0.384003
-0.381219
-0.377545
-0.372976
-0.367596
-0.361599
-0.35533
-0.349294
-0.344162
-0.340619
-0.339184
-0.340029
-0.342874
-0.347099
-0.351942
-0.356745
-0.361052
-0.364617
-0.367376
-0.369408
-0.370809
-0.37175
-0.372373
-0.372813
-0.373213
-0.373656
-0.374238
-0.375
-0.37596
-0.377148
-0.378519
-0.380074
-0.38178
-0.38357
-0.385416
-0.387279
-0.389097
-0.390821
-0.392407
-0.39381
-0.394969
-0.395855
-0.39645
-0.396754
-0.396767
-0.396514
-0.396057
-0.395502
-0.394924
-0.394431
-0.394102
-0.393966
-0.394036
-0.394273
-0.394588
-0.394878
-0.395041
-0.394958
-0.394543
-0.393709
-0.392409
-0.390611
-0.388339
-0.385608
-0.382492
-0.37905
-0.37537
-0.371628
-0.368073
-0.365045
-0.362931
-0.362104
-0.362826
-0.365153
-0.368884
-0.373636
-0.37885
-0.383923
-0.388255
-0.39136
-0.392982
-0.393211
-0.392523
-0.391667
-0.391437
-0.392367
-0.394622
-0.39802
-0.402239
-0.407003
-0.412186
-0.417709
-0.423544
