1.8
1.80001
1.80003
1.80005
1.80007
1.8001
1.80014
1.80019
1.80024
1.80029
1.80036
1.80043
1.8005
1.80058
1.80067
1.80077
1.80087
1.80098
1.8011
1.80123
1.80136
1.8015
1.80165
1.80181
1.80197
1.80215
1.80233
1.80252
1.80272
1.80293
1.80315
1.80338
1.80363
1.80388
1.80414
1.80441
1.8047
1.80499
1.8053
1.80562
1.80596
1.80631
1.80667
1.80705
1.80744
1.80785
1.80828
1.80872
1.80918
1.80966
1.80048
1.801
1.80154
1.80211
1.8027
1.80332
1.80396
1.80463
1.80533
1.80605
1.80682
1.80761
1.80844
1.80932
1.81023
1.81118
1.81218
1.81322
1.81432
1.81547
1.81668
1.81795
1.81928
1.82068
1.82215
1.82369
1.82531
1.82702
1.8288
1.83067
1.83262
1.83465
1.83675
1.83892
1.84113
1.84336
1.84556
1.84769
1.84967
1.85139
1.85274
1.85356
1.85371
1.85306
1.85159
1.84947
1.84714
1.84535
1.845
1.84693
1.8045
1.8115
1.82003
1.82911
1.83787
1.84573
1.85233
1.85752
1.8612
1.86328
1.86369
1.86235
1.85931
1.85481
1.84937
1.84379
1.83902
1.83589
1.83495
1.83641
1.84025
1.84642
1.85472
1.86473
1.87573
1.88678
1.89697
1.90561
1.91236
1.91723
1.92051
1.92261
1.92399
1.92492
1.9255
1.92558
1.92496
1.92346
1.92113
1.91822
1.91521
1.9126
1.9108
1.91002
1.91026
1.91136
1.91319
1.91564
1.91869
1.92238
1.80405
1.80918
1.81523
1.82214
1.82983
1.83814
1.84682
1.85561
1.8642
1.87229
1.87961
1.88598
1.89124
1.89534
1.89824
1.90001
1.90072
1.90048
1.89943
1.89768
1.89528
1.89216
1.8881
1.88275
1.87569
1.86657
1.85527
1.84208
1.82779
1.81388
1.80261
1.79685
1.79896
1.80909
1.82476
1.84223
1.85839
1.87171
1.88192
1.88947
1.895
1.89912
1.90227
1.90476
1.90683
1.90861
1.91023
1.9118
1.9134
1.91508
1.80158
1.80331
1.80498
1.80642
1.80746
1.80785
1.8074
1.80592
1.80333
1.79965
1.79508
1.79001
1.78502
1.78078
1.77791
1.77685
1.77771
1.78021
1.78386
1.78801
1.79208
1.79562
1.79841
1.80041
1.80174
1.80261
1.80326
1.80388
1.80458
1.80534
1.80607
1.80661
1.80679
1.80644
1.8054
1.80355
1.80084
1.79724
1.79285
1.78788
1.78266
1.77757
1.77295
1.76897
1.7656
1.76266
1.76
1.75762
1.75572
1.75457
1.79984
1.80067
1.80233
1.80446
1.80662
1.80841
1.80961
1.81022
1.81039
1.81031
1.81011
1.80987
1.80975
1.81017
1.81188
1.81569
1.822
1.83048
1.84012
1.84973
1.85835
1.86543
1.87082
1.87463
1.87707
1.87838
1.87875
1.87832
1.87717
1.87534
1.87282
1.86961
1.86568
1.86108
1.85589
1.85029
1.84452
1.8389
1.83371
1.82914
1.82525
1.82192
1.81897
1.8163
1.81405
1.8126
1.81245
1.81393
1.81697
1.82106
1.80409
1.80797
1.81095
1.81283
1.81359
1.8133
1.81202
1.80978
1.80656
1.80236
1.79735
1.79203
1.78729
1.78433
1.78421
1.78738
1.79334
1.80094
1.80886
1.81607
1.82199
1.82647
1.82959
1.83155
1.83257
1.83285
1.83254
1.83173
1.83045
1.8287
1.82642
1.82352
1.81991
1.81552
1.81031
1.80438
1.79798
1.79154
1.78566
1.78103
1.77824
1.77762
1.77911
1.78227
1.78644
1.7909
1.79505
1.79847
1.80103
1.80277
1.80103
1.8019
1.80289
1.80426
1.80613
1.80844
1.81102
1.8136
1.81593
1.81781
1.81909
1.81973
1.81974
1.81919
1.81822
1.817
1.81571
1.81457
1.81377
1.81345
1.81368
1.81446
1.8157
1.81727
1.81898
1.82068
1.82217
1.82329
1.82387
1.82374
1.82269
1.82052
1.81703
1.81207
1.80559
1.79775
1.789
1.78009
1.77206
1.766
1.76273
1.76253
1.76505
1.76944
1.7747
1.78002
1.78494
1.78935
1.79337
1.79722
1.80107
1.80502
1.8091
1.81331
1.81759
1.82192
1.8262
1.83033
1.83418
1.83762
1.8405
1.84268
1.84403
1.84447
1.8439
1.84231
1.83973
1.83628
1.83224
1.82802
1.82417
1.82129
1.81992
1.82036
1.8226
1.82629
1.83084
1.8356
1.83994
1.84336
1.84557
1.8464
1.84592
1.84436
1.84213
1.83975
1.83777
1.83662
1.83651
1.83742
1.83913
1.84133
1.84379
1.84633
1.84887
1.85138
1.85381
1.85609
1.85813
1.85978
1.86092
1.86146
1.86133
1.86056
1.85921
1.85741
1.85533
1.85313
1.85094
1.84887
1.8469
1.845
1.84306
1.84092
1.83849
1.83568
1.83254
1.82917
1.82582
1.82278
1.82039
1.81891
1.81851
1.81919
1.82082
1.82318
1.826
1.82905
1.83214
1.83513
1.83795
1.84055
1.84288
1.84493
1.84664
1.848
1.84898
1.84957
1.84979
1.84972
1.84945
1.84911
1.84882
1.84869
1.84877
1.84907
1.84952
1.85003
1.85051
1.85084
1.85098
1.85089
1.85057
1.85006
1.84939
1.84858
1.84766
1.84661
1.84544
1.84412
1.84267
1.84114
1.8396
1.83816
1.83693
1.836
1.83541
1.83516
1.8352
1.83546
1.83586
1.83635
1.83691
1.83751
1.83815
1.83877
1.83929
1.83956
1.83938
1.8385
1.83669
1.83379
1.8298
1.8249
1.81953
1.81426
1.80967
1.80625
1.80436
1.80428
1.80633
1.81071
1.81735
1.82574
1.83497
1.84398
1.85179
1.85774
1.86152
1.8631
1.86271
1.86075
1.85772
1.85418
1.85057
1.84716
1.84396
1.84071
1.83695
1.83219
1.82609
1.81868
1.81055
1.80293
1.79739
1.79527
1.79704
1.80214
1.80936
1.81745
1.82543
1.83276
1.83922
1.84478
1.8495
1.85343
1.85652
1.85858
1.85935
1.8586
1.85635
1.85288
1.84876
1.84461
1.84098
1.83828
1.83679
1.8367
1.83815
1.84105
1.84503
1.84957
1.85416
1.85849
1.86248
1.86619
1.86974
1.87324
1.87673
1.88025
1.88382
1.88744
1.89111
1.89474
1.89822
1.90134
1.90385
1.90544
1.90582
1.90473
1.90198
1.89754
1.89159
1.88461
1.87741
1.87108
1.86672
1.86507
1.8662
1.86944
1.87368
1.87777
1.88088
1.88267
1.88331
1.8834
1.88379
1.88531
1.88854
1.89363
1.90026
1.90774
1.91525
1.92201
1.92739
1.93098
1.93255
1.93205
1.92956
1.92526
1.91946
1.91254
1.90497
1.89726
1.88993
1.88347
1.87826
1.87454
1.87234
1.87153
1.87176
1.87251
1.87317
1.87314
1.87202
1.86974
1.86661
1.86332
1.86067
1.85939
1.85985
1.862
1.86552
1.86998
1.87501
1.88033
1.88566
1.89066
1.89483
1.89769
1.89891
1.89854
1.89703
1.89516
1.89375
1.89336
1.89408
1.8956
1.89742
1.8991
1.9004
1.90133
1.90205
1.90277
1.90364
1.90469
1.90583
1.9069
1.90774
1.90823
1.90832
1.90803
1.90744
1.90664
1.90572
1.90479
1.90391
1.90312
1.90244
1.90187
1.90138
1.90094
1.9005
1.90003
1.89946
1.89877
1.89792
1.8969
1.89569
1.89429
1.89272
1.89099
1.88912
1.88713
1.88502
1.88281
1.88048
1.87805
1.87552
1.87292
1.87033
1.86788
1.86573
1.8641
1.86317
1.86307
1.86383
1.86533
1.86737
1.8697
1.87206
1.87427
1.87624
1.87795
1.87941
1.88069
1.88182
1.88282
1.88364
1.88424
1.88453
1.88443
1.88387
1.88279
1.88119
1.87908
1.87652
1.87363
1.87055
1.86744
1.86447
1.86181
1.85958
1.85789
1.85679
1.85631
1.85645
1.85717
1.8584
1.86006
1.86204
1.86422
1.86645
1.8686
1.87053
1.8721
1.87318
1.87359
1.87317
1.87174
1.86909
1.86511
1.8598
1.85346
1.84682
1.84105
1.83756
1.83742
1.84088
1.84725
1.8552
1.86339
1.87085
1.87709
1.88196
1.88554
1.888
1.8895
1.89021
1.89024
1.8897
1.88867
1.88719
1.88532
1.88308
1.88051
1.87761
1.87441
1.87096
1.86734
1.86372
1.86036
1.85757
1.85565
1.85478
1.85494
1.85586
1.85705
1.85786
1.85768
1.85609
1.85316
1.84963
1.84689
1.84665
1.85002
1.85693
1.86612
1.87585
1.88462
1.89161
1.89658
1.89968
1.90127
1.90176
1.90158
1.90112
1.90069
1.90057
1.90091
1.90177
1.90312
1.90484
1.90673
1.90861
1.91027
1.91153
1.91224
1.9123
1.9116
1.91006
1.90763
1.90423
1.89982
1.89441
1.88813
1.88132
1.87462
1.86894
1.86528
1.86436
1.86634
1.87069
1.87648
1.88273
1.8887
1.89394
1.89831
1.90181
1.90455
1.90662
1.9081
1.90902
1.90939
1.90915
1.90825
1.90661
1.90417
1.90093
1.89695
1.89246
1.88781
1.88347
1.87997
1.87777
1.87712
1.87802
1.88022
1.88337
1.88703
1.89086
1.89455
1.89792
1.90083
1.90321
1.90505
1.90634
1.90712
1.90744
1.90736
1.90695
1.90628
1.90542
1.90444
1.9034
1.90235
1.90133
1.90038
1.89949
1.89869
1.89796
1.89729
1.89665
1.89601
1.89532
1.8945
1.89346
1.89207
1.89014
1.88743
1.88366
1.87859
1.87213
1.86457
1.85679
1.85029
1.84684
1.84759
1.85243
1.85992
1.86803
1.87489
1.87927
1.88052
1.87843
1.87316
1.86526
1.85581
1.84646
1.83912
1.83535
1.83561
1.83913
1.84443
1.85004
1.85495
1.85874
1.86142
1.86324
1.86452
1.86555
1.86653
1.86757
1.86863
1.86963
1.87048
1.87113
1.87157
1.87187
1.87215
1.8725
1.873
1.87364
1.87433
1.87496
1.87535
1.87539
1.87497
1.87407
1.87277
1.87119
1.86956
1.86811
1.86709
1.86668
1.86697
1.86795
1.86954
1.8716
1.87402
1.87666
1.87944
1.88231
1.88521
1.88811
1.89095
1.89368
1.89625
1.89861
1.90069
1.90245
1.90386
1.90487
1.90548
1.90568
1.90547
1.90487
1.90393
1.90267
1.90111
1.89922
1.89696
1.89422
1.89095
1.88719
1.88318
1.87944
1.87664
1.87537
1.87581
1.87764
1.88018
1.88273
1.88491
1.88679
1.88885
1.89168
1.89578
1.90127
1.90783
1.91482
1.92144
1.92697
1.93092
1.93303
1.93333
1.93206
1.92967
1.92668
1.92354
1.92049
1.91745
1.9141
1.90999
1.90476
1.89825
1.89062
1.88232
1.87401
1.86645
1.86024
1.85561
1.8524
1.85026
1.84906
1.84924
1.85175
1.85741
1.86625
1.87726
1.88883
1.89942
1.90799
1.91408
1.91774
1.91926
1.91912
1.9178
1.91575
1.91337
1.91094
1.90868
1.90667
1.90492
1.9034
1.90203
1.90071
1.89935
1.89789
1.89626
1.89444
1.8924
1.89014
1.88767
1.88499
1.88213
1.87911
1.87597
1.87274
1.86949
1.86627
1.86317
1.86026
1.85763
1.85536
1.85351
1.85212
1.85119
1.85071
1.85059
1.85072
1.85094
1.85099
1.85054
1.84911
1.84605
1.84056
1.83177
1.81921
1.8036
1.78786
1.777
1.7757
1.78468
1.80019
1.81702
1.83163
1.84278
1.85071
1.85617
1.85993
1.86255
1.86442
1.86571
1.86649
1.86675
1.8664
1.86534
1.86347
1.86075
1.85724
1.85315
1.84889
1.84507
1.84235
1.84132
1.84231
1.84526
1.84973
1.85502
1.86033
1.86492
1.86818
1.86967
1.86912
1.86647
1.86179
1.8554
1.84779
1.83968
1.83193
1.82543
1.8209
1.81878
1.81908
1.82142
1.82524
1.82999
1.83538
1.84128
1.84765
1.85432
1.86103
1.86743
1.87329
1.87853
1.88323
1.88755
1.89168
1.89576
1.89985
1.90397
1.90806
1.91202
1.91578
1.91924
1.92235
1.92505
1.9273
1.92908
1.93034
1.93102
1.93107
1.93038
1.92882
1.92623
1.92245
1.9173
1.91073
1.9029
1.89433
1.88608
1.87961
1.87637
1.87712
1.88146
1.88799
1.89497
1.9009
1.90487
1.90657
1.90612
1.90392
1.90059
1.89682
1.89328
1.89056
1.88907
1.88894
1.88993
1.89143
1.8926
1.89266
1.89119
1.88832
1.88473
1.88138
1.87916
1.87845
1.87913
1.8807
1.88264
1.88467
1.88676
1.8891
1.89191
1.89532
1.89926
1.90354
1.90786
1.91195
1.91555
1.91852
1.92077
1.9223
1.92312
1.92331
1.92293
1.92206
1.92078
1.91915
1.91722
1.91506
1.91268
1.91013
1.90741
1.90455
1.90158
1.8985
1.89535
1.89216
1.88897
1.8858
1.88269
1.87966
1.87673
1.87391
1.87123
1.86872
1.86646
1.86455
1.8631
1.86226
1.86209
1.86265
1.86388
1.8657
1.86794
1.87039
1.87286
1.87516
1.87713
1.87864
1.87961
1.87996
1.87963
1.87858
1.87673
1.87403
1.87044
1.86596
1.86065
1.8547
1.84843
1.84235
1.83711
1.83338
1.83172
1.83234
1.83501
1.83913
1.84394
1.84877
1.85313
1.85677
1.85961
1.86171
1.86317
1.86415
1.86479
1.86524
1.86563
1.86607
1.86663
1.86737
1.86832
1.86948
1.87084
1.87238
1.87406
1.87585
1.87769
1.87955
1.88137
1.88311
1.88471
1.88612
1.88731
1.88823
1.88887
1.88919
1.88923
1.88899
1.88856
1.888
1.88742
1.88691
1.88656
1.88641
1.88646
1.88669
1.887
1.8873
1.88747
1.88742
1.88704
1.88625
1.88499
1.88324
1.88101
1.87832
1.87524
1.87181
1.86816
1.86442
1.86083
1.85773
1.8555
1.85454
1.8551
1.85727
1.86087
1.86554
1.87075
1.87587
1.8803
1.88354
1.8853
1.88565
1.88503
1.88416
1.88383
1.88464
1.88676
1.89005
1.8942
1.89893
1.90407
1.90957
1.91538
