1    -5.31735           0
2    -5.29999   0.0122764
3    -5.27471   0.0222018
4    -5.24124   0.0334301
5    -5.19882    0.046419
6    -5.14673   0.0613007
7    -5.08488   0.0777157
8     -5.0127   0.0958273
9    -4.92998    0.115489
10     -4.8362    0.136818
11    -4.73111    0.159718
12    -4.61462    0.184049
13    -4.48747    0.209253
14    -4.35068    0.234796
15    -4.20577    0.260044
16    -4.05528    0.284021
17    -3.90195    0.305914
18    -3.74888    0.324966
19    -3.59895    0.340699
20    -3.45482    0.352834
21    -3.31856    0.361386
22    -3.19167    0.366561
23    -3.07489    0.368757
24    -2.96846    0.368432
25    -2.87206    0.366088
26    -2.78503    0.362204
27     -2.7066     0.35718
28    -2.63583    0.351364
29    -2.57184    0.345027
30    -2.51377    0.338377
31    -2.46091    0.331565
32    -2.41268    0.324692
33    -2.36853    0.317841
34    -2.32798    0.311068
35    -2.29061    0.304417
36    -2.25605    0.297917
37    -2.22391    0.291593
38    -2.19386    0.285464
39    -2.16562    0.279537
40      -2.139    0.273813
41    -2.11383     0.26829
42    -2.09006    0.262953
43    -2.06767    0.257789
44    -2.04661    0.252789
45    -2.02688     0.24794
46    -2.00847    0.243232
47    -1.99131    0.238662
48     -1.9753    0.234226
49    -1.96026    0.229929
50    -1.94611    0.225765
1   -0.850397           0
2   -0.829384   0.0148579
3   -0.796387    0.028705
4   -0.754231   0.0423836
5   -0.704703   0.0557861
6   -0.650083   0.0681708
7   -0.592735   0.0789511
8   -0.534783   0.0878123
9   -0.478476   0.0943974
10   -0.425122   0.0988926
11   -0.376205    0.101281
12   -0.332135    0.101979
13   -0.292668    0.101485
14   -0.257221    0.100235
15   -0.225119   0.0985596
16    -0.19568   0.0966962
17   -0.168295   0.0948067
18   -0.142384   0.0930131
19   -0.117672   0.0913414
20  -0.0936251   0.0898841
21  -0.0697609   0.0887153
22  -0.0456135   0.0879077
23  -0.0208315   0.0875091
24  0.00488501   0.0875601
25   0.0313858   0.0879767
26   0.0583949    0.088642
27   0.0853328   0.0893584
28    0.111459   0.0899054
29    0.135984    0.090088
30    0.158125   0.0897647
31    0.177412    0.088917
32    0.193749   0.0876263
33    0.207127   0.0859861
34    0.217701   0.0841048
35    0.225912   0.0821016
36    0.232205   0.0800618
37    0.237017   0.0780424
38    0.240847   0.0760826
39    0.244218   0.0742064
40    0.247688   0.0724323
41    0.251728   0.0707783
42    0.256687   0.0692666
43    0.262802   0.0679252
44      0.2702    0.066783
45    0.278792   0.0658493
46    0.288363   0.0651096
47    0.298735   0.0645452
48    0.309647   0.0641162
49     0.32079   0.0637687
50       0.332    0.063471
1     1.10691           0
2     1.12871   0.0154147
3     1.15494   0.0237579
4      1.1868   0.0328468
5     1.22323     0.04186
6     1.26305   0.0503756
7     1.30427   0.0576312
8     1.34472     0.06304
9     1.38224   0.0662699
10     1.41489   0.0672061
11     1.44086   0.0659246
12     1.45927   0.0629472
13     1.46979   0.0589787
14     1.47285    0.054845
15     1.46955   0.0512879
16     1.46142   0.0487229
17     1.45037    0.047093
18     1.43851   0.0459451
19     1.42759   0.0448061
20     1.41891   0.0433989
21     1.41323   0.0417021
22      1.4109   0.0398714
23     1.41157   0.0381436
24     1.41477   0.0366879
25     1.41978   0.0355609
26     1.42569   0.0346803
27     1.43176   0.0339234
28     1.43734   0.0331681
29     1.44223   0.0323831
30     1.44649   0.0315817
31     1.45036   0.0307995
32     1.45413   0.0300663
33     1.45806   0.0294113
34     1.46223   0.0288401
35     1.46669   0.0283594
36     1.47113   0.0279165
37     1.47514   0.0274494
38     1.47827   0.0269042
39     1.48018    0.026282
40     1.48077   0.0256316
41     1.48015   0.0250139
42     1.47863   0.0244644
43     1.47658   0.0239814
44      1.4744   0.0235349
45     1.47236   0.0231001
46     1.47047   0.0226751
47     1.46868   0.0222632
48     1.46685   0.0218742
49     1.46494   0.0215115
50     1.46298   0.0211702
1      1.4284           0
2     1.44726   0.0133346
3     1.47201   0.0220754
4     1.50087   0.0299844
5     1.53119   0.0362009
6     1.56117    0.040735
7     1.58901    0.043398
8     1.61372   0.0444551
9     1.63423   0.0439924
10     1.65026   0.0424142
11     1.66193   0.0401318
12     1.66959   0.0375114
13      1.6738   0.0348614
14     1.67493   0.0323896
15     1.67371   0.0302535
16     1.67069   0.0285123
17     1.66651   0.0271403
18     1.66146   0.0260975
19     1.65587   0.0253155
20     1.65019   0.0246783
21     1.64488   0.0240689
22     1.64037   0.0233931
23     1.63704   0.0226124
24     1.63527   0.0217393
25     1.63536     0.02087
26     1.63767    0.020194
27     1.64232   0.0199748
28     1.64921   0.0204159
29     1.65789   0.0214769
30     1.66755   0.0228313
31     1.67725   0.0240654
32     1.68601    0.024857
33     1.69319    0.025119
34     1.69848   0.0249322
35     1.70202   0.0244702
36     1.70431   0.0238967
37     1.70583   0.0232993
38     1.70706   0.0227185
39     1.70832   0.0221712
40     1.70974   0.0216622
41     1.71141   0.0211981
42     1.71333     0.02078
43     1.71546    0.020406
44     1.71787   0.0200842
45     1.72053   0.0198127
46     1.72342   0.0195915
47     1.72658   0.0194288
48     1.73005   0.0193306
49     1.73376   0.0192883
50     1.73762   0.0192853
1     1.97657           0
2     1.97704 0.000333387
3     1.97453  0.00206678
4     1.96871  0.00527077
5     1.96031  0.00861814
6     1.95036   0.0115796
7     1.93955   0.0140937
8     1.92902   0.0157809
9     1.91974   0.0165352
10     1.91221    0.016505
11     1.90672   0.0158924
12     1.90306   0.0149839
13     1.90092   0.0139829
14     1.89991   0.0130205
15     1.89994   0.0121525
16     1.90106   0.0114446
17     1.90346   0.0110199
18     1.90708   0.0109873
19       1.912   0.0114582
20     1.91838   0.0125338
21     1.92632   0.0142357
22     1.93592   0.0165105
23     1.94713   0.0192207
24     1.95961   0.0221064
25     1.97282   0.0248575
26     1.98608   0.0272104
27     1.99897   0.0290956
28     2.01136   0.0305793
29     2.02325   0.0317526
30     2.03487   0.0327502
31     2.04643   0.0336734
32     2.05803   0.0345604
33     2.06965   0.0354153
34     2.08109   0.0361738
35     2.09206   0.0367667
36     2.10224   0.0371278
37     2.11146   0.0372512
38     2.11949   0.0371259
39     2.12615    0.036766
40      2.1314     0.03622
41     2.13523    0.035539
42     2.13764   0.0347743
43     2.13876   0.0339835
44     2.13875   0.0332112
45     2.13787   0.0324849
46      2.1365   0.0318074
47     2.13493   0.0311692
48     2.13337   0.0305589
49     2.13194   0.0299687
50     2.13065   0.0293971
1     2.08384           0
2     2.08143  0.00170146
3     2.07552  0.00495635
4     2.06673  0.00847339
5     2.05634   0.0115008
6     2.04572   0.0136328
7     2.03548   0.0150494
8     2.02635   0.0156924
9     2.01904   0.0155577
10     2.01416     0.01475
11     2.01156   0.0136355
12     2.01105   0.0125089
13     2.01206   0.0115875
14     2.01348   0.0108467
15     2.01444   0.0101662
16     2.01408  0.00953716
17     2.01196  0.00920998
18     2.00835  0.00937838
19     2.00414  0.00978192
20     2.00053  0.00993862
21      1.9988  0.00961491
22     1.99968  0.00921855
23     2.00339  0.00953602
24     2.00929   0.0108095
25     2.01613   0.0123511
26     2.02225   0.0133069
27     2.02603     0.01334
28     2.02639   0.0128684
29     2.02304   0.0128542
30     2.01635   0.0140594
31     2.00715   0.0163408
32     1.99644   0.0190181
33      1.9851   0.0215563
34     1.97379   0.0237043
35      1.9629   0.0254073
36     1.95254   0.0267312
37     1.94264   0.0277811
38     1.93305   0.0286587
39     1.92374   0.0293957
40      1.9149   0.0299613
41     1.90682   0.0302992
42     1.89992   0.0303532
43      1.8945   0.0301278
44     1.89067   0.0296858
45     1.88822   0.0291267
46     1.88678   0.0285291
47     1.88588   0.0279362
48       1.885   0.0273683
49     1.88367    0.026842
50     1.88147   0.0263953
1     1.69752           0
2     1.66396   0.0237279
3     1.63114   0.0311196
4      1.6013   0.0348239
5     1.57689   0.0353968
6        1.56    0.033284
7     1.55176   0.0295298
8     1.55253   0.0258486
9     1.56184    0.024596
10      1.5782   0.0270347
11     1.59964   0.0319696
12     1.62433   0.0376459
13     1.65024   0.0427469
14     1.67564   0.0466341
15     1.69904   0.0490452
16     1.71952   0.0500747
17     1.73629   0.0498584
18      1.7492   0.0487313
19     1.75848   0.0470413
20     1.76469   0.0450971
21     1.76877   0.0431339
22     1.77172   0.0412742
23     1.77455   0.0395763
24     1.77802   0.0380796
25     1.78298   0.0368775
26     1.79007   0.0361342
27     1.79986   0.0360993
28     1.81259   0.0369864
29     1.82803   0.0387977
30     1.84523   0.0411435
31     1.86287   0.0434319
32      1.8795   0.0451477
33     1.89409    0.046077
34      1.9063   0.0463098
35     1.91616   0.0460245
36     1.92424   0.0454499
37     1.93127   0.0447621
38     1.93807   0.0440969
39     1.94514   0.0435302
40     1.95272    0.043096
41     1.96055   0.0427514
42     1.96809   0.0423929
43     1.97474   0.0419258
44     1.98009   0.0413121
45     1.98387   0.0405669
46     1.98616   0.0397497
47     1.98714   0.0389159
48     1.98716   0.0381051
49     1.98668   0.0373304
50     1.98624   0.0365864
1     2.12488           0
2     2.05507   0.0493593
3      2.0755   0.0368915
4     2.10586   0.0381724
5      2.0973   0.0314842
6      2.0639   0.0402203
7     1.98043   0.0846208
8     1.98677   0.0742801
9     1.99269   0.0662626
10     2.00973   0.0617884
11     2.01186   0.0562077
12     2.01875   0.0519454
13     2.02662   0.0485421
14     2.02267   0.0452357
15     2.01392   0.0430586
16     1.99739   0.0434224
17     2.00018   0.0409574
18     2.02269   0.0444391
19     2.04589   0.0477746
20     2.05654   0.0465581
21     2.05815   0.0443689
22       2.073   0.0447667
23     2.07716   0.0430136
24     2.08411   0.0417794
25     2.08686   0.0401985
26     2.08557   0.0386733
27     2.09033   0.0375329
28     2.07431   0.0394608
29     2.05661   0.0418825
30     2.05172   0.0407716
31     2.05853   0.0400218
32     2.06293   0.0390123
33      2.0465   0.0411469
34     2.04296   0.0400885
35     2.03499   0.0397262
36     2.02987   0.0389522
37     2.03761    0.038661
38     2.04952   0.0394353
39     2.05415   0.0386954
40     2.06208   0.0385325
41     2.07336   0.0392092
42      2.0849    0.039936
43     2.08967   0.0392919
44     2.10384   0.0408736
45     2.11132   0.0406436
46     2.11566   0.0399909
47     2.11697   0.0391615
48     2.11338   0.0385093
49     2.11804   0.0380033
50      2.1221     0.03746
51     2.12635   0.0369656
52     2.12083   0.0366652
53     2.11629   0.0362531
54     2.10984   0.0361501
55     2.11325   0.0356528
56     2.12068   0.0357834
57     2.12805   0.0359064
58     2.12189   0.0358125
59     2.11737   0.0354891
60        2.11   0.0356549
61     2.10548   0.0353563
62     2.10592   0.0347888
63     2.10514   0.0342451
64     2.09868   0.0343142
65     2.09193   0.0344445
66     2.08961   0.0340006
67     2.09376   0.0337458
68     2.09621   0.0333385
69     2.09622   0.0328554
70     2.08875   0.0332231
71     2.08352   0.0331639
72     2.08259   0.0327163
73      2.0722   0.0338783
74     2.06992   0.0334972
75     2.06592   0.0332882
76     2.06202    0.033078
77     2.05779    0.032918
78     2.05814   0.0324978
79     2.05578   0.0321719
80     2.05728   0.0318045
81     2.06115    0.031647
82      2.0603   0.0312726
83     2.06019    0.030896
84     2.06218   0.0305929
85     2.06089   0.0302604
86      2.0662   0.0303711
87     2.06981   0.0302358
88     2.07266   0.0300265
89     2.07404   0.0297204
90     2.07549   0.0294259
91     2.08091   0.0295966
92     2.08074   0.0292754
93     2.08179   0.0289794
94     2.07613   0.0292178
95     2.07256    0.029128
96     2.06613    0.029525
97     2.06675   0.0292272
98      2.0629   0.0291814
99     2.05968    0.029064
100     2.05428   0.0292712
