1     1.09917           0
2     1.09771  0.00103192
3      1.0955  0.00192854
4     1.09248   0.0029884
5     1.08856  0.00424296
6     1.08364  0.00571849
7     1.07758  0.00744677
8     1.07025  0.00946195
9     1.06148   0.0117961
10     1.05111    0.014473
11     1.03901   0.0174993
12     1.02509   0.0208561
13     1.00933   0.0244905
14    0.991835   0.0283081
15    0.972827   0.0321757
16    0.952663   0.0359321
17    0.931806   0.0394095
18    0.910782   0.0424591
19    0.890119   0.0449723
20    0.870289    0.046892
21    0.851672   0.0482135
22    0.834525   0.0489761
23    0.818985   0.0492504
24    0.805076   0.0491231
25    0.792732   0.0486844
26    0.781826    0.048018
27    0.772196   0.0471953
28    0.763672   0.0462732
29    0.756089   0.0452946
30    0.749304   0.0442901
31    0.743197   0.0432804
32    0.737671   0.0422791
33    0.732648   0.0412953
34    0.728061   0.0403346
35    0.723851   0.0394013
36     0.71996   0.0384985
37    0.716337   0.0376281
38    0.712934   0.0367914
39    0.709715   0.0359886
40    0.706655   0.0352187
41    0.703742   0.0344799
42    0.700974     0.03377
43    0.698352   0.0330862
44    0.695885   0.0324261
45    0.693579   0.0317874
46    0.691436   0.0311685
47    0.689455   0.0305683
48    0.687626   0.0299861
49    0.685929   0.0294221
50    0.684343   0.0288764
1     1.09872           0
2     1.09493  0.00267808
3     1.08923  0.00498428
4      1.0819   0.0073693
5     1.07327  0.00971408
6     1.06372   0.0118957
7     1.05367   0.0138038
8     1.04354   0.0153492
9     1.03375   0.0164753
10     1.02461   0.0171728
11     1.01636   0.0174822
12     1.00907   0.0174789
13     1.00272   0.0172519
14    0.997182   0.0168839
15    0.992327   0.0164415
16    0.988005   0.0159717
17    0.984099   0.0155027
18    0.980526   0.0150475
19    0.977227   0.0146127
20    0.974132   0.0142059
21    0.971147   0.0138396
22    0.968164   0.0135282
23    0.965092   0.0132842
24    0.961879   0.0131135
25     0.95852   0.0130119
26    0.955062   0.0129629
27    0.951599   0.0129372
28    0.948264   0.0128977
29    0.945204    0.012811
30    0.942543   0.0126571
31    0.940367   0.0124346
32    0.938705   0.0121565
33    0.937544   0.0118434
34    0.936837   0.0115162
35    0.936517   0.0111916
36    0.936506   0.0108807
37    0.936719   0.0105887
38    0.937064   0.0103157
39    0.937446   0.0100583
40    0.937769  0.00981199
41    0.937946  0.00957427
42    0.937908  0.00934639
43    0.937612   0.0091337
44    0.937045  0.00894375
45    0.936217  0.00878321
46    0.935163  0.00865532
47    0.933928  0.00855872
48    0.932566  0.00848808
49    0.931128  0.00843586
50    0.929656  0.00839457
1     1.09483           0
2     1.09099  0.00271509
3      1.0862   0.0043116
4     1.08041   0.0059664
5     1.07369  0.00767658
6     1.06623  0.00934195
7     1.05837   0.0108214
8     1.05053   0.0119759
9     1.04318   0.0127037
10     1.03673   0.0129662
11     1.03152   0.0127919
12     1.02776   0.0122674
13     1.02553   0.0115248
14     1.02478   0.0107255
15     1.02534   0.0100252
16     1.02691  0.00951957
17     1.02909  0.00920733
18     1.03151  0.00900745
19      1.0338  0.00882052
20      1.0357  0.00858116
21     1.03703  0.00827522
22     1.03774  0.00792897
23     1.03785  0.00758503
24     1.03748  0.00727798
25     1.03679   0.0070198
26     1.03594   0.0068003
27      1.0351  0.00660008
28     1.03437   0.0064046
29      1.0338  0.00620965
30     1.03336  0.00601808
31       1.033  0.00583429
32     1.03267  0.00566177
33     1.03228  0.00550366
34     1.03179  0.00536326
35      1.0312  0.00524202
36     1.03056  0.00513569
37     1.02994  0.00503372
38     1.02945  0.00492543
39     1.02915  0.00480807
40     1.02908  0.00468834
41     1.02923  0.00457619
42     1.02953  0.00447691
43      1.0299  0.00438837
44     1.03027  0.00430455
45      1.0306  0.00422103
46     1.03086  0.00413738
47     1.03108  0.00405545
48     1.03131  0.00397721
49     1.03156  0.00390373
50     1.03181  0.00383408
1     1.09727           0
2     1.09385   0.0024197
3      1.0892  0.00412981
4     1.08365  0.00571697
5     1.07764  0.00705885
6      1.0716   0.0080582
7     1.06594  0.00867391
8     1.06092  0.00892066
9     1.05674  0.00885744
10     1.05344   0.0085628
11     1.05103  0.00811822
12     1.04942  0.00759889
13     1.04852   0.0070677
14     1.04819  0.00657042
15     1.04831  0.00613346
16     1.04876  0.00576649
17     1.04944  0.00546751
18     1.05028  0.00522726
19     1.05119  0.00503209
20     1.05213  0.00486591
21       1.053   0.0047125
22     1.05375  0.00455765
23      1.0543  0.00439252
24     1.05458  0.00421803
25      1.0545  0.00404994
26     1.05403  0.00392212
27     1.05312  0.00388098
28     1.05179  0.00396191
29     1.05014  0.00415639
30     1.04831  0.00440312
31     1.04649  0.00461842
32      1.0449  0.00474021
33     1.04368  0.00475266
34     1.04287  0.00468059
35     1.04246  0.00456501
36     1.04235  0.00443945
37     1.04245  0.00432046
38     1.04265  0.00421148
39      1.0429  0.00411073
40     1.04316  0.00401618
41     1.04342  0.00392693
42     1.04369   0.0038427
43     1.04397  0.00376335
44     1.04425  0.00368843
45     1.04453  0.00361712
46      1.0448  0.00354829
47     1.04504  0.00348084
48     1.04524  0.00341409
49      1.0454  0.00334812
50     1.04553  0.00328365
1     1.09916           0
2     1.09944 0.000193347
3     1.10031 0.000722459
4     1.10174  0.00135349
5     1.10362  0.00200131
6     1.10579  0.00259093
7     1.10808  0.00306549
8     1.11028  0.00338363
9     1.11224  0.00352816
10     1.11382   0.0035135
11       1.115    0.003384
12      1.1158  0.00319585
13     1.11632  0.00299261
14     1.11664  0.00279556
15     1.11677  0.00261237
16     1.11671  0.00244987
17     1.11643  0.00232164
18     1.11592  0.00224715
19     1.11518  0.00224836
20     1.11418  0.00235009
21     1.11287  0.00257689
22     1.11122  0.00293875
23     1.10924  0.00341394
24     1.10698  0.00394807
25     1.10456  0.00447352
26     1.10209  0.00493567
27     1.09968  0.00530964
28     1.09737  0.00560014
29     1.09515  0.00582967
30     1.09298  0.00602519
31     1.09081  0.00620855
32     1.08862  0.00639156
33     1.08639  0.00657398
34     1.08417  0.00674533
35     1.08201  0.00689039
36     1.07996   0.0069956
37     1.07809   0.0070529
38     1.07643     0.00706
39     1.07501  0.00701926
40     1.07387  0.00693663
41     1.07301   0.0068208
42     1.07243  0.00668274
43     1.07212  0.00653437
44     1.07205  0.00638626
45     1.07216  0.00624531
46      1.0724  0.00611387
47     1.07269   0.0059908
48     1.07299  0.00587379
49     1.07328  0.00576111
50     1.07356  0.00565236
1      1.0999           0
2     1.10068  0.00055235
3     1.10209  0.00121377
4     1.10402  0.00190295
5     1.10626  0.00251286
6     1.10857  0.00296984
7     1.11073  0.00324034
8     1.11258  0.00332099
9     1.11398  0.00323164
10     1.11483  0.00301849
11     1.11511  0.00275749
12     1.11489  0.00253671
13     1.11429  0.00241109
14      1.1135  0.00236346
15     1.11274  0.00232541
16      1.1122   0.0022428
17     1.11199  0.00212062
18      1.1121  0.00200557
19     1.11236  0.00191721
20     1.11252  0.00182792
21     1.11231  0.00175319
22     1.11153  0.00183566
23     1.11015  0.00221793
24     1.10825  0.00282377
25     1.10608  0.00344473
26     1.10398  0.00390057
27     1.10229  0.00410461
28     1.10127  0.00408407
29     1.10099  0.00395277
30     1.10139  0.00384087
31     1.10229  0.00382244
32     1.10351  0.00389252
33     1.10486  0.00400211
34     1.10621  0.00410479
35     1.10747  0.00417772
36     1.10864  0.00422044
37     1.10972  0.00424441
38     1.11078  0.00426216
39     1.11183  0.00427929
40     1.11284  0.00429053
41     1.11375   0.0042823
42     1.11449   0.0042429
43     1.11498  0.00417227
44      1.1152  0.00408308
45     1.11516  0.00399247
46     1.11495  0.00391154
47     1.11464  0.00384062
48     1.11433  0.00377253
49     1.11414  0.00370072
50     1.11412  0.00362673
1     1.11099           0
2     1.11761  0.00468385
3     1.12422   0.0062371
4     1.13034  0.00706649
5     1.13548  0.00728753
6     1.13923  0.00697081
7     1.14129  0.00627284
8     1.14156  0.00549444
9     1.14013  0.00506712
10     1.13727   0.0053053
11     1.13337  0.00609093
12     1.12884  0.00707156
13     1.12407   0.0079767
14      1.1194  0.00866597
15     1.11512  0.00908444
16     1.11143  0.00923341
17     1.10848  0.00915108
18      1.1063  0.00889873
19     1.10485  0.00854691
20     1.10402   0.0081595
21     1.10364  0.00778005
22     1.10349  0.00742777
23     1.10339  0.00710549
24     1.10317    0.006813
25     1.10267  0.00655878
26     1.10175  0.00636987
27      1.1003  0.00629729
28     1.09824   0.0064005
29     1.09561   0.0066992
30     1.09258  0.00713009
31     1.08941  0.00756843
32     1.08642   0.0079008
33     1.08383  0.00807688
34     1.08173  0.00810766
35     1.08011  0.00803529
36     1.07888  0.00790577
37     1.07788  0.00775513
38     1.07694  0.00760767
39     1.07593   0.0074796
40     1.07479  0.00737853
41     1.07358  0.00729749
42     1.07241  0.00721656
43     1.07142  0.00711683
44     1.07069  0.00699218
45     1.07028   0.0068492
46     1.07017  0.00670109
47     1.07035  0.00656083
48     1.07074  0.00643559
49     1.07124  0.00632397
50     1.07176  0.00621853
1     1.07476           0
2     1.08209  0.00518325
3     1.07115  0.00957582
4     1.06032   0.0118156
5     1.05789  0.00969912
6     1.06087  0.00852926
7     1.07548   0.0153707
8     1.07579   0.0134527
9     1.07722   0.0120336
10     1.07547   0.0109578
11     1.07573  0.00996492
12     1.07599  0.00913771
13     1.07595   0.0084349
14     1.07682  0.00787715
15     1.07786  0.00742085
16     1.08076  0.00750186
17     1.08217  0.00719228
18     1.08059  0.00696452
19     1.07819  0.00699775
20     1.07666  0.00681412
21     1.07585  0.00653771
22     1.07264  0.00698243
23     1.07172  0.00673963
24     1.07038  0.00659076
25     1.07025  0.00632845
26     1.07115  0.00614896
27     1.07049  0.00595679
28      1.0726  0.00610718
29     1.07468   0.0062427
30     1.07478  0.00603539
31     1.07317  0.00605131
32     1.07199  0.00597773
33      1.0744   0.0062668
34     1.07412  0.00608902
35     1.07489  0.00596433
36     1.07581   0.0058689
37      1.0746  0.00583435
38     1.07249  0.00604944
39     1.07166  0.00595102
40     1.07052  0.00591073
41     1.06923  0.00590587
42      1.0676   0.0059861
43      1.0671  0.00586801
44     1.06515  0.00604908
45     1.06479  0.00592516
46     1.06484  0.00579652
47     1.06517  0.00568296
48     1.06655   0.0057287
49     1.06627  0.00561871
50     1.06574  0.00553143
51      1.0648  0.00550229
52      1.0656  0.00545458
53     1.06573  0.00535333
54      1.0662  0.00527496
55     1.06531  0.00525455
56     1.06401  0.00531934
57     1.06271  0.00538112
58     1.06375   0.0053869
59     1.06407  0.00530514
60      1.0647  0.00525429
61     1.06502  0.00517756
62     1.06489  0.00509556
63     1.06538  0.00503769
64     1.06664  0.00511592
65     1.06776  0.00515803
66     1.06816  0.00509517
67     1.06739  0.00507632
68     1.06704  0.00501374
69      1.0669  0.00494317
70     1.06791  0.00497532
71     1.06849  0.00493929
72     1.06827  0.00487576
73     1.06969  0.00501261
74     1.06962  0.00494547
75      1.0702  0.00491359
76     1.07086  0.00489381
77     1.07176  0.00491114
78     1.07194  0.00485158
79     1.07266  0.00484292
80      1.0726  0.00478274
81     1.07206  0.00475394
82     1.07228  0.00470109
83     1.07239  0.00464571
84     1.07205  0.00460257
85     1.07218  0.00455013
86      1.0713  0.00458133
87     1.07098  0.00454012
88     1.07074  0.00449482
89     1.07068  0.00444472
90     1.07072  0.00439558
91     1.07007  0.00439562
92     1.07017  0.00434912
93     1.06971   0.0043267
94     1.07031  0.00432097
95     1.07045  0.00427798
96      1.0712  0.00429906
97     1.07066  0.00428862
98     1.07089  0.00425092
99     1.07094  0.00420828
100     1.07144  0.00419495
