1     -6.3632           0
2    -6.36085  0.00166218
3    -6.35737  0.00305136
4    -6.35265  0.00468192
5    -6.34633  0.00678518
6    -6.33805  0.00943727
7    -6.32789    0.012404
8    -6.31562   0.0158018
9    -6.30119   0.0195546
10    -6.28433   0.0237805
11    -6.26487    0.028487
12    -6.24262   0.0336988
13    -6.21775   0.0392243
14    -6.19042   0.0449482
15    -6.16087   0.0507445
16    -6.12979   0.0562931
17    -6.09785   0.0613782
18    -6.06587   0.0657735
19    -6.03457   0.0693582
20    -6.00467   0.0720489
21    -5.97668   0.0738557
22    -5.95098   0.0748348
23    -5.92774   0.0751045
24    -5.90699   0.0747874
25    -5.88859   0.0740236
26    -5.87233   0.0729397
27      -5.858   0.0716331
28    -5.84532   0.0701884
29    -5.83404   0.0686676
30    -5.82395   0.0671161
31    -5.81486   0.0655638
32    -5.80665   0.0640267
33    -5.79919   0.0625199
34    -5.79238   0.0610509
35    -5.78612    0.059627
36    -5.78035   0.0582491
37    -5.77498   0.0569216
38    -5.76993   0.0556471
39    -5.76515   0.0544249
40     -5.7606   0.0532541
41    -5.75624   0.0521334
42    -5.75209    0.051057
43    -5.74818   0.0500198
44    -5.74448   0.0490196
45    -5.74103   0.0480515
46    -5.73784   0.0471124
47     -5.7349   0.0462014
48    -5.73221   0.0453174
49    -5.72969   0.0444627
50    -5.72734   0.0436353
1    -5.60944           0
2    -5.60406  0.00380747
3    -5.59504  0.00778414
4    -5.58363   0.0114813
5    -5.57027   0.0150709
6    -5.55566   0.0183219
7    -5.54048   0.0210702
8    -5.52529   0.0232764
9    -5.51077   0.0248118
10    -5.49714    0.025805
11    -5.48494   0.0261849
12    -5.47425   0.0260917
13    -5.46495   0.0256903
14    -5.45681   0.0251113
15    -5.44963   0.0244401
16    -5.44324   0.0237333
17    -5.43747   0.0230286
18    -5.43213   0.0223601
19     -5.4272   0.0217193
20    -5.42252    0.021132
21    -5.41796   0.0206111
22    -5.41342   0.0201697
23    -5.40878   0.0198179
24    -5.40392   0.0195795
25    -5.39888   0.0194343
26     -5.3937    0.019365
27    -5.38852   0.0193274
28    -5.38354    0.019269
29    -5.37896   0.0191413
30    -5.37502   0.0189031
31    -5.37186   0.0185561
32    -5.36945   0.0181324
33    -5.36779   0.0176584
34    -5.36686   0.0171635
35     -5.3665    0.016677
36    -5.36656   0.0162139
37    -5.36694   0.0157802
38    -5.36752   0.0153754
39    -5.36814   0.0149939
40    -5.36866    0.014628
41    -5.36894   0.0142739
42     -5.3689   0.0139341
43    -5.36847   0.0136167
44    -5.36761   0.0133344
45    -5.36636   0.0130968
46     -5.3648   0.0129049
47    -5.36296   0.0127603
48    -5.36093   0.0126556
49     -5.3588   0.0125744
50    -5.35662   0.0125111
1    -5.24226           0
2    -5.23646  0.00410636
3     -5.2295  0.00630289
4    -5.22064  0.00901663
5    -5.21032   0.0117138
6    -5.19888   0.0142942
7    -5.18695   0.0164929
8     -5.1752   0.0181439
9     -5.1642   0.0191712
10    -5.15455    0.019534
11    -5.14687   0.0192071
12    -5.14144    0.018358
13    -5.13837    0.017201
14    -5.13754   0.0159923
15    -5.13862    0.014962
16    -5.14117   0.0142429
17    -5.14464    0.013821
18    -5.14835   0.0135421
19    -5.15179   0.0132583
20    -5.15457   0.0128851
21     -5.1565   0.0124154
22    -5.15746   0.0118877
23     -5.1576   0.0113717
24    -5.15704   0.0109114
25    -5.15598   0.0105266
26     -5.1547   0.0101989
27    -5.15342  0.00990177
28    -5.15236    0.009605
29    -5.15155  0.00930748
30    -5.15096  0.00901591
31    -5.15047  0.00873837
32    -5.14998  0.00847903
33    -5.14938  0.00824307
34    -5.14867   0.0080315
35    -5.14778  0.00785156
36    -5.14682  0.00769184
37     -5.1459  0.00753798
38    -5.14519  0.00737316
39    -5.14478  0.00719556
40     -5.1447  0.00701609
41    -5.14493  0.00684863
42    -5.14537  0.00669956
43    -5.14592  0.00656616
44    -5.14644  0.00643795
45    -5.14687    0.006309
46    -5.14722  0.00618159
47    -5.14751  0.00605696
48     -5.1478  0.00593758
49    -5.14811  0.00582439
50    -5.14844  0.00571768
1    -5.15945           0
2    -5.15333  0.00432607
3    -5.14536  0.00711771
4    -5.13612  0.00962289
5    -5.12662   0.0114629
6    -5.11733   0.0127742
7    -5.10881   0.0134939
8    -5.10125    0.013762
9    -5.09507   0.0135531
10     -5.0903   0.0130092
11    -5.08687   0.0122689
12    -5.08465   0.0114463
13    -5.08341   0.0106324
14    -5.08311  0.00987724
15    -5.08347  0.00922515
16     -5.0843  0.00868599
17    -5.08538  0.00824168
18    -5.08665  0.00788234
19    -5.08808  0.00759481
20    -5.08951  0.00734826
21    -5.09081  0.00711305
22    -5.09186   0.0068674
23    -5.09259  0.00660766
24     -5.0929  0.00633959
25    -5.09273  0.00608828
26    -5.09197  0.00590223
27    -5.09055  0.00585092
28    -5.08851  0.00598816
29    -5.08597  0.00629631
30    -5.08319  0.00667228
31    -5.08045   0.0069954
32    -5.07807  0.00717042
33    -5.07625  0.00718257
34    -5.07508   0.0070657
35    -5.07453  0.00688468
36    -5.07443  0.00669416
37    -5.07462  0.00651592
38    -5.07495  0.00635283
39    -5.07533  0.00620078
40    -5.07573  0.00605865
41    -5.07612  0.00592372
42    -5.07652  0.00579618
43    -5.07695    0.005677
44    -5.07735  0.00556265
45    -5.07776  0.00545394
46    -5.07817  0.00535062
47    -5.07854   0.0052496
48    -5.07884  0.00514887
49    -5.07908  0.00504909
50    -5.07924  0.00495088
1    -5.08605           0
2    -5.08659 0.000381069
3    -5.08777  0.00100135
4    -5.08992  0.00200078
5    -5.09279  0.00302595
6    -5.09603   0.0038863
7    -5.09953   0.0046475
8     -5.1029  0.00514751
9    -5.10584    0.005348
10    -5.10822   0.0053173
11    -5.10997  0.00511256
12    -5.11117  0.00482621
13    -5.11193  0.00451514
14    -5.11243  0.00422026
15    -5.11271  0.00394797
16    -5.11274  0.00370133
17    -5.11242  0.00349717
18    -5.11179  0.00335972
19     -5.1108   0.0033267
20    -5.10936   0.0034555
21    -5.10745  0.00378457
22    -5.10502  0.00432182
23    -5.10207  0.00504072
24    -5.09869  0.00585697
25    -5.09505  0.00665758
26    -5.09139  0.00733773
27    -5.08784  0.00787729
28    -5.08442  0.00830473
29    -5.08114  0.00864227
30    -5.07792  0.00893637
31    -5.07466  0.00922122
32    -5.07136  0.00950677
33    -5.06799  0.00979831
34    -5.06463   0.0100697
35    -5.06137   0.0102964
36    -5.05832   0.0104516
37    -5.05551   0.0105396
38    -5.05303    0.010551
39    -5.05094   0.0104855
40    -5.04924   0.0103598
41    -5.04794   0.0101887
42    -5.04705  0.00998424
43    -5.04656   0.0097645
44    -5.04641  0.00954366
45    -5.04656  0.00933277
46    -5.04687  0.00913488
47    -5.04725   0.0089486
48    -5.04766   0.0087714
49    -5.04805  0.00860107
50    -5.04841  0.00843686
1    -5.06491           0
2    -5.06615 0.000877567
3    -5.06859  0.00207347
4    -5.07198  0.00332093
5    -5.07577  0.00431272
6    -5.07943  0.00490594
7    -5.08285  0.00526367
8    -5.08581   0.0053727
9    -5.08806  0.00522486
10    -5.08934  0.00485627
11    -5.08974  0.00443195
12    -5.08933  0.00408229
13    -5.08824  0.00390981
14    -5.08694  0.00384237
15    -5.08568   0.0037848
16     -5.0848  0.00364976
17    -5.08447     0.00345
18    -5.08461  0.00326122
19    -5.08496  0.00310796
20    -5.08516  0.00295935
21    -5.08479  0.00284222
22     -5.0836  0.00294936
23     -5.0815  0.00349127
24    -5.07867  0.00434329
25    -5.07549  0.00520759
26    -5.07246  0.00582118
27    -5.07011  0.00606241
28    -5.06877  0.00599197
29    -5.06853  0.00578991
30     -5.0693  0.00564702
31     -5.0708  0.00566217
32    -5.07274  0.00580564
33    -5.07483  0.00599526
34     -5.0769  0.00616668
35    -5.07885  0.00629027
36    -5.08065  0.00636911
37    -5.08235  0.00641953
38    -5.08402   0.0064637
39    -5.08567   0.0065056
40    -5.08726  0.00653364
41     -5.0887  0.00653068
42    -5.08985  0.00647594
43    -5.09061  0.00636979
44    -5.09092  0.00623278
45    -5.09086  0.00609457
46    -5.09055  0.00597014
47    -5.09011  0.00585916
48    -5.08971  0.00575074
49    -5.08947  0.00563849
50    -5.08952  0.00552597
1    -5.11154           0
2    -5.12184  0.00728261
3    -5.13182  0.00948986
4    -5.14091   0.0106148
5    -5.14837   0.0107994
6    -5.15355   0.0101653
7    -5.15617  0.00904459
8    -5.15616  0.00791403
9    -5.15361  0.00743305
10    -5.14902  0.00798261
11      -5.143  0.00925172
12    -5.13605   0.0107824
13    -5.12878    0.012159
14    -5.12171   0.0131826
15    -5.11533   0.0137642
16    -5.10984   0.0139567
17    -5.10552   0.0137878
18    -5.10238   0.0133731
19    -5.10035   0.0128226
20    -5.09926   0.0122283
21    -5.09878   0.0116551
22    -5.09863   0.0111264
23    -5.09849   0.0106435
24    -5.09815   0.0102052
25    -5.09737  0.00982734
26    -5.09594   0.0095524
27    -5.09369  0.00945952
28    -5.09055  0.00962903
29    -5.08656   0.0100893
30    -5.08202   0.0107282
31    -5.07733   0.0113604
32    -5.07296   0.0118164
33    -5.06924     0.01203
34    -5.06623   0.0120447
35    -5.06395   0.0119147
36    -5.06219   0.0117132
37    -5.06072   0.0114881
38    -5.05929   0.0112751
39    -5.05775   0.0110905
40    -5.05604    0.010945
41    -5.05422   0.0108279
42    -5.05248   0.0107085
43    -5.05102   0.0105593
44    -5.04996   0.0103719
45    -5.04941   0.0101558
46    -5.04933  0.00993537
47    -5.04967   0.0097297
48    -5.05031  0.00954828
49    -5.05113  0.00938783
50    -5.05194  0.00923489
1    -5.05175           0
2    -5.06364  0.00840712
3    -5.04693   0.0147515
4    -5.03099   0.0176908
5     -5.0273   0.0145324
6    -5.03174   0.0127712
7    -5.05355   0.0229666
8     -5.0539   0.0200984
9    -5.05588   0.0179631
10    -5.05303   0.0163914
11    -5.05329   0.0149033
12     -5.0532   0.0136616
13    -5.05297   0.0126126
14      -5.054   0.0117539
15     -5.0553   0.0110412
16     -5.0596   0.0111579
17    -5.06163   0.0106849
18    -5.05916   0.0103735
19    -5.05545   0.0104682
20    -5.05298   0.0102332
21    -5.05157  0.00984277
22    -5.04661   0.0105684
23    -5.04518   0.0102058
24    -5.04316  0.00997918
25    -5.04294  0.00958226
26    -5.04423  0.00929994
27    -5.04318  0.00901456
28    -5.04632  0.00922383
29    -5.04934  0.00938547
30    -5.04947  0.00907353
31    -5.04717  0.00906795
32    -5.04546  0.00894474
33    -5.04913  0.00939753
34    -5.04871  0.00913037
35    -5.04982  0.00893673
36    -5.05107  0.00877567
37    -5.04926  0.00872328
38    -5.04609  0.00905102
39     -5.0448  0.00891027
40    -5.04299  0.00887051
41    -5.04091  0.00889478
42    -5.03839  0.00903232
43    -5.03759  0.00885788
44    -5.03457  0.00915625
45    -5.03401  0.00896966
46    -5.03406  0.00877479
47     -5.0346  0.00860485
48    -5.03666  0.00866701
49    -5.03624  0.00850035
50    -5.03539  0.00837188
51    -5.03404  0.00831629
52    -5.03527  0.00824682
53     -5.0355  0.00809439
54    -5.03626  0.00798022
55    -5.03494  0.00794348
56    -5.03298  0.00803919
57    -5.03108  0.00811978
58    -5.03272  0.00814227
59    -5.03322   0.0080199
60    -5.03424  0.00795075
61    -5.03475  0.00783647
62    -5.03456  0.00771228
63     -5.0353  0.00762522
64    -5.03719   0.0077365
65    -5.03885  0.00779323
66    -5.03939  0.00769431
67    -5.03818  0.00767466
68    -5.03755  0.00758754
69    -5.03729  0.00748212
70    -5.03875  0.00751657
71    -5.03958  0.00745611
72    -5.03921  0.00736136
73    -5.04134  0.00756018
74     -5.0412  0.00745932
75    -5.04207  0.00741046
76     -5.0431  0.00738497
77    -5.04449  0.00741808
78     -5.0448  0.00732943
79    -5.04585  0.00731124
80    -5.04569  0.00722144
81    -5.04484  0.00718277
82    -5.04516  0.00710236
83    -5.04527  0.00701773
84    -5.04478  0.00695171
85    -5.04497  0.00687251
86    -5.04362  0.00692262
87    -5.04313  0.00686087
88    -5.04274  0.00679393
89    -5.04266  0.00671802
90    -5.04271  0.00664354
91    -5.04174   0.0066402
92     -5.0419  0.00656975
93    -5.04122   0.0065338
94    -5.04212  0.00652653
95    -5.04237  0.00646246
96    -5.04353  0.00649897
97    -5.04276  0.00647773
98    -5.04314  0.00642254
99    -5.04324  0.00635856
100    -5.04404  0.00634491
