-0.469688   -0.466584   -0.385529
-0.349482   -0.372005   -0.493694
0.39268   -0.301848   -0.379444
-0.278089   -0.307859   -0.307781
-0.0136397   0.468341   0.497326
-0.0313537   -0.272848   -0.498585
-0.172762   -0.422137   -0.460254
0.181457   -0.419713   0.496513
0.324179   -0.367198   0.274406
0.227947   -0.202731   -0.467005
0.231038   -0.190737   -0.275012
0.290333   -0.453938   -0.33044
-0.458556   -0.170478   -0.455016
-0.419   0.00161114   0.413974
0.411433   -0.0652539   -0.268751
-0.236331   -0.12932   -0.41998
0.0121565   -0.072056   -0.452448
0.184891   -0.0124646   0.464599
-0.209478   0.0755837   -0.23345
-0.0842871   -0.275157   -0.295845
0.0422967   0.0666755   0.314249
0.39116   -0.0339076   -0.498821
-0.0192184   0.0935201   -0.312664
0.182758   0.0010078   -0.337528
0.477279   0.11726   -0.339639
-0.380396   0.270624   0.402362
0.481905   0.351634   -0.445288
-0.304388   0.206595   -0.36825
-0.181831   0.0459037   -0.447331
0.166173   0.3661   0.491068
-0.226196   0.404195   -0.412275
-0.0690545   0.282216   -0.334177
0.281409   0.173902   -0.4104
0.289899   0.365056   -0.340093
0.0887328   0.404089   -0.314425
0.36   0.10102   -0.172151
-0.498479   0.490704   -0.111957
-0.310578   -0.419273   -0.145447
-0.484545   -0.317127   -0.0709063
-0.476547   -0.462653   0.099635
-0.0829962   -0.483547   -0.273539
0.124533   -0.374728   -0.268007
-0.239555   -0.424077   0.113575
0.121495   -0.433979   0.0459087
0.286404   0.424352   -0.0906552
0.331385   -0.393864   -0.151848
0.334135   -0.397045   0.056283
0.36841   0.406139   0.11942
-0.450028   -0.223184   -0.257291
-0.378022   -0.0345613   -0.284521
-0.49749   -0.0358189   -0.0962413
-0.214699   -0.201442   -0.149752
-0.0192506   -0.338027   -0.126863
-0.039253   -0.0982518   -0.0999504
-0.195618   -0.0445281   0.0350561
0.0939562   -0.269422   0.193768
0.199744   -0.274593   -0.0772827
0.372394   -0.180209   -0.107561
0.164362   0.0186563   -0.0908306
0.273456   -0.197242   0.129431
-0.387751   0.184498   -0.161825
-0.3882   0.380799   -0.265935
0.454965   0.204863   0.0297275
-0.376012   0.0639184   0.115036
-0.220699   0.301993   -0.200685
0.0854613   0.484629   -0.131386
-0.109862   0.466297   -0.0825814
-0.0716535   0.144471   -0.117027
0.192625   0.236666   -0.212096
0.416078   0.283491   -0.16949
0.283111   0.249661   -0.0213643
0.325303   0.0506825   0.0272453
0.476914   0.269135   0.252225
-0.360337   -0.354298   0.242915
0.477672   -0.298175   0.411822
-0.480148   0.483192   0.389899
-0.0411684   0.49237   0.153923
-0.0782434   -0.303332   0.299192
-0.178887   -0.491969   0.346947
0.0902847   -0.42411   0.310172
0.170478   0.35365   0.187662
0.461391   -0.271213   0.179087
0.0988966   -0.151121   0.364885
0.29636   0.428693   0.360438
0.451828   -0.0800791   0.109091
-0.324476   -0.2167   0.0730614
-0.423371   -0.123781   0.264345
-0.24462   -0.150392   0.38716
-0.105176   -0.286992   0.0447319
-0.0879407   0.15508   0.0996192
-0.222166   0.0460732   0.344566
-0.0954482   -0.0794261   0.241378
0.0637374   -0.0928691   0.126499
0.240963   -0.00792462   0.250087
0.0599145   0.164935   -0.476208
0.340587   -0.154617   0.327625
0.438834   0.0415102   0.276909
-0.338498   0.371546   -0.0361168
0.448386   0.164934   0.435564
-0.283626   0.251223   0.228704
-0.172478   0.372306   0.0833164
0.0468844   0.324582   0.0208006
-0.343743   0.448028   0.216228
-0.0995745   0.289035   0.466877
0.123397   0.12554   0.0840551
0.288019   0.185654   0.193625
-0.041829   0.300643   0.263891
0.22145   0.185515   0.390687
