-0.469621   -0.466545   -0.385704
-0.349492   -0.372215   -0.493788
0.392704   -0.301843   -0.379483
-0.278026   -0.307729   -0.307686
-0.0136475   0.468293   0.497313
-0.0313466   -0.272426   -0.498483
-0.172674   -0.422219   -0.460142
0.181506   -0.419679   0.49649
0.324142   -0.3672   0.274309
0.228006   -0.202606   -0.467073
0.231009   -0.190887   -0.275104
0.29026   -0.453958   -0.330391
-0.45869   -0.170366   -0.454968
-0.418868   0.00140721   0.413984
0.411574   -0.0651851   -0.268718
-0.23633   -0.129525   -0.420135
0.0119139   -0.0721335   -0.452385
0.184724   -0.0123983   0.464645
-0.209359   0.0756698   -0.233512
-0.0842086   -0.275219   -0.295869
0.0424628   0.0665939   0.314152
0.391152   -0.0337936   -0.498802
-0.0192778   0.0934833   -0.312599
0.182956   0.00109333   -0.337526
0.477282   0.117021   -0.339725
-0.38069   0.270626   0.402401
0.481995   0.351576   -0.445324
-0.304521   0.206428   -0.368357
-0.181833   0.0461089   -0.44733
0.166046   0.366093   0.491118
-0.226205   0.404203   -0.412178
-0.0690158   0.282161   -0.334218
0.281453   0.173824   -0.410448
0.290024   0.364982   -0.340119
0.0887767   0.404057   -0.314504
0.360019   0.101135   -0.172229
-0.498428   0.490844   -0.111828
-0.310507   -0.419447   -0.145251
-0.48463   -0.316924   -0.0707934
-0.476709   -0.462583   0.099683
-0.0830298   -0.483463   -0.27352
0.124463   -0.374656   -0.267705
-0.239632   -0.423914   0.11361
0.121302   -0.433992   0.0459969
0.28623   0.424335   -0.090668
0.331331   -0.393882   -0.151882
0.333986   -0.397072   0.0564943
0.368421   0.406107   0.11947
-0.450011   -0.22302   -0.25735
-0.378038   -0.0343582   -0.28449
-0.497546   -0.0358465   -0.0961248
-0.214769   -0.201518   -0.149758
-0.0190034   -0.337897   -0.126802
-0.0392952   -0.0982903   -0.0999577
-0.195636   -0.0446138   0.0349634
0.0939874   -0.269443   0.193573
0.199948   -0.27463   -0.07733
0.3722   -0.180198   -0.107426
0.164478   0.0186425   -0.0907757
0.273307   -0.197147   0.129369
-0.387752   0.184441   -0.161819
-0.388351   0.380798   -0.265977
0.455022   0.204799   0.0298222
-0.375861   0.0640995   0.114947
-0.220732   0.301779   -0.200569
0.0853521   0.484544   -0.131485
-0.109928   0.466358   -0.0827084
-0.0716365   0.14436   -0.117124
0.192559   0.236637   -0.211959
0.416107   0.28355   -0.169635
0.283099   0.249823   -0.0214609
0.32535   0.0506126   0.0273014
0.476855   0.269186   0.252156
-0.360316   -0.354405   0.242877
0.477693   -0.298005   0.4119
-0.480054   0.483242   0.389922
-0.0411654   0.492278   0.153899
-0.078219   -0.303505   0.29916
-0.178763   -0.491903   0.346823
0.0902153   -0.4241   0.310153
0.170517   0.353649   0.187647
0.461406   -0.271301   0.179188
0.098919   -0.151158   0.364943
0.296446   0.428646   0.360586
0.451849   -0.080034   0.109064
-0.324483   -0.216461   0.0729953
-0.423425   -0.123774   0.264509
-0.244618   -0.150465   0.387338
-0.105251   -0.286906   0.0446693
-0.0880811   0.15501   0.0996071
-0.222157   0.0461464   0.344508
-0.0954018   -0.0794018   0.241497
0.063815   -0.092659   0.126548
0.241059   -0.00784438   0.249978
0.0599228   0.164886   -0.476332
0.340518   -0.154712   0.327562
0.438956   0.0414963   0.276696
-0.33833   0.371481   -0.0360186
0.448267   0.164934   0.435714
-0.283585   0.251139   0.228734
-0.172631   0.372245   0.0833259
0.0468813   0.324596   0.020635
-0.343621   0.448209   0.216159
-0.0994956   0.28899   0.466798
0.123319   0.125456   0.0840061
0.288079   0.185601   0.193607
-0.0416901   0.300466   0.263927
0.221561   0.1853   0.390695
