-4.71445
-4.71413
-4.71377
-4.71337
-4.7117
-4.70813
-4.70508
-4.70131
-4.6988
-4.69592
-4.6933
-4.68998
-4.68893
-4.68847
-4.68707
-4.68827
-4.68964
-4.69216
-4.694
-4.69621
-4.69786
-4.69973
-4.70069
-4.70192
-4.7024
-4.70218
-4.70253
-4.70264
-4.70272
-4.7025
-4.70217
-4.70264
-4.70252
-4.70256
-4.70213
-4.70274
-4.70289
-4.70261
-4.70252
-4.70218
-4.701
-4.70077
-4.70118
-4.70069
-4.7011
-4.70193
-4.70241
-4.70313
-4.70183
-4.70245
-3.96136
-3.96196
-3.96027
-3.95953
-3.95873
-3.95863
-3.9594
-3.95997
-3.96149
-3.9608
-3.96217
-3.96338
-3.96365
-3.96315
-3.96268
-3.96262
-3.96272
-3.96165
-3.96175
-3.96055
-3.95967
-3.95965
-3.96058
-3.96012
-3.96104
-3.96127
-3.96159
-3.96164
-3.96144
-3.96284
-3.96436
-3.96386
-3.96422
-3.96594
-3.96558
-3.96453
-3.96415
-3.96399
-3.96405
-3.96333
-3.96264
-3.96266
-3.96267
-3.96165
-3.96154
-3.96294
-3.96275
-3.96247
-3.96368
-3.96333
-3.60001
-3.59992
-3.60067
-3.59947
-3.59884
-3.59827
-3.5986
-3.59941
-3.59973
-3.5996
-3.60101
-3.6022
-3.60337
-3.6041
-3.60384
-3.60394
-3.60401
-3.60253
-3.60102
-3.59991
-3.59963
-3.59872
-3.60024
-3.60081
-3.60024
-3.6005
-3.60011
-3.60167
-3.60253
-3.60287
-3.60215
-3.60152
-3.60062
-3.60151
-3.60052
-3.60116
-3.60139
-3.60209
-3.60234
-3.60201
-3.60155
-3.60072
-3.60055
-3.59952
-3.59839
-3.59904
-3.59882
-3.59846
-3.59774
-3.5984
-3.51354
-3.51157
-3.5096
-3.50788
-3.50825
-3.50872
-3.5098
-3.50958
-3.51069
-3.51172
-3.51234
-3.51255
-3.51204
-3.51325
-3.51349
-3.51355
-3.51209
-3.51166
-3.51211
-3.51192
-3.51108
-3.50974
-3.50909
-3.50871
-3.50953
-3.50963
-3.50956
-3.50929
-3.50921
-3.50978
-3.51013
-3.5109
-3.51109
-3.51207
-3.51342
-3.51301
-3.5127
-3.51201
-3.51101
-3.51137
-3.51091
-3.51078
-3.51139
-3.5103
-3.51038
-3.51134
-3.51154
-3.51102
-3.51073
-3.50965
-3.4373
-3.43756
-3.43707
-3.43728
-3.43755
-3.43724
-3.43787
-3.43794
-3.4375
-3.43752
-3.43735
-3.43747
-3.4372
-3.4378
-3.43862
-3.43954
-3.43941
-3.44005
-3.44019
-3.43952
-3.43911
-3.43904
-3.4387
-3.43828
-3.4382
-3.43938
-3.44014
-3.43964
-3.4397
-3.43919
-3.4384
-3.43817
-3.43735
-3.43743
-3.43776
-3.43902
-3.43845
-3.4386
-3.43962
-3.43925
-3.43807
-3.4377
-3.43675
-3.43671
-3.43761
-3.43633
-3.43568
-3.43572
-3.43591
-3.43598
-3.41506
-3.4152
-3.41607
-3.41742
-3.41817
-3.41757
-3.41778
-3.41823
-3.41834
-3.41711
-3.41689
-3.41608
-3.41455
-3.41503
-3.41503
-3.4155
-3.41622
-3.41611
-3.41555
-3.41576
-3.41518
-3.41576
-3.41573
-3.41674
-3.41804
-3.41958
-3.42128
-3.42223
-3.42224
-3.4221
-3.42176
-3.42069
-3.41968
-3.4193
-3.41934
-3.4198
-3.42014
-3.42094
-3.42108
-3.42063
-3.42071
-3.42014
-3.41928
-3.41766
-3.41756
-3.41863
-3.41943
-3.42076
-3.42085
-3.42186
-3.44505
-3.44578
-3.44562
-3.44516
-3.44414
-3.44248
-3.44139
-3.44089
-3.44023
-3.44037
-3.44128
-3.44108
-3.44134
-3.44185
-3.44315
-3.44319
-3.44463
-3.44528
-3.44553
-3.44597
-3.44542
-3.44473
-3.44354
-3.44355
-3.44245
-3.44191
-3.44141
-3.44182
-3.44202
-3.44333
-3.44481
-3.4469
-3.44906
-3.44855
-3.44858
-3.44683
-3.44511
-3.44289
-3.44306
-3.44349
-3.44389
-3.44445
-3.44494
-3.44549
-3.44742
-3.44745
-3.4475
-3.44715
-3.4469
-3.44601
-3.44096
-3.44042
-3.44055
-3.43998
-3.43984
-3.43921
-3.43871
-3.43862
-3.4385
-3.43931
-3.43996
-3.44096
-3.44179
-3.44255
-3.44287
-3.44312
-3.44247
-3.44094
-3.44089
-3.43842
-3.43823
-3.43801
-3.43874
-3.43857
-3.43949
-3.4394
-3.43956
-3.44067
-3.44111
-3.44208
-3.44232
-3.44264
-3.44246
-3.4419
-3.44146
-3.44112
-3.44133
-3.44067
-3.44097
-3.43955
-3.44055
-3.4406
-3.43962
-3.44036
-3.44016
-3.44056
-3.43957
-3.44069
-3.44064
-3.44008
-3.43981
-3.44
-3.44003
-3.43993
-3.43965
-3.44019
-3.44034
-3.44041
-3.44048
-3.44177
-3.44221
-3.44112
-3.44024
-3.44069
-3.43952
-3.43861
-3.43871
-3.43923
-3.43877
-3.43831
-3.43868
-3.43889
-3.43964
-3.43925
-3.44009
-3.44059
-3.44047
-3.4395
-3.43851
-3.43752
-3.43818
-3.4388
-3.43919
-3.43857
-3.4388
-3.43889
-3.43895
-3.43904
-3.43848
-3.43902
-3.43868
-3.43786
-3.43796
-3.43832
-3.43785
-3.43706
-3.43688
-3.43796
-3.43843
-3.43807
-3.43848
-3.43882
-3.43878
-3.43893
-3.43893
-3.4388
-3.43925
-3.43731
-3.43692
-3.43601
-3.43535
-3.43413
-3.4341
-3.43378
-3.43426
-3.43409
-3.43392
-3.43339
-3.43364
-3.43421
-3.43523
-3.43563
-3.43751
-3.4379
-3.43883
-3.43883
-3.43818
-3.43611
-3.43664
-3.43539
-3.43463
-3.43467
-3.43486
-3.43466
-3.43493
-3.43392
-3.43541
-3.43563
-3.43634
-3.43738
-3.4367
-3.43641
-3.43648
-3.43533
-3.43502
-3.43524
-3.43397
-3.43277
-3.43201
-3.43297
-3.43388
-3.43605
-3.43746
-3.43792
-3.43849
-3.43832
-3.43888
-3.43893
-3.43871
-3.43908
-3.43816
-3.43737
-3.43675
-3.43705
-3.43777
-3.43707
-3.43649
-3.43623
-3.43578
-3.43715
-3.43797
-3.43847
-3.43887
-3.43827
-3.4374
-3.43643
-3.43558
-3.4354
-3.43403
-3.43337
-3.43288
-3.43394
-3.43507
-3.43665
-3.43769
-3.43789
-3.43717
-3.43711
-3.43728
-3.43578
-3.4357
-3.43487
-3.43397
-3.43355
-3.43222
-3.43374
-3.43452
-3.43509
-3.43624
-3.4372
-3.4378
-3.4369
-3.43538
-3.43393
-3.43343
-3.43327
-3.43334
-3.43246
-3.4315
-3.4309
-3.43108
-3.43118
-3.43137
-3.43298
-3.43372
-3.43518
-3.43664
-3.43766
-3.43813
-3.43824
-3.43731
-3.43704
-3.43689
-3.43602
-3.43707
-3.43559
-3.43539
-3.43596
-3.43713
-3.43662
-3.43738
-3.43656
-3.4366
-3.43688
-3.43738
-3.43751
-3.43783
-3.43797
-3.43739
-3.43742
-3.43824
-3.43884
-3.43873
-3.43827
-3.43722
-3.43619
-3.43612
-3.43601
-3.43646
-3.43632
-3.43603
-3.43622
-3.43617
-3.43653
-3.43614
-3.43554
-3.43528
-3.43582
-3.43558
-3.43576
-3.43591
-3.43558
-3.43596
-3.4348
-3.4351
-3.43608
-3.4367
-3.43681
-3.43593
-3.43704
-3.43645
-3.4367
-3.43767
-3.43816
-3.43761
-3.43763
-3.43673
-3.43637
-3.43505
-3.43456
-3.43381
-3.43311
-3.43321
-3.43404
-3.43496
-3.43473
-3.43335
-3.43383
-3.43466
-3.43537
-3.43605
-3.43716
-3.43764
-3.43748
-3.43737
-3.43608
-3.43644
-3.43659
-3.43647
-3.4367
-3.43762
-3.43893
-3.43998
-3.44137
-3.44191
-3.44264
-3.44216
-3.44219
-3.44119
-3.43966
-3.4387
-3.43805
-3.43858
-3.43903
-3.43907
-3.43957
-3.44016
-3.44043
-3.44179
-3.44117
-3.44088
-3.44182
-3.44058
-3.43971
-3.43899
-3.4382
-3.43762
-3.43722
-3.43788
-3.43669
-3.43681
-3.43635
-3.43721
-3.43649
-3.43774
-3.43841
-3.43892
-3.43931
-3.43922
-3.43913
-3.43843
-3.43735
-3.43686
-3.43646
-3.43526
-3.43488
-3.43436
-3.4344
-3.43352
-3.43483
-3.43324
-3.43279
-3.43286
-3.43334
-3.43274
-3.43229
-3.4321
-3.43291
-3.43326
-3.43394
-3.43479
-3.43654
-3.43753
-3.43903
-3.43901
-3.43785
-3.43773
-3.43809
-3.43845
-3.43794
-3.43771
-3.4376
-3.4366
-3.43617
-3.43557
-3.43643
-3.43762
-3.43745
-3.43755
-3.43793
-3.43766
-3.43673
-3.43553
-3.43483
-3.43486
-3.43587
-3.43606
-3.43569
-3.43541
-3.43384
-3.43301
-3.43359
-3.43258
-3.43221
-3.4318
-3.43265
-3.43284
-3.43338
-3.4348
-3.4351
-3.43387
-3.43317
-3.43212
-3.43114
-3.43025
-3.42982
-3.43103
-3.43028
-3.43111
-3.43027
-3.43163
-3.43268
-3.43368
-3.43328
-3.43254
-3.43393
-3.43392
-3.43483
-3.43645
-3.43745
-3.43806
-3.43767
-3.43732
-3.43638
-3.43438
-3.43307
-3.43371
-3.43257
-3.43202
-3.43414
-3.43417
-3.43222
-3.4317
-3.43173
-3.43006
-3.43107
-3.43244
-3.43296
-3.43481
-3.43553
-3.43633
-3.43562
-3.43584
-3.43515
-3.43575
-3.43534
-3.43633
-3.43662
-3.43612
-3.43589
-3.43512
-3.43441
-3.43481
-3.43642
-3.43768
-3.4377
-3.4374
-3.4359
-3.43489
-3.43456
-3.43459
-3.43491
-3.43595
-3.43768
-3.43993
-3.44042
-3.4415
-3.44078
-3.43999
-3.43998
-3.43884
-3.43786
-3.43725
-3.4365
-3.43674
-3.43568
-3.43543
-3.43409
-3.435
-3.4358
-3.43662
-3.43624
-3.43599
-3.43696
-3.43719
-3.43735
-3.43817
-3.43682
-3.43661
-3.43705
-3.43676
-3.43607
-3.43416
-3.43334
-3.43395
-3.43317
-3.43394
-3.43407
-3.43504
-3.4359
-3.43701
-3.43777
-3.43819
-3.43841
-3.43969
-3.44043
-3.44133
-3.4415
-3.44119
-3.44178
-3.44121
-3.44103
-3.44048
-3.44029
-3.43851
-3.43702
-3.43681
-3.43628
-3.43548
-3.43563
-3.43612
-3.43559
-3.43611
-3.43666
-3.43743
-3.43845
-3.44002
-3.44096
-3.44048
-3.44106
-3.44139
-3.44025
-3.44034
-3.44027
-3.44037
-3.43852
-3.43848
-3.43913
-3.43947
-3.43962
-3.43843
-3.43709
-3.43684
-3.43749
-3.43767
-3.43801
-3.43844
-3.43922
-3.43978
-3.43982
-3.43913
-3.43936
-3.43879
-3.43764
-3.43675
-3.43631
-3.43541
-3.43448
-3.43455
-3.43402
-3.4356
-3.43619
-3.43728
-3.43888
-3.43937
-3.43975
-3.4405
-3.44063
-3.4419
-3.44253
-3.44347
-3.44312
-3.44404
-3.44309
-3.44189
-3.44077
-3.44023
-3.44035
-3.44041
-3.43952
-3.4392
-3.43749
-3.43704
-3.43706
-3.43753
-3.43793
-3.4384
-3.43929
-3.44037
-3.44048
-3.44158
-3.44121
-3.44225
-3.44191
-3.44227
-3.44232
-3.4413
-3.44064
-3.43974
-3.44034
-3.44051
-3.44121
-3.44174
-3.44012
-3.43975
-3.43923
-3.43831
-3.43752
-3.43702
-3.4371
-3.43612
-3.43667
-3.43721
-3.43761
-3.43771
-3.43731
-3.43711
-3.43715
-3.4375
-3.43865
-3.43897
-3.43902
-3.43841
-3.43829
-3.43821
-3.43805
-3.43744
-3.43703
-3.43715
-3.43719
-3.43756
-3.43686
-3.43661
-3.43636
-3.43569
-3.43667
-3.43638
-3.43651
-3.43584
-3.43607
-3.43563
-3.43621
-3.43612
-3.43481
-3.43496
-3.43524
-3.43641
-3.43671
-3.43743
-3.43629
-3.4359
-3.43465
-3.43486
-3.4346
-3.43392
-3.43436
-3.43337
-3.43278
-3.43275
-3.43222
-3.4323
-3.43231
-3.43226
-3.43234
-3.43344
-3.43369
-3.43317
-3.4331
-3.43236
-3.43256
-3.43278
-3.43281
-3.43192
-3.43155
-3.43101
-3.43006
-3.42821
-3.4273
-3.42732
-3.42753
-3.42912
-3.43133
-3.43285
-3.43348
-3.43434
-3.43606
-3.43634
-3.43597
-3.43513
-3.43379
-3.43286
-3.43351
-3.43237
-3.43311
-3.43359
-3.43296
-3.43308
-3.43201
-3.4325
-3.43234
-3.4321
-3.43275
-3.43349
-3.43423
-3.43363
-3.43466
-3.43495
-3.4337
-3.4329
-3.43301
-3.43284
-3.43269
-3.43414
-3.43413
-3.43423
-3.43481
-3.43553
-3.43614
-3.43664
-3.43801
-3.43903
-3.44016
-3.4399
-3.43977
-3.43865
-3.43647
-3.43338
-3.43132
-3.42979
-3.42935
-3.42943
-3.43103
-3.43238
-3.43476
-3.4361
-3.43698
-3.4374
-3.43727
-3.43743
-3.4376
-3.43753
-3.43763
-3.43732
-3.43703
-3.43631
-3.43603
-3.43552
-3.43532
-3.43639
-3.43732
-3.43813
-3.43856
-3.4392
-3.43877
-3.43916
-3.43956
-3.44017
-3.44056
-3.44059
-3.44126
-3.4404
-3.44102
-3.44081
-3.44049
-3.4402
-3.44127
-3.44115
-3.44007
-3.4395
-3.43884
-3.4387
-3.439
-3.4388
-3.44068
-3.43973
-3.44116
-3.44053
-3.44047
-3.43893
-3.43787
-3.4372
-3.43641
-3.43614
-3.43515
-3.43422
-3.434
-3.43378
-3.43404
-3.43323
-3.43281
-3.43276
-3.4326
-3.4322
-3.43199
-3.43174
-3.43213
-3.43248
-3.43138
-3.43036
-3.42997
-3.43034
-3.43087
-3.43044
-3.43167
-3.43194
-3.4327
-3.43384
-3.43524
-3.43606
-3.43657
-3.43643
-3.43737
-3.43686
-3.4366
-3.43661
-3.43568
-3.4349
-3.43517
-3.43521
-3.43453
-3.43266
-3.43267
-3.43283
-3.43218
-3.43168
-3.43182
-3.43336
-3.43297
-3.43351
-3.4342
-3.43425
-3.43541
-3.43696
-3.43715
-3.438
-3.43797
-3.43786
-3.43825
-3.43915
-3.43905
-3.43887
-3.43835
-3.43786
-3.43902
-3.43859
-3.43701
-3.43541
-3.43449
-3.43439
-3.4345
-3.43483
-3.43475
-3.43498
-3.43427
-3.43404
-3.43445
-3.43356
-3.43365
-3.43519
-3.43594
-3.4366
-3.43592
-3.43667
-3.43654
-3.43546
-3.43564
-3.43614
-3.43554
-3.43446
-3.43428
-3.43392
-3.43336
-3.43402
-3.43444
-3.43367
-3.43357
-3.43366
-3.43433
-3.43382
-3.43519
-3.43569
-3.43706
-3.43739
-3.43735
-3.43808
-3.43983
-3.43954
-3.4387
-3.43841
-3.43707
-3.43655
-3.43721
-3.43541
-3.43539
-3.43476
-3.4342
-3.43311
-3.43199
-3.43281
-3.43405
-3.43498
-3.43671
-3.43796
-3.43865
-3.4383
-3.43704
-3.4381
-3.43972
-3.43977
-3.43946
-3.43838
-3.43739
-3.4375
-3.43551
-3.43501
-3.43524
-3.43434
-3.43504
-3.43506
-3.43551
-3.43523
-3.43655
-3.43814
-3.43862
-3.43901
-3.43891
-3.43877
-3.43774
-3.43799
-3.43939
-3.43986
-3.44042
-3.43985
-3.43976
-3.43926
-3.43878
-3.43771
-3.43605
-3.43525
-3.43465
-3.43386
-3.43433
-3.43614
-3.43648
-3.43753
-3.43939
-3.44142
-3.44319
-3.44473
-3.44441
-3.44419
-3.44316
-3.4434
-3.44136
-3.44058
-3.43925
-3.43796
-3.43673
-3.43713
-3.43634
-3.43506
-3.4365
-3.43691
-3.43838
-3.43946
-3.44259
-3.44321
-3.44406
-3.44366
-3.44488
-3.44323
-3.44286
-3.44169
-3.44113
-3.44006
-3.43905
-3.43823
-3.43774
-3.43823
-3.43886
-3.43952
-3.4401
-3.44078
-3.44056
-3.43992
-3.43973
-3.43914
-3.4392
-3.43943
-3.44093
-3.4421
-3.44296
-3.4441
-3.44446
-3.4444
-3.445
-3.44341
-3.44187
-3.44053
-3.43873
