-5.31735
-5.28263
-5.22416
-5.14082
-5.02915
-4.88626
-4.71378
-4.50744
-4.26824
-3.99215
-3.68023
-3.33326
-2.96165
-2.57245
-2.17702
-1.79784
-1.44868
-1.14668
-0.900203
-0.716419
-0.593432
-0.526879
-0.505686
-0.520557
-0.55849
-0.609423
-0.667314
-0.725144
-0.779929
-0.82986
-0.875114
-0.917597
-0.955521
-0.990084
-1.01982
-1.04641
-1.06701
-1.08181
-1.09277
-1.10082
-1.10688
-1.1155
-1.12743
-1.14093
-1.15893
-1.18001
-1.20162
-1.22289
-1.23836
-1.25284
-0.850397
-0.808372
-0.730394
-0.627761
-0.506591
-0.376985
-0.248647
-0.129118
-0.0280169
0.0550594
0.112968
0.152634
0.180943
0.20358
0.224319
0.245894
0.269864
0.298108
0.327139
0.363273
0.407524
0.461481
0.524373
0.596364
0.667405
0.733622
0.785718
0.816881
0.822668
0.800216
0.756036
0.700185
0.635213
0.566659
0.50509
0.452459
0.410241
0.382549
0.372313
0.38301
0.413347
0.459987
0.519656
0.588295
0.656831
0.719055
0.775862
0.822498
0.855663
0.881285
1.10691
1.15051
1.20741
1.28239
1.36896
1.46211
1.55164
1.62781
1.68245
1.70873
1.7006
1.6617
1.59611
1.51256
1.42334
1.33943
1.27358
1.23695
1.23101
1.25393
1.29966
1.36204
1.42636
1.48827
1.54004
1.57336
1.58965
1.58808
1.5792
1.56983
1.56654
1.57087
1.58392
1.59977
1.61844
1.62642
1.61973
1.59383
1.55273
1.50378
1.45541
1.41635
1.39037
1.38082
1.38262
1.38545
1.38631
1.38101
1.37298
1.36701
1.4284
1.46612
1.5215
1.58747
1.65244
1.7111
1.75604
1.78669
1.79829
1.79456
1.77863
1.75385
1.72433
1.68961
1.65655
1.62549
1.59957
1.57567
1.55526
1.5423
1.53856
1.54572
1.56367
1.59458
1.63768
1.69525
1.76328
1.83531
1.90085
1.94776
1.9681
1.9576
1.92291
1.87325
1.82245
1.78421
1.76065
1.75253
1.75637
1.76503
1.77821
1.79198
1.80507
1.82157
1.8374
1.85341
1.87223
1.8929
1.91171
1.92686
1.97657
1.97751
1.96949
1.95126
1.92669
1.9006
1.8747
1.85533
1.84545
1.84449
1.85178
1.86278
1.87527
1.8868
1.9003
1.91789
1.94183
1.96868
2.00058
2.0395
2.08529
2.13749
2.19357
2.24679
2.28985
2.31765
2.33409
2.34577
2.35618
2.37175
2.39334
2.41752
2.44175
2.45857
2.46512
2.45852
2.44334
2.41652
2.37914
2.33621
2.2886
2.2364
2.18562
2.13838
2.09894
2.0751
2.06288
2.06003
2.06322
2.06739
2.08384
2.07902
2.0637
2.04035
2.01479
1.99262
1.97402
1.96248
1.96058
1.97016
1.98561
2.00539
2.0242
2.03196
2.0279
2.00868
1.97795
1.94701
1.92846
1.93183
1.96418
2.01828
2.08507
2.14493
2.1802
2.17529
2.1243
2.03613
1.92915
1.82233
1.73116
1.66447
1.6224
1.60057
1.59251
1.58986
1.58629
1.57807
1.57015
1.57003
1.58381
1.61706
1.66674
1.72587
1.78062
1.82191
1.84468
1.84334
1.81987
1.7736
1.69752
1.63041
1.5655
1.51177
1.47923
1.47554
1.50237
1.55792
1.63632
1.72543
1.81408
1.89582
1.96117
2.00586
2.02662
2.02676
2.00462
1.96867
1.92548
1.88265
1.85039
1.83373
1.83673
1.85795
1.90192
1.96731
2.05456
2.1563
2.26017
2.34423
2.39195
2.39515
2.36099
2.30904
2.25143
2.20707
2.1844
2.18947
2.21402
2.24815
2.27401
2.27716
2.25417
2.20986
2.15034
2.08926
2.032
1.98799
1.96388
1.96472
1.99643
2.03807
2.08051
2.11614
2.13962
2.15536
2.16764
2.17875
2.18778
2.18846
2.17754
2.15138
2.11084
2.05805
1.99768
1.93561
1.88223
1.84758
1.83573
1.85602
1.89848
1.9595
2.02721
2.09375
2.14736
2.18701
2.21043
2.21856
2.21649
2.20473
2.18879
2.17312
2.16551
2.17024
2.18575
2.20618
2.22272
2.23056
2.22284
2.2039
2.17073
2.1343
2.1002
2.06777
2.04335
2.02546
2.01785
2.01514
2.02169
2.03388
2.04624
2.05346
2.05128
2.03458
1.99867
1.93918
1.85906
1.76353
1.66165
1.56169
1.47605
1.41285
1.37397
1.35983
1.37493
1.41397
1.47205
1.54615
1.63468
1.73155
1.82871
1.91863
1.99116
2.04389
2.07377
2.08842
2.09408
2.0951
2.09205
2.08551
2.0732
2.05877
2.04452
2.03454
2.0285
2.02876
2.03294
2.03622
2.03543
2.028
2.02346
2.03087
2.05556
2.09894
2.15495
2.20992
2.25053
2.26983
2.27232
2.26451
2.24924
2.2285
2.1981
2.15078
2.08475
2.00543
1.92422
1.8606
1.81956
1.8095
1.82868
1.8738
1.93425
2.00252
2.06823
2.13052
2.19079
2.25216
2.30987
2.35565
2.37875
2.37388
2.33611
2.27295
2.18724
2.09052
1.9942
1.91196
1.84821
1.81681
1.81589
1.84149
1.88671
1.94162
1.99348
2.03572
2.05692
2.0622
2.05112
2.02735
1.99716
1.95948
1.91719
1.87737
1.84345
1.82342
1.8262
1.85045
1.88975
1.92921
1.95473
1.94972
1.91199
1.84788
1.76929
1.69259
1.62781
1.58562
1.57099
1.5847
1.62876
1.69707
1.78399
1.88227
1.98727
2.09746
2.20626
2.30817
2.3967
2.45956
2.49249
2.4925
2.46421
2.42008
2.37241
2.33431
2.31742
2.32999
2.37819
2.45192
2.53286
2.59338
2.61709
2.59993
2.552
2.48587
2.41269
2.33932
2.27441
2.22764
2.19866
2.19282
2.20785
2.23873
2.28007
2.31407
2.33198
2.32166
2.281
2.2223
2.16207
2.11512
2.08503
2.06792
2.05606
2.04705
2.04461
2.05973
2.09976
2.16627
2.25172
2.343
2.4221
2.47196
2.48921
2.47338
2.43336
2.37925
2.32014
2.26332
2.21584
2.17899
2.15575
2.14767
2.14843
2.16041
2.17109
2.17523
2.17063
2.16371
2.1565
2.16064
2.17627
2.20359
2.23764
2.27213
2.29923
2.31467
2.31672
2.30267
2.27395
2.23724
2.20098
2.17156
2.15213
2.13872
2.12368
2.10376
2.07721
2.04903
2.02332
2.00352
1.99418
1.99642
2.01261
2.04002
2.07316
2.10485
2.13214
2.15167
2.16732
2.18508
2.20631
2.23301
2.25411
2.26296
2.25608
2.23332
2.19767
2.14542
2.08057
1.99646
1.89324
1.77709
1.65719
1.54183
1.44473
1.37276
1.33311
1.32262
1.33877
1.37457
1.42219
1.47599
1.53282
1.59157
1.64983
1.70051
1.74395
1.77955
1.80711
1.82697
1.84211
1.85385
1.86383
1.88021
1.90789
1.95808
2.03288
2.12445
2.2176
2.29506
2.34322
2.35475
2.33485
2.2925
2.24399
2.20037
2.17487
2.17251
2.19104
2.22395
2.25808
2.28248
2.28826
2.27057
2.23083
2.17093
2.08854
1.98869
1.87082
1.74094
1.61563
1.50348
1.41651
1.36382
1.34999
1.37597
1.43723
1.53111
1.64112
1.75561
1.85682
1.93874
1.99167
2.02153
2.03224
2.02805
2.01209
1.98422
1.94574
1.89799
1.8436
1.78962
1.744
1.70898
1.68746
1.67642
1.67455
1.67398
1.68213
1.69422
1.71366
1.74245
1.78353
1.83483
1.89621
1.96716
2.05003
2.13985
2.22604
2.2901
2.32051
2.31745
2.3038
2.30041
2.31265
2.33675
2.36411
2.39108
2.41802
2.45053
2.49225
2.53568
2.57045
2.58054
2.55841
2.50662
2.43315
2.35595
2.29465
2.26049
2.25326
2.26133
2.26755
2.25698
2.22821
2.18897
2.1533
2.13762
2.14723
2.18259
2.24371
2.31748
2.39271
2.45458
2.49598
2.51023
2.49824
2.47174
2.44449
2.42674
2.42901
2.45254
2.4921
2.53787
2.57859
2.61306
2.63197
2.63953
2.63094
2.614
2.59422
2.58015
2.57409
2.57034
2.56572
2.54314
2.49194
2.41333
2.31892
2.22981
2.16452
2.13767
2.1547
2.20889
2.28754
2.3818
2.47288
2.54622
2.60467
2.64987
2.68223
2.7093
2.73781
2.75919
2.77152
2.7697
2.74516
2.7013
2.64104
2.57558
2.51031
2.45535
2.41088
2.38106
2.36064
2.35139
2.3529
2.36429
2.38651
2.41211
2.42368
2.40345
2.35049
2.28278
2.22366
2.1936
2.19811
2.23474
2.29195
2.34949
2.38298
2.37474
2.32057
2.23229
2.12056
2.00433
1.89435
1.80047
1.73434
1.70004
1.70099
1.73914
1.81072
1.91367
2.03472
2.16332
2.27929
2.37312
2.43551
2.46495
2.46181
2.43184
2.38799
2.33791
2.2863
2.24101
2.19955
2.16631
2.14781
2.14728
2.16792
2.20564
2.25769
2.32484
2.39698
2.46952
2.52926
2.56601
2.57206
2.55045
2.5104
2.46051
2.40194
2.33613
2.26101
2.1801
2.09784
2.01729
1.94571
1.88322
1.8331
1.79663
1.77936
1.77949
1.79434
1.82286
1.85964
1.89664
1.92874
1.95239
1.95971
1.95
1.9244
1.88784
1.8469
1.80995
1.78228
1.76095
1.747
1.7409
1.73752
1.73883
1.74415
1.75637
1.76929
1.78595
1.81146
1.85096
1.91122
1.9919
2.08732
2.18938
2.29046
2.38179
2.45903
2.51905
2.56026
2.58037
2.57813
2.55339
2.51732
2.48263
2.4607
2.45934
2.48236
2.52713
2.58607
2.65016
2.69788
2.71821
2.70433
2.66433
2.61231
2.55361
2.48813
2.41443
2.32667
2.22745
2.11856
2.00868
1.90159
1.81008
1.73662
1.68138
1.64073
1.61181
1.59626
1.59973
1.62555
1.6799
1.75514
1.84122
1.92055
1.97532
1.99314
1.97315
1.92563
1.86524
1.79865
1.73564
1.67591
1.62895
1.59793
1.59044
1.6102
1.65149
1.70555
1.75623
1.79415
1.81104
1.80923
1.80005
1.78997
1.79258
1.81499
1.85594
1.90857
1.96337
2.01616
2.06007
2.09714
2.12696
2.14904
2.1642
2.1734
2.1789
2.1814
2.17879
2.17127
2.1561
2.13398
2.10534
2.07427
2.0438
2.01574
1.98823
1.95869
1.92606
1.88866
1.84901
1.80566
1.76005
1.71312
1.66189
1.61303
1.56833
1.53618
1.52004
1.52588
1.55008
1.58954
1.63621
1.67667
1.70666
1.72272
1.72935
1.72895
1.73088
1.73651
1.75261
1.77809
1.81717
1.86972
1.93196
2.00556
2.0846
2.16556
2.24664
2.32165
2.3854
2.43026
2.44976
2.4411
2.41182
2.37065
2.32547
2.28633
2.25587
2.2371
2.22838
2.22704
2.22749
2.23015
2.23753
2.25423
2.28109
2.31907
2.36332
2.3963
2.39915
2.3609
2.2835
2.1784
2.06119
1.94974
1.85221
1.77216
1.70879
1.65764
1.61449
1.58345
1.55747
1.53852
1.52826
1.52716
1.54295
1.57261
1.61453
1.65749
1.68924
1.70502
1.70583
1.70052
1.69394
1.69932
1.72477
1.76961
1.83024
1.90057
1.9693
2.02453
2.06641
2.09183
2.10001
2.08874
2.0531
1.98719
1.88516
1.74891
1.58521
1.41349
1.25543
1.13739
1.0783
1.08789
1.1636
1.29768
1.47218
1.66353
1.84119
1.97973
2.05662
2.06994
2.03084
1.9612
1.88218
1.80651
1.74217
1.69386
1.66478
1.6596
1.67888
1.72002
1.77347
1.8292
1.87506
1.90098
1.90541
1.8901
1.8614
1.82604
1.79291
1.76343
1.74058
1.72332
1.71022
1.69916
1.68709
1.67742
1.66645
1.65978
1.65904
1.66769
1.68784
1.72744
1.7884
1.86745
1.96032
2.05604
2.14116
2.20308
2.22674
2.21516
2.16288
2.08695
1.99784
1.9142
1.84466
1.79542
1.76835
1.76117
1.7743
1.80501
1.84953
1.90433
1.96282
2.02201
2.07561
2.12119
2.1576
2.18341
2.19673
2.19819
2.18938
2.17667
2.16942
2.17249
2.1904
2.22454
2.273
2.3306
2.38399
2.42807
2.4532
2.45532
2.43389
2.39271
2.33615
2.27049
2.19845
2.12806
2.05929
1.99419
1.9365
1.88583
1.84177
1.80816
1.78919
1.78988
1.80877
1.84959
1.91183
1.98927
2.07485
2.16027
2.24373
2.31391
2.36597
2.3963
2.39925
2.37585
2.33241
2.27257
2.20782
2.1458
2.09183
2.0475
2.01204
1.97815
1.94197
1.90387
1.86883
1.85321
1.86617
1.90984
1.97936
2.0646
2.15447
2.23923
2.31536
2.38266
2.4474
2.5113
2.57483
2.63666
2.68317
2.70099
2.68534
2.6373
2.56982
2.49157
2.41697
2.35403
2.30427
2.27083
2.25437
2.25049
2.25315
2.26016
2.26823
2.27354
2.27981
2.29214
2.31088
2.3373
2.36767
2.39913
2.41995
2.42778
2.41477
2.3817
2.32864
2.25766
2.17436
2.0912
2.01427
1.94985
1.9068
1.88619
1.8898
1.9247
1.98494
2.07427
2.18952
2.3256
2.46987
2.60177
2.70425
2.76368
2.77475
2.74862
2.70167
2.64812
2.59037
2.51566
2.42019
2.31286
2.20707
2.11748
2.04918
2.00148
1.97907
1.97686
1.99696
2.04118
2.0997
2.16586
2.22468
2.26569
2.27806
2.26486
2.23661
2.20301
2.1733
2.14796
2.12141
2.07925
2.01266
1.92223
1.81088
1.69083
1.57317
1.47333
1.40215
1.36766
1.37201
1.41059
1.47881
1.56902
1.668
1.76197
1.8397
1.88244
1.87977
1.83168
1.74804
1.64459
1.54106
1.4485
1.37817
1.33241
1.31903
1.33224
1.37354
1.44033
1.53058
1.63843
1.76273
1.89436
2.0181
2.1287
2.21189
2.26106
2.26734
2.23795
2.17388
2.08699
1.9842
1.8837
1.78838
1.70928
1.65021
1.61681
1.60874
1.62203
1.6482
1.67483
1.69247
1.69602
1.68881
1.67965
1.67979
1.69473
1.72452
1.76702
1.81139
1.84496
1.85234
1.82822
1.77361
1.69564
1.60673
1.51645
1.43185
1.36578
1.32319
1.3122
1.34039
