1.09917
1.09625
1.09109
1.08342
1.07289
1.05902
1.04125
1.01891
0.991294
0.95779
0.918002
0.871946
0.820259
0.76441
0.706719
0.65019
0.598095
0.553378
0.518178
0.493528
0.479322
0.474448
0.477111
0.485168
0.496476
0.509169
0.521826
0.533511
0.543769
0.552532
0.559979
0.566369
0.571908
0.576699
0.580701
0.583794
0.585888
0.587024
0.587396
0.587334
0.587233
0.587458
0.588261
0.589798
0.592095
0.595025
0.59833
0.60162
0.604497
0.606632
1.09872
1.09114
1.07783
1.0599
1.03874
1.01597
0.993364
0.972661
0.955385
0.942433
0.933843
0.928896
0.926425
0.925237
0.924358
0.923185
0.921591
0.919785
0.917847
0.915336
0.911444
0.905515
0.897508
0.887982
0.877916
0.868603
0.861556
0.858226
0.859506
0.8654
0.875069
0.887195
0.900393
0.913498
0.925635
0.936126
0.944383
0.949836
0.951949
0.950357
0.945026
0.936361
0.925197
0.912632
0.899798
0.887718
0.877151
0.868557
0.862082
0.857532
1.09483
1.08716
1.07662
1.06304
1.0468
1.02894
1.0112
0.99566
0.984352
0.978714
0.979406
0.986343
0.998757
1.01512
1.0332
1.05034
1.06408
1.0726
1.07509
1.07175
1.06367
1.05252
1.04031
1.02898
1.02015
1.01485
1.01327
1.01466
1.01765
1.02066
1.02242
1.02218
1.01978
1.01573
1.01125
1.00806
1.00776
1.01117
1.01788
1.02644
1.03497
1.04173
1.0456
1.04636
1.04483
1.04264
1.04142
1.04189
1.04344
1.04439
1.09727
1.09043
1.07988
1.067
1.05359
1.04144
1.03193
1.02584
1.02325
1.02378
1.02686
1.03175
1.03769
1.04394
1.04997
1.05548
1.06036
1.06448
1.06772
1.06982
1.07053
1.06951
1.0664
1.06088
1.05275
1.04211
1.02946
1.01603
1.00381
0.995178
0.992173
0.995584
1.00442
1.0163
1.02843
1.03862
1.04583
1.05012
1.05228
1.0533
1.054
1.05476
1.05563
1.05641
1.05687
1.05679
1.05603
1.05466
1.05304
1.05186
1.09916
1.09971
1.10205
1.10604
1.11115
1.11666
1.12177
1.12572
1.12789
1.12809
1.12672
1.12463
1.12261
1.12076
1.11864
1.11576
1.11196
1.10732
1.10181
1.09507
1.08669
1.07666
1.06566
1.05506
1.04635
1.04038
1.03696
1.03499
1.03305
1.03009
1.02578
1.0205
1.01517
1.01088
1.0085
1.00842
1.01065
1.015
1.02126
1.02919
1.03852
1.04878
1.05923
1.06897
1.07706
1.08285
1.08617
1.08736
1.08725
1.08693
1.0999
1.10146
1.10493
1.10981
1.1152
1.1201
1.12373
1.12552
1.12513
1.12249
1.11796
1.11243
1.10711
1.10329
1.10208
1.10404
1.10864
1.11394
1.1171
1.11554
1.10806
1.09532
1.07967
1.06457
1.05402
1.05146
1.05844
1.07358
1.09317
1.11289
1.12949
1.1413
1.14809
1.15065
1.15046
1.14934
1.14891
1.14987
1.15157
1.15235
1.15035
1.14461
1.1355
1.12452
1.11376
1.1052
1.10036
1.1001
1.10464
1.11347
1.11099
1.12424
1.13745
1.14869
1.15605
1.15798
1.15367
1.14343
1.12867
1.11155
1.09436
1.07898
1.0668
1.05871
1.05518
1.05618
1.06119
1.06922
1.07884
1.08831
1.09593
1.10045
1.1012
1.09799
1.09068
1.07891
1.06255
1.04262
1.02191
1.00458
0.994584
0.993708
1.00073
1.01244
1.0252
1.03581
1.04187
1.0422
1.03748
1.03045
1.02508
1.02454
1.02968
1.03941
1.05194
1.06552
1.07846
1.08895
1.09544
1.09705
1.09599
1.08904
1.08164
1.07585
1.07239
1.07051
1.06885
1.06667
1.06421
1.06245
1.06254
1.06516
1.07041
1.07798
1.0872
1.09692
1.10545
1.1108
1.11133
1.10641
1.09649
1.08306
1.06822
1.05418
1.04265
1.03447
1.02957
1.02742
1.02747
1.02923
1.03205
1.03482
1.03606
1.03477
1.03102
1.02606
1.0216
1.01916
1.01962
1.023
1.02857
1.03518
1.04171
1.04741
1.05191
1.05506
1.05672
1.05681
1.05541
1.05292
1.05013
1.04801
1.04758
1.04989
1.05595
1.06648
1.08142
1.09974
1.11964
1.13907
1.15623
1.16973
1.17866
1.18261
1.18162
1.17617
1.16697
1.15478
1.14022
1.12404
1.10742
1.09215
1.08008
1.07231
1.06869
1.0681
1.06927
1.07134
1.07392
1.07693
1.08034
1.08401
1.08756
1.09038
1.0919
1.0919
1.09081
1.08967
1.08951
1.09044
1.09118
1.08964
1.08409
1.07434
1.06201
1.04988
1.04059
1.03544
1.03411
1.03518
1.03735
1.04038
1.0453
1.05366
1.0662
1.08202
1.09859
1.11278
1.12217
1.12565
1.12331
1.11609
1.10557
1.09381
1.08264
1.07264
1.06308
1.05308
1.04297
1.03446
1.02976
1.03036
1.0366
1.04799
1.06338
1.08102
1.09862
1.11377
1.12432
1.12891
1.1272
1.11993
1.10874
1.09589
1.08371
1.07413
1.06822
1.06606
1.06705
1.07037
1.07539
1.08171
1.08886
1.09606
1.10202
1.10518
1.10431
1.09907
1.09059
1.08154
1.07558
1.07593
1.08393
1.09839
1.11645
1.1349
1.15115
1.1634
1.17055
1.17212
1.16824
1.1596
1.14724
1.13225
1.11558
1.09797
1.08008
1.06281
1.04758
1.03633
1.03088
1.03201
1.03884
1.04918
1.06027
1.06938
1.074
1.07211
1.06283
1.04745
1.0299
1.01566
1.00891
1.01047
1.01843
1.03009
1.04311
1.05556
1.06588
1.07279
1.07545
1.07352
1.06727
1.05751
1.04577
1.03448
1.02673
1.0251
1.02999
1.03914
1.04904
1.05685
1.0615
1.06367
1.06487
1.06604
1.06657
1.06447
1.05772
1.04558
1.02928
1.01171
0.996516
0.986839
0.984133
0.98792
0.996505
1.0079
1.02028
1.03212
1.04223
1.04982
1.05449
1.0562
1.0554
1.0531
1.05068
1.04953
1.05026
1.05231
1.05425
1.05448
1.05204
1.04703
1.0405
1.03396
1.02892
1.02643
1.02702
1.03085
1.03759
1.04617
1.05494
1.0623
1.06756
1.0713
1.07487
1.0794
1.08517
1.09152
1.09747
1.10208
1.10466
1.10474
1.10214
1.0972
1.0908
1.08428
1.07881
1.07474
1.07134
1.06736
1.06197
1.05534
1.04877
1.04394
1.04199
1.04305
1.04657
1.05232
1.06075
1.0726
1.08809
1.10655
1.12647
1.14575
1.16217
1.17386
1.17987
1.18027
1.17596
1.16826
1.15852
1.14783
1.13692
1.1263
1.11633
1.10735
1.09973
1.09373
1.08937
1.08647
1.08483
1.0843
1.08447
1.08415
1.08134
1.07411
1.06178
1.04556
1.0284
1.01401
1.00553
1.00435
1.00983
1.01971
1.03104
1.04093
1.04708
1.04825
1.04449
1.03721
1.02888
1.02225
1.01934
1.02083
1.02648
1.03595
1.04933
1.06674
1.0878
1.11116
1.13465
1.15576
1.17212
1.18194
1.18414
1.17847
1.16547
1.14648
1.12377
1.10029
1.0791
1.06247
1.05124
1.04499
1.04269
1.04339
1.04657
1.05217
1.06023
1.07048
1.08214
1.09391
1.1044
1.1126
1.11821
1.12167
1.12384
1.12542
1.12664
1.12714
1.12638
1.12392
1.11954
1.11319
1.10472
1.09378
1.08009
1.0641
1.0479
1.03518
1.02931
1.0302
1.03377
1.03529
1.03279
1.0274
1.02139
1.016
1.0108
1.00447
0.996322
0.987232
0.979558
0.976212
0.979323
0.989122
1.0035
1.01866
1.03066
1.03699
1.03748
1.03438
1.03143
1.03206
1.03744
1.04604
1.05461
1.06004
1.0604
1.05526
1.04552
1.03307
1.0204
1.01012
1.00436
1.00415
1.00915
1.01754
1.02653
1.03315
1.03536
1.03267
1.02608
1.01757
1.00913
1.00223
0.997626
0.995544
0.995748
0.997507
0.999617
1.00074
0.999986
0.997685
0.995747
0.997184
1.00464
1.01863
1.0368
1.05489
1.06854
1.0748
1.07259
1.0627
1.04736
1.02968
1.01288
0.999337
0.990066
0.984589
0.981525
0.979347
0.977182
0.975202
0.974497
0.976562
0.982559
0.992685
1.00601
1.02072
1.03488
1.04695
1.05616
1.06244
1.0661
1.06749
1.06669
1.06349
1.05781
1.0509
1.0462
1.04785
1.05704
1.07036
1.08236
1.08878
1.0877
1.07941
1.06627
1.05249
1.04313
1.04213
1.05062
1.06697
1.0882
1.11122
1.13332
1.15228
1.16641
1.17452
1.1758
1.16997
1.1573
1.13876
1.11618
1.09218
1.06969
1.05133
1.03892
1.03312
1.03342
1.03826
1.04563
1.05379
1.06168
1.0688
1.07479
1.0791
1.08091
1.07948
1.07438
1.06567
1.0537
1.03911
1.02286
1.00645
0.992071
0.982226
0.978591
0.980895
0.987206
0.995586
1.00536
1.01684
1.03035
1.04548
1.0612
1.07635
1.09007
1.1018
1.11111
1.11749
1.12034
1.11932
1.11457
1.10676
1.09696
1.08645
1.07652
1.06846
1.06335
1.06187
1.06385
1.06839
1.07407
1.07956
1.08402
1.08724
1.08948
1.09105
1.09216
1.09282
1.09305
1.09297
1.09268
1.09197
1.09011
1.08591
1.07821
1.06648
1.05132
1.03438
1.01765
1.00268
0.990261
0.980825
0.974803
0.972784
0.975231
0.981846
0.991039
1.00015
1.00649
1.00834
1.00514
0.997281
0.985855
0.973154
0.962779
0.958254
0.96063
0.968099
0.978006
0.988732
1.00012
1.01289
1.02782
1.04513
1.06421
1.08388
1.10252
1.11853
1.13084
1.13936
1.14482
1.14795
1.14876
1.14639
1.13949
1.12723
1.11008
1.09022
1.07127
1.05721
1.05076
1.05212
1.05918
1.06924
1.08027
1.09125
1.10146
1.11007
1.11578
1.11733
1.11403
1.10646
1.09652
1.087
1.08055
1.07863
1.081
1.08593
1.09087
1.09337
1.09195
1.08667
1.07899
1.07089
1.06389
1.05851
1.05471
1.05252
1.05205
1.05313
1.05527
1.0579
1.06075
1.06402
1.06819
1.07362
1.08023
1.08751
1.09466
1.10099
1.10622
1.1105
1.1143
1.11815
1.12236
1.127
1.13199
1.13731
1.14307
1.14941
1.1561
1.16236
1.16689
1.16841
1.16616
1.16022
1.15174
1.14255
1.13455
1.12903
1.12641
1.12625
1.12753
1.12897
1.12935
1.12779
1.12377
1.11705
1.10767
1.09593
1.08232
1.06745
1.052
1.03663
1.02223
1.01003
1.00166
0.998476
1.00087
1.00792
1.01772
1.02813
1.03736
1.04424
1.04843
1.05036
1.05088
1.05076
1.05022
1.0488
1.04564
1.03981
1.03088
1.01991
1.01011
1.00588
1.0103
1.02318
1.04175
1.06245
1.08227
1.09925
1.11263
1.1227
1.13022
1.13578
1.1397
1.14228
1.1439
1.14459
1.14367
1.14009
1.13342
1.12463
1.11591
1.10959
1.10701
1.108
1.11111
1.11422
1.1152
1.11246
1.10532
1.09422
1.08076
1.06715
1.0554
1.04647
1.04038
1.03701
1.03686
1.04106
1.05096
1.06764
1.09144
1.12115
1.15359
1.18395
1.2072
1.21944
1.21857
1.20437
1.17844
1.1441
1.1062
1.07063
1.04326
1.02846
1.02746
1.03773
1.05454
1.07336
1.09122
1.10667
1.11896
1.12735
1.13103
1.12962
1.12367
1.11475
1.10511
1.09708
1.09248
1.09213
1.0957
1.10196
1.10934
1.11643
1.12235
1.12681
1.13003
1.13256
1.13499
1.13772
1.14086
1.14424
1.14749
1.15006
1.15116
1.14984
1.14517
1.13645
1.12367
1.10767
1.09032
1.07434
1.06266
1.05761
1.06033
1.07038
1.08578
1.1036
1.12066
1.13458
1.14419
1.14937
1.1505
1.14796
1.14201
1.13312
1.12217
1.11031
1.09862
1.08788
1.07857
1.07107
1.06574
1.0629
1.0626
1.06438
1.06721
1.06962
1.07003
1.06724
1.06078
1.05115
1.03971
1.02835
1.01892
1.01298
1.01137
1.01425
1.02112
1.03095
1.04256
1.05485
1.06703
1.07869
1.08951
1.09928
1.10789
1.11531
1.1213
1.12524
1.12626
1.12357
1.11685
1.10639
1.09303
1.07789
1.06226
1.04742
1.03455
1.02476
1.01896
1.01768
1.02098
1.02818
1.03797
1.04855
1.05817
1.06562
1.07073
1.07437
1.07805
1.08298
1.08926
1.09543
1.09908
1.09802
1.09124
1.0794
1.06452
1.04912
1.03523
1.02376
1.01439
1.00599
0.997482
0.988468
0.979668
0.973069
0.971368
0.976461
0.987996
1.00364
1.02061
1.03666
1.05017
1.06014
1.06629
1.06901
1.06911
1.06746
1.06497
1.06245
1.06032
1.05836
1.05578
1.0518
1.04618
1.03945
1.0327
1.02727
1.0245
1.02544
1.0306
1.03984
1.05246
1.06737
1.08318
1.09829
1.11117
1.12064
1.12595
1.1267
1.12265
1.11356
1.09926
1.07989
1.05634
1.03072
1.00641
0.987342
0.97666
0.975138
0.98079
0.989996
0.999699
1.0093
1.02066
1.03564
1.05346
1.07102
1.08537
1.09525
1.10067
1.1019
1.09889
1.0914
1.07957
1.0644
1.04796
1.03298
1.02206
1.01674
1.01681
1.02041
1.02493
1.02835
1.03026
1.03212
1.03636
1.04514
1.05926
1.07799
1.09938
1.1207
1.13914
1.15232
1.1588
1.15808
1.15057
1.13732
1.11985
1.10015
1.08082
1.06496
1.0557
1.05527
1.064
1.0801
1.10033
1.12117
1.13973
1.15412
1.16331
1.16699
1.16527
1.15853
1.14709
1.13125
1.11156
1.08894
1.06484
1.04116
1.02004
1.00361
0.9937
0.99132
0.996527
1.00827
1.02464
1.04334
1.06218
1.07936
1.09343
1.10328
1.10817
1.10805
1.10369
1.09683
1.08987
1.08515
1.08388
1.08539
1.08766
1.08848
1.08639
1.08094
1.07274
1.06357
1.05623
1.05365
1.05761
1.06798
1.08313
1.10083
1.11907
1.13618
1.1506
1.16069
1.16475
1.16138
