1.64875
1.64437
1.63663
1.62513
1.60933
1.58853
1.56188
1.52836
1.48694
1.43669
1.377
1.30792
1.23039
1.14661
1.06008
0.975285
0.897142
0.830067
0.777267
0.740292
0.718983
0.711671
0.715667
0.727752
0.744714
0.763753
0.782739
0.800267
0.815654
0.828797
0.839969
0.849554
0.857863
0.865048
0.871052
0.875691
0.878833
0.880536
0.881094
0.881
0.88085
0.881187
0.882392
0.884697
0.888142
0.892538
0.897495
0.902429
0.906745
0.909948
1.64808
1.63671
1.61675
1.58985
1.55811
1.52396
1.49005
1.45899
1.43308
1.41365
1.40076
1.39334
1.38964
1.38786
1.38654
1.38478
1.38239
1.37968
1.37677
1.373
1.36717
1.35827
1.34626
1.33197
1.31687
1.3029
1.29233
1.28734
1.28926
1.2981
1.3126
1.33079
1.35059
1.37025
1.38845
1.40419
1.41657
1.42475
1.42792
1.42554
1.41754
1.40454
1.3878
1.36895
1.3497
1.33158
1.31573
1.30284
1.29312
1.2863
1.64225
1.63073
1.61492
1.59456
1.5702
1.54342
1.5168
1.49349
1.47653
1.46807
1.46911
1.47951
1.49814
1.52268
1.5498
1.57552
1.59612
1.60889
1.61263
1.60763
1.5955
1.57878
1.56047
1.54347
1.53022
1.52228
1.5199
1.522
1.52648
1.53099
1.53362
1.53327
1.52967
1.52359
1.51688
1.51208
1.51164
1.51676
1.52682
1.53966
1.55245
1.5626
1.5684
1.56953
1.56725
1.56396
1.56213
1.56284
1.56515
1.56658
1.64591
1.63565
1.61983
1.6005
1.58039
1.56216
1.5479
1.53877
1.53487
1.53568
1.54029
1.54763
1.55654
1.56591
1.57495
1.58323
1.59054
1.59673
1.60158
1.60473
1.6058
1.60427
1.59959
1.59132
1.57913
1.56316
1.54419
1.52405
1.50572
1.49277
1.48826
1.49338
1.50663
1.52445
1.54264
1.55793
1.56875
1.57518
1.57842
1.57995
1.581
1.58215
1.58344
1.58462
1.58531
1.58519
1.58405
1.58198
1.57956
1.57779
1.64875
1.64957
1.65308
1.65906
1.66672
1.67498
1.68266
1.68858
1.69183
1.69214
1.69008
1.68695
1.68391
1.68113
1.67796
1.67364
1.66794
1.66098
1.65271
1.6426
1.63004
1.61499
1.59849
1.5826
1.56952
1.56057
1.55544
1.55248
1.54958
1.54514
1.53867
1.53075
1.52275
1.51632
1.51275
1.51263
1.51597
1.5225
1.53189
1.54379
1.55779
1.57317
1.58885
1.60345
1.61559
1.62428
1.62925
1.63104
1.63087
1.6304
1.64985
1.65219
1.65739
1.66472
1.6728
1.68015
1.68559
1.68828
1.6877
1.68373
1.67694
1.66865
1.66067
1.65493
1.65312
1.65606
1.66296
1.6709
1.67565
1.67331
1.66208
1.64298
1.6195
1.59686
1.58103
1.57719
1.58766
1.61038
1.63976
1.66933
1.69423
1.71195
1.72214
1.72598
1.7257
1.72401
1.72336
1.7248
1.72736
1.72852
1.72552
1.71692
1.70325
1.68678
1.67064
1.65781
1.65053
1.65015
1.65697
1.67021
1.66648
1.68635
1.70617
1.72303
1.73407
1.73696
1.73051
1.71515
1.69301
1.66733
1.64153
1.61847
1.60021
1.58807
1.58277
1.58426
1.59178
1.60384
1.61826
1.63246
1.6439
1.65067
1.65179
1.64698
1.63602
1.61836
1.59382
1.56393
1.53286
1.50686
1.49188
1.49056
1.50109
1.51866
1.53779
1.55371
1.5628
1.5633
1.55622
1.54567
1.53763
1.53681
1.54452
1.55911
1.5779
1.59829
1.61769
1.63343
1.64317
1.64558
1.64398
1.63356
1.62246
1.61378
1.60859
1.60576
1.60328
1.6
1.59631
1.59368
1.59381
1.59773
1.60562
1.61697
1.63079
1.64538
1.65818
1.66619
1.667
1.65961
1.64474
1.62459
1.60234
1.58127
1.56398
1.5517
1.54436
1.54113
1.5412
1.54384
1.54808
1.55223
1.55409
1.55215
1.54653
1.53909
1.53239
1.52875
1.52944
1.5345
1.54286
1.55277
1.56256
1.57111
1.57786
1.58258
1.58508
1.58522
1.58311
1.57938
1.57519
1.57201
1.57138
1.57483
1.58392
1.59972
1.62214
1.64962
1.67946
1.70861
1.73435
1.75459
1.76799
1.77391
1.77243
1.76425
1.75045
1.73216
1.71033
1.68605
1.66113
1.63822
1.62013
1.60847
1.60303
1.60215
1.60391
1.60701
1.61089
1.6154
1.62051
1.62602
1.63134
1.63557
1.63785
1.63786
1.63621
1.6345
1.63427
1.63566
1.63677
1.63446
1.62614
1.61151
1.59301
1.57483
1.56089
1.55316
1.55117
1.55277
1.55602
1.56057
1.56795
1.58048
1.59929
1.62303
1.64788
1.66918
1.68326
1.68847
1.68497
1.67414
1.65835
1.64072
1.62396
1.60895
1.59461
1.57963
1.56445
1.55169
1.54464
1.54554
1.55491
1.57199
1.59507
1.62153
1.64793
1.67066
1.68648
1.69336
1.6908
1.67989
1.66311
1.64383
1.62556
1.61119
1.60232
1.59909
1.60057
1.60555
1.61309
1.62256
1.6333
1.6441
1.65302
1.65776
1.65646
1.64861
1.63589
1.62232
1.61337
1.61389
1.62589
1.64758
1.67467
1.70235
1.72673
1.7451
1.75583
1.75818
1.75236
1.73941
1.72086
1.69837
1.67337
1.64695
1.62012
1.59421
1.57137
1.55449
1.54632
1.54801
1.55826
1.57377
1.59041
1.60407
1.611
1.60816
1.59425
1.57117
1.54484
1.52348
1.51337
1.51571
1.52764
1.54514
1.56466
1.58334
1.59882
1.60918
1.61318
1.61029
1.6009
1.58626
1.56866
1.55172
1.5401
1.53765
1.54498
1.55871
1.57355
1.58528
1.59225
1.5955
1.59731
1.59906
1.59985
1.59671
1.58658
1.56837
1.54392
1.51757
1.49477
1.48026
1.4762
1.48188
1.49476
1.51185
1.53043
1.54818
1.56335
1.57473
1.58173
1.5843
1.5831
1.57965
1.57603
1.5743
1.57539
1.57847
1.58138
1.58172
1.57807
1.57055
1.56074
1.55094
1.54339
1.53964
1.54053
1.54628
1.55638
1.56925
1.58241
1.59345
1.60134
1.60694
1.6123
1.61911
1.62775
1.63729
1.6462
1.65313
1.65699
1.65711
1.65322
1.6458
1.6362
1.62642
1.61822
1.61211
1.60701
1.60105
1.59295
1.58302
1.57315
1.5659
1.56299
1.56457
1.56985
1.57848
1.59113
1.6089
1.63213
1.65983
1.6897
1.71863
1.74325
1.76079
1.7698
1.7704
1.76394
1.7524
1.73779
1.72174
1.70539
1.68945
1.67449
1.66102
1.6496
1.6406
1.63406
1.6297
1.62724
1.62645
1.6267
1.62622
1.62201
1.61117
1.59267
1.56834
1.5426
1.52102
1.50829
1.50653
1.51474
1.52957
1.54656
1.56139
1.57062
1.57237
1.56673
1.55581
1.54332
1.53338
1.52901
1.53125
1.53971
1.55393
1.57399
1.60012
1.6317
1.66673
1.70198
1.73364
1.75818
1.7729
1.77622
1.76771
1.7482
1.71973
1.68565
1.65043
1.61866
1.5937
1.57686
1.56749
1.56403
1.56508
1.56986
1.57826
1.59034
1.60572
1.62321
1.64086
1.6566
1.6689
1.67731
1.6825
1.68575
1.68813
1.68996
1.69071
1.68957
1.68587
1.67931
1.66978
1.65707
1.64067
1.62014
1.59616
1.57184
1.55276
1.54396
1.5453
1.55065
1.55293
1.54918
1.5411
1.53208
1.524
1.5162
1.5067
1.49448
1.48085
1.46934
1.46432
1.46899
1.48368
1.50525
1.528
1.546
1.55549
1.55622
1.55156
1.54715
1.54809
1.55617
1.56906
1.58192
1.59006
1.59061
1.5829
1.56828
1.54961
1.5306
1.51518
1.50654
1.50623
1.51372
1.52632
1.53979
1.54972
1.55305
1.549
1.53913
1.52636
1.51369
1.50334
1.49644
1.49332
1.49362
1.49626
1.49942
1.50111
1.49998
1.49653
1.49362
1.49578
1.50696
1.52794
1.55519
1.58233
1.60281
1.6122
1.60889
1.59405
1.57104
1.54453
1.51931
1.49901
1.4851
1.47688
1.47229
1.46902
1.46577
1.4628
1.46175
1.46484
1.47384
1.48903
1.50901
1.53108
1.55231
1.57043
1.58425
1.59367
1.59915
1.60123
1.60004
1.59524
1.58671
1.57635
1.5693
1.57177
1.58555
1.60554
1.62355
1.63318
1.63155
1.61911
1.5994
1.57873
1.56469
1.56319
1.57593
1.60045
1.6323
1.66683
1.69997
1.72842
1.74962
1.76177
1.76371
1.75496
1.73596
1.70814
1.67427
1.63827
1.60453
1.577
1.55838
1.54969
1.55013
1.55738
1.56844
1.58069
1.59251
1.6032
1.61219
1.61865
1.62137
1.61921
1.61157
1.5985
1.58054
1.55866
1.53429
1.50968
1.48811
1.47334
1.46789
1.47134
1.48081
1.49338
1.50803
1.52526
1.54552
1.56822
1.5918
1.61453
1.6351
1.6527
1.66667
1.67623
1.68051
1.67899
1.67186
1.66014
1.64544
1.62967
1.61478
1.60269
1.59503
1.5928
1.59578
1.60259
1.61111
1.61933
1.62603
1.63086
1.63421
1.63658
1.63824
1.63922
1.63957
1.63946
1.63903
1.63796
1.63517
1.62887
1.61731
1.59971
1.57698
1.55157
1.52648
1.50402
1.48539
1.47124
1.4622
1.45918
1.46285
1.47277
1.48656
1.50023
1.50974
1.5125
1.50772
1.49592
1.47878
1.45973
1.44417
1.43738
1.44094
1.45215
1.46701
1.4831
1.50018
1.51933
1.54174
1.56769
1.59632
1.62581
1.65378
1.67779
1.69626
1.70905
1.71723
1.72192
1.72314
1.71958
1.70924
1.69085
1.66512
1.63533
1.6069
1.58581
1.57614
1.57817
1.58877
1.60385
1.62041
1.63687
1.6522
1.6651
1.67367
1.67599
1.67104
1.65968
1.64478
1.63051
1.62083
1.61794
1.6215
1.62889
1.6363
1.64006
1.63792
1.63001
1.61849
1.60634
1.59583
1.58776
1.58207
1.57879
1.57807
1.57969
1.5829
1.58685
1.59113
1.59603
1.60229
1.61043
1.62035
1.63127
1.64199
1.65149
1.65933
1.66575
1.67145
1.67722
1.68355
1.69051
1.69798
1.70596
1.71461
1.72412
1.73416
1.74353
1.75033
1.75262
1.74924
1.74033
1.72762
1.71383
1.70182
1.69355
1.68962
1.68938
1.69129
1.69345
1.69403
1.69169
1.68565
1.67558
1.66151
1.64389
1.62347
1.60117
1.57799
1.55495
1.53334
1.51504
1.50248
1.49771
1.50131
1.51187
1.52657
1.54219
1.55604
1.56636
1.57265
1.57554
1.57632
1.57614
1.57532
1.5732
1.56847
1.55971
1.54632
1.52986
1.51516
1.50883
1.51545
1.53477
1.56262
1.59368
1.62341
1.64887
1.66895
1.68405
1.69533
1.70367
1.70956
1.71342
1.71585
1.71688
1.7155
1.71013
1.70013
1.68694
1.67387
1.66438
1.66051
1.66199
1.66666
1.67133
1.6728
1.66869
1.65798
1.64133
1.62113
1.60073
1.5831
1.56971
1.56057
1.55551
1.55529
1.56159
1.57644
1.60146
1.63715
1.68173
1.73039
1.77592
1.8108
1.82916
1.82786
1.80655
1.76766
1.71615
1.6593
1.60594
1.56489
1.54269
1.54119
1.55659
1.58181
1.61004
1.63683
1.66001
1.67844
1.69103
1.69655
1.69443
1.6855
1.67212
1.65766
1.64563
1.63873
1.6382
1.64355
1.65294
1.66401
1.67465
1.68352
1.69021
1.69505
1.69884
1.70248
1.70658
1.71129
1.71635
1.72123
1.72508
1.72674
1.72477
1.71775
1.70468
1.68551
1.6615
1.63548
1.61151
1.59399
1.58642
1.5905
1.60557
1.62867
1.6554
1.681
1.70187
1.71628
1.72405
1.72575
1.72194
1.71301
1.69968
1.68326
1.66547
1.64793
1.63182
1.61786
1.6066
1.59861
1.59435
1.59389
1.59657
1.60081
1.60442
1.60505
1.60085
1.59117
1.57672
1.55957
1.54252
1.52839
1.51947
1.51705
1.52138
1.53167
1.54643
1.56384
1.58227
1.60055
1.61803
1.63427
1.64892
1.66184
1.67297
1.68195
1.68787
1.68939
1.68535
1.67527
1.65959
1.63954
1.61683
1.59339
1.57113
1.55183
1.53715
1.52844
1.52653
1.53147
1.54228
1.55695
1.57283
1.58725
1.59844
1.6061
1.61155
1.61707
1.62447
1.63389
1.64314
1.64862
1.64703
1.63686
1.61911
1.59678
1.57368
1.55284
1.53565
1.52159
1.50899
1.49622
1.4827
1.4695
1.4596
1.45705
1.46469
1.48199
1.50546
1.53092
1.55498
1.57525
1.59022
1.59944
1.60352
1.60366
1.60119
1.59746
1.59367
1.59048
1.58754
1.58367
1.5777
1.56927
1.55918
1.54905
1.5409
1.53675
1.53816
1.54591
1.55976
1.57868
1.60105
1.62477
1.64743
1.66676
1.68096
1.68893
1.69006
1.68398
1.67034
1.64889
1.61983
1.58451
1.54609
1.50961
1.48101
1.46499
1.46271
1.47119
1.48499
1.49955
1.51395
1.53099
1.55346
1.58019
1.60653
1.62805
1.64288
1.65101
1.65285
1.64833
1.6371
1.61936
1.59661
1.57194
1.54946
1.53309
1.52511
1.52522
1.53062
1.5374
1.54253
1.54539
1.54818
1.55454
1.56771
1.58889
1.61699
1.64907
1.68105
1.70871
1.72848
1.73819
1.73711
1.72585
1.70599
1.67977
1.65022
1.62123
1.59744
1.58355
1.5829
1.596
1.62014
1.6505
1.68175
1.70959
1.73118
1.74497
1.75048
1.74791
1.7378
1.72063
1.69688
1.66733
1.6334
1.59726
1.56174
1.53005
1.50542
1.49055
1.48698
1.49479
1.51241
1.53696
1.565
1.59327
1.61904
1.64015
1.65491
1.66226
1.66208
1.65554
1.64524
1.6348
1.62773
1.62582
1.62809
1.63148
1.63272
1.62959
1.62142
1.6091
1.59535
1.58434
1.58048
1.58642
1.60198
1.62469
1.65124
1.67861
1.70427
1.72589
1.74103
1.74713
1.74207
