-6.3632
-6.3585
-6.35041
-6.3385
-6.32103
-6.29667
-6.26695
-6.22967
-6.18575
-6.1326
-6.0703
-5.9979
-5.91932
-5.83509
-5.74715
-5.66356
-5.58679
-5.52223
-5.47127
-5.4365
-5.41684
-5.4114
-5.41635
-5.42967
-5.44711
-5.46593
-5.48527
-5.50291
-5.51837
-5.5313
-5.54214
-5.55219
-5.56039
-5.56761
-5.57318
-5.57843
-5.58173
-5.58315
-5.58361
-5.58318
-5.58185
-5.58196
-5.58357
-5.58538
-5.58924
-5.59447
-5.5999
-5.60556
-5.60857
-5.6124
-5.60944
-5.59867
-5.57702
-5.54938
-5.51683
-5.48259
-5.44945
-5.41896
-5.39456
-5.37445
-5.36293
-5.35672
-5.35329
-5.35101
-5.34922
-5.34739
-5.34511
-5.34132
-5.33852
-5.33355
-5.32684
-5.31792
-5.30684
-5.29209
-5.27792
-5.26418
-5.25392
-5.24897
-5.2507
-5.26094
-5.27697
-5.29465
-5.31481
-5.33619
-5.35404
-5.36872
-5.38073
-5.38874
-5.39198
-5.38887
-5.38018
-5.3672
-5.35047
-5.33059
-5.31124
-5.29451
-5.27848
-5.2653
-5.25681
-5.24963
-5.24226
-5.23065
-5.2156
-5.19404
-5.16904
-5.14169
-5.1154
-5.0929
-5.07626
-5.06767
-5.07012
-5.08172
-5.10151
-5.12678
-5.15364
-5.17945
-5.20013
-5.21143
-5.21365
-5.20754
-5.19512
-5.17751
-5.16071
-5.14428
-5.13045
-5.12278
-5.12001
-5.12366
-5.12901
-5.13385
-5.13578
-5.13479
-5.13028
-5.1251
-5.1174
-5.11324
-5.11303
-5.11885
-5.12916
-5.14167
-5.154
-5.16332
-5.16895
-5.16905
-5.16564
-5.163
-5.16095
-5.1613
-5.1629
-5.16499
-5.15945
-5.14721
-5.12942
-5.10838
-5.08864
-5.07088
-5.0577
-5.04835
-5.04556
-5.04739
-5.05263
-5.06019
-5.06858
-5.07916
-5.08844
-5.09677
-5.10262
-5.10839
-5.11369
-5.11665
-5.11688
-5.114
-5.10869
-5.10003
-5.08866
-5.07279
-5.05375
-5.03334
-5.01493
-5.00255
-4.99839
-5.00428
-5.01772
-5.03652
-5.05606
-5.07094
-5.08145
-5.08719
-5.08943
-5.09133
-5.09191
-5.09293
-5.09483
-5.09492
-5.09569
-5.09653
-5.09559
-5.093
-5.09029
-5.08744
-5.08605
-5.08713
-5.09015
-5.09634
-5.10427
-5.11222
-5.12053
-5.12652
-5.12933
-5.12966
-5.12743
-5.12441
-5.12111
-5.11894
-5.11658
-5.11318
-5.10735
-5.10103
-5.0929
-5.08212
-5.06915
-5.05403
-5.03719
-5.02088
-5.00773
-4.99995
-4.99559
-4.99212
-4.98927
-4.98433
-4.97707
-4.96892
-4.9601
-4.95375
-4.95051
-4.95166
-4.95442
-4.9611
-4.97151
-4.98304
-4.99585
-5.01087
-5.0256
-5.04017
-5.0532
-5.06061
-5.06492
-5.06676
-5.06678
-5.06638
-5.06491
-5.06739
-5.07346
-5.08214
-5.09097
-5.09772
-5.10337
-5.10651
-5.10604
-5.10084
-5.09383
-5.08473
-5.07522
-5.06996
-5.06815
-5.07156
-5.07918
-5.08701
-5.0912
-5.08907
-5.07727
-5.05874
-5.03523
-5.0136
-4.99906
-4.99677
-5.00894
-5.03261
-5.06199
-5.09144
-5.11599
-5.13264
-5.14182
-5.14529
-5.14504
-5.14381
-5.14351
-5.14574
-5.14844
-5.14915
-5.14623
-5.13707
-5.12253
-5.10444
-5.0882
-5.07644
-5.06996
-5.07091
-5.07782
-5.09207
-5.11154
-5.13213
-5.15179
-5.16819
-5.17821
-5.17944
-5.1719
-5.15604
-5.13324
-5.1077
-5.08281
-5.05955
-5.04154
-5.02991
-5.02591
-5.02745
-5.03641
-5.04912
-5.06379
-5.07843
-5.08932
-5.09541
-5.09534
-5.09053
-5.07847
-5.06027
-5.03523
-5.00575
-4.97488
-4.9502
-4.93668
-4.93746
-4.95015
-4.96721
-4.98638
-5.00054
-5.00791
-5.0062
-4.99928
-4.98916
-4.98152
-4.98126
-4.98946
-5.0046
-5.02533
-5.04573
-5.06519
-5.08058
-5.09007
-5.09159
-5.08494
-5.07398
-5.063
-5.05376
-5.04843
-5.04497
-5.04199
-5.03862
-5.03481
-5.03298
-5.03377
-5.0387
-5.04742
-5.05952
-5.07366
-5.0885
-5.10066
-5.10714
-5.10789
-5.09803
-5.08297
-5.06261
-5.04108
-5.01984
-5.00347
-4.99111
-4.98391
-4.98181
-4.98231
-4.98592
-4.9904
-4.99487
-4.99655
-4.99405
-4.988
-4.98021
-4.97372
-4.96941
-4.97041
-4.97405
-4.98341
-4.99337
-5.00218
-5.01147
-5.01803
-5.02314
-5.02465
-5.02591
-5.02375
-5.01946
-5.015
-5.01201
-5.01141
-5.01476
-5.02358
-5.03991
-5.06248
-5.09003
-5.11994
-5.15038
-5.17655
-5.1957
-5.20822
-5.2146
-5.21196
-5.20286
-5.18916
-5.17139
-5.1491
-5.12436
-5.09981
-5.07712
-5.05977
-5.04771
-5.04313
-5.04274
-5.04438
-5.04651
-5.0494
-5.05291
-5.05869
-5.06482
-5.07053
-5.07415
-5.07665
-5.07674
-5.07517
-5.07355
-5.07274
-5.07468
-5.07545
-5.07233
-5.0641
-5.04984
-5.03086
-5.01189
-4.99776
-4.99113
-4.9896
-4.99083
-4.9945
-4.99938
-5.00673
-5.01942
-5.03822
-5.06183
-5.08713
-5.10649
-5.12018
-5.12448
-5.12032
-5.10826
-5.09245
-5.0745
-5.05821
-5.04305
-5.02854
-5.01301
-4.99809
-4.9859
-4.97987
-4.98117
-4.99242
-5.00989
-5.0339
-5.06036
-5.08611
-5.10677
-5.12313
-5.12876
-5.12543
-5.11456
-5.09798
-5.07849
-5.06049
-5.04511
-5.03773
-5.03472
-5.03691
-5.04294
-5.04979
-5.05897
-5.06977
-5.07943
-5.08804
-5.093
-5.09043
-5.08137
-5.0679
-5.05529
-5.04724
-5.04995
-5.06336
-5.0855
-5.11316
-5.14067
-5.16561
-5.18403
-5.19454
-5.19726
-5.19052
-5.17678
-5.15761
-5.13542
-5.11114
-5.08403
-5.05661
-5.03044
-5.00716
-4.99164
-4.98429
-4.98648
-4.99713
-5.01203
-5.02781
-5.04051
-5.04657
-5.04356
-5.02828
-5.00454
-4.97773
-4.95743
-4.94844
-4.95236
-4.96534
-4.98304
-5.00183
-5.02044
-5.03609
-5.04496
-5.04888
-5.04516
-5.03487
-5.01982
-5.00088
-4.98546
-4.97462
-4.97274
-4.98122
-4.99591
-5.01135
-5.02217
-5.02763
-5.02943
-5.03074
-5.03233
-5.03319
-5.02916
-5.01808
-4.99926
-4.975
-4.94875
-4.92615
-4.91323
-4.90992
-4.91706
-4.9314
-4.94952
-4.96855
-4.98642
-5.00066
-5.01177
-5.01862
-5.02032
-5.02017
-5.01524
-5.01142
-5.01026
-5.01252
-5.01509
-5.01876
-5.01829
-5.01466
-5.00744
-4.99812
-4.98845
-4.98122
-4.97761
-4.97793
-4.9837
-4.99462
-5.00809
-5.02113
-5.03172
-5.03856
-5.04313
-5.04843
-5.05512
-5.06421
-5.07361
-5.08223
-5.08935
-5.09316
-5.09364
-5.08936
-5.08134
-5.07147
-5.06224
-5.0538
-5.04787
-5.04291
-5.03662
-5.02891
-5.01781
-5.00825
-5.00198
-4.99969
-5.00138
-5.00578
-5.01552
-5.02758
-5.0456
-5.0698
-5.09799
-5.12731
-5.15626
-5.17998
-5.19716
-5.20485
-5.20497
-5.19775
-5.18551
-5.17099
-5.15578
-5.14034
-5.12418
-5.10784
-5.09485
-5.08426
-5.07596
-5.07011
-5.06686
-5.06488
-5.06393
-5.06406
-5.06231
-5.05845
-5.04775
-5.02914
-5.00504
-4.98022
-4.95994
-4.94827
-4.9479
-4.95665
-4.97221
-4.98872
-5.00358
-5.01181
-5.01203
-5.00543
-4.99386
-4.9819
-4.97241
-4.96808
-4.97082
-4.97988
-4.99436
-5.01578
-5.04129
-5.07258
-5.10855
-5.14256
-5.17335
-5.19717
-5.21111
-5.21384
-5.20493
-5.18607
-5.15641
-5.12246
-5.08678
-5.05587
-5.03019
-5.01461
-5.0059
-5.00295
-5.00439
-5.00908
-5.01739
-5.02877
-5.04307
-5.06007
-5.07732
-5.09187
-5.10377
-5.11167
-5.1169
-5.11927
-5.12296
-5.1232
-5.1235
-5.12243
-5.11921
-5.11206
-5.10207
-5.08917
-5.07358
-5.05339
-5.0301
-5.00663
-4.98931
-4.98149
-4.98434
-4.98966
-4.99078
-4.98691
-4.9792
-4.97052
-4.96194
-4.95391
-4.94431
-4.93109
-4.91702
-4.90491
-4.90075
-4.90661
-4.92114
-4.9428
-4.96593
-4.98365
-4.99221
-4.99175
-4.98639
-4.98201
-4.98396
-4.99223
-5.00475
-5.01733
-5.0239
-5.02361
-5.01648
-5.00086
-4.98182
-4.9624
-4.94783
-4.93937
-4.9396
-4.94852
-4.96141
-4.97366
-4.98289
-4.98517
-4.98013
-4.96937
-4.95618
-4.94473
-4.93363
-4.92755
-4.92359
-4.92525
-4.92894
-4.9331
-4.93439
-4.93252
-4.93046
-4.92754
-4.9306
-4.94341
-4.96539
-4.99325
-5.02001
-5.04014
-5.04858
-5.04327
-5.02712
-5.00474
-4.97709
-4.95133
-4.93315
-4.91927
-4.90911
-4.90398
-4.90075
-4.89583
-4.89387
-4.89418
-4.89781
-4.90864
-4.92455
-4.94534
-4.9667
-4.98816
-5.00557
-5.02
-5.029
-5.03548
-5.03784
-5.03616
-5.03113
-5.02183
-5.01076
-5.00411
-5.0082
-5.02323
-5.04324
-5.06095
-5.06907
-5.06644
-5.05367
-5.03399
-5.01364
-5.00064
-5.00087
-5.01586
-5.04087
-5.07379
-5.10761
-5.13997
-5.1684
-5.18846
-5.19964
-5.20096
-5.19146
-5.17269
-5.14382
-5.1097
-5.07236
-5.03953
-5.0128
-4.995
-4.98593
-4.98612
-4.99435
-5.00563
-5.01804
-5.03068
-5.04001
-5.0488
-5.0557
-5.05813
-5.05529
-5.04573
-5.03183
-5.01449
-4.99183
-4.96823
-4.94375
-4.92315
-4.90924
-4.9049
-4.90911
-4.919
-4.93179
-4.94772
-4.9657
-4.98685
-5.00972
-5.03299
-5.0563
-5.07631
-5.09372
-5.10714
-5.11652
-5.11902
-5.11601
-5.10867
-5.09641
-5.08092
-5.0653
-5.0509
-5.03829
-5.03114
-5.02946
-5.0332
-5.04104
-5.05112
-5.0603
-5.06651
-5.07192
-5.0756
-5.07683
-5.07858
-5.0795
-5.07994
-5.07798
-5.07751
-5.07709
-5.07464
-5.06849
-5.05574
-5.0368
-5.01382
-4.98906
-4.96415
-4.94203
-4.92383
-4.91046
-4.90198
-4.899
-4.90198
-4.91213
-4.92535
-4.93787
-4.94649
-4.94881
-4.94313
-4.9304
-4.91333
-4.89375
-4.87977
-4.87357
-4.87823
-4.89103
-4.90638
-4.92285
-4.94069
-4.95997
-4.98364
-5.01022
-5.03978
-5.06894
-5.09782
-5.12088
-5.13815
-5.14981
-5.15746
-5.16228
-5.16355
-5.1591
-5.14844
-5.12834
-5.10216
-5.07239
-5.04443
-5.02375
-5.01455
-5.01747
-5.02915
-5.04434
-5.06199
-5.07808
-5.09444
-5.10701
-5.11595
-5.11831
-5.11235
-5.10032
-5.08452
-5.07085
-5.06134
-5.05916
-5.06324
-5.06901
-5.07606
-5.07929
-5.07623
-5.06753
-5.0555
-5.04344
-5.03195
-5.02443
-5.01927
-5.0164
-5.01578
-5.017
-5.02002
-5.024
-5.02862
-5.03469
-5.04127
-5.04944
-5.05876
-5.06956
-5.0802
-5.08955
-5.09677
-5.10277
-5.1086
-5.11441
-5.12111
-5.12737
-5.13459
-5.14232
-5.15029
-5.16079
-5.17053
-5.18005
-5.18617
-5.18869
-5.18487
-5.17654
-5.16373
-5.14864
-5.13678
-5.12879
-5.12603
-5.12609
-5.12873
-5.12974
-5.12993
-5.12634
-5.12051
-5.11018
-5.09543
-5.07825
-5.05684
-5.03396
-5.01074
-4.98717
-4.96565
-4.94735
-4.93474
-4.93006
-4.93474
-4.94557
-4.95975
-4.97529
-4.9884
-4.99893
-5.00543
-5.00835
-5.00824
-5.0077
-5.00634
-5.00326
-4.99668
-4.98701
-4.97364
-4.95739
-4.94428
-4.94016
-4.9483
-4.96825
-4.99696
-5.02974
-5.05975
-5.08485
-5.10408
-5.11784
-5.12819
-5.13718
-5.14193
-5.14653
-5.14943
-5.14984
-5.14858
-5.14214
-5.13262
-5.11928
-5.10597
-5.09714
-5.094
-5.09623
-5.1003
-5.10599
-5.10775
-5.1024
-5.09088
-5.07435
-5.05397
-5.03342
-5.01724
-5.00384
-4.99479
-4.99032
-4.99082
-4.99773
-5.01308
-5.03948
-5.07619
-5.12189
-5.17029
-5.21569
-5.24944
-5.26563
-5.26124
-5.23788
-5.19746
-5.1455
-5.08873
-5.03697
-4.99726
-4.97745
-4.9773
-4.99357
-5.01922
-5.04731
-5.07426
-5.09761
-5.11596
-5.12865
-5.13387
-5.13146
-5.12181
-5.10816
-5.09318
-5.08095
-5.07511
-5.07552
-5.08168
-5.0915
-5.10321
-5.11342
-5.12268
-5.12976
-5.13521
-5.1394
-5.14307
-5.14784
-5.15169
-5.15737
-5.16204
-5.16558
-5.16694
-5.16603
-5.1589
-5.14474
-5.12501
-5.10034
-5.07418
-5.05051
-5.03279
-5.0271
-5.03023
-5.04672
-5.0692
-5.09587
-5.11992
-5.13975
-5.15348
-5.16046
-5.16189
-5.1571
-5.14723
-5.13368
-5.11703
-5.0995
-5.08116
-5.06463
-5.05062
-5.0392
-5.03081
-5.02634
-5.02563
-5.0287
-5.03329
-5.0358
-5.03541
-5.03082
-5.02151
-5.00759
-4.99001
-4.97418
-4.96033
-4.95217
-4.95089
-4.95662
-4.96774
-4.98299
-5.00027
-5.01964
-5.03741
-5.05463
-5.07088
-5.08461
-5.09674
-5.10814
-5.11717
-5.1224
-5.12206
-5.11803
-5.1081
-5.09177
-5.07122
-5.04865
-5.02675
-5.0041
-4.98534
-4.97135
-4.96269
-4.96193
-4.96843
-4.97943
-4.99495
-5.0108
-5.02511
-5.03668
-5.04525
-5.0506
-5.05594
-5.06282
-5.07176
-5.08216
-5.08721
-5.08404
-5.07227
-5.05359
-5.03117
-5.00818
-4.98768
-4.97039
-4.95656
-4.94326
-4.93027
-4.91715
-4.90306
-4.89326
-4.89224
-4.90063
-4.91859
-4.94139
-4.96759
-4.99153
-5.01071
-5.02586
-5.03558
-5.03906
-5.03812
-5.03547
-5.03137
-5.02703
-5.0245
-5.02198
-5.01734
-5.01127
-5.00293
-4.9935
-4.98287
-4.9761
-4.97244
-4.97522
-4.9833
-4.99712
-5.01677
-5.04088
-5.06431
-5.08613
-5.10517
-5.11803
-5.12548
-5.12726
-5.11939
-5.10574
-5.08365
-5.05403
-5.01762
-4.97808
-4.94242
-4.91506
-4.89997
-4.89942
-4.90915
-4.92365
-4.93785
-4.95099
-4.96909
-4.99318
-5.01996
-5.04598
-5.06643
-5.08026
-5.08851
-5.08837
-5.08334
-5.07234
-5.05369
-5.03165
-5.007
-4.98497
-4.96831
-4.96166
-4.96337
-4.96923
-4.97641
-4.98144
-4.98416
-4.98592
-4.99254
-5.00709
-5.02875
-5.0574
-5.08891
-5.12081
-5.14797
-5.16727
-5.17591
-5.17316
-5.1611
-5.14064
-5.11363
-5.08455
-5.05737
-5.03392
-5.02108
-5.02229
-5.03742
-5.06334
-5.09523
-5.12615
-5.15378
-5.17434
-5.18836
-5.19184
-5.18849
-5.17705
-5.15859
-5.13362
-5.10446
-5.06974
-5.03232
-4.99824
-4.96696
-4.9438
-4.93001
-4.92957
-4.938
-4.95646
-4.98062
-5.00988
-5.0365
-5.0619
-5.08184
-5.09605
-5.10232
-5.10113
-5.09377
-5.08298
-5.07303
-5.06659
-5.06535
-5.06819
-5.07226
-5.07328
-5.0695
-5.06115
-5.04824
-5.03455
-5.02377
-5.02141
-5.02852
-5.04493
-5.06879
-5.0957
-5.123
-5.14927
-5.16931
-5.1829
-5.18766
-5.18081
