0 1.48863 0
1 1.47928 0.00934623
2 1.49153 0.0133849
3 1.48704 0.0104782
4 1.50451 0.0192682
5 1.49917 0.0166145
6 1.49117 0.0161613
7 1.49036 0.0140197
8 1.48909 0.0124291
9 1.48533 0.0117351
10 1.48877 0.0111581
11 1.48752 0.0102619
12 1.48726 0.00944323
13 1.48552 0.00891359
14 1.48588 0.0083058
15 1.48642 0.00778776
16 1.48411 0.00767194
17 1.48397 0.00723441
18 1.48758 0.00773597
19 1.48875 0.00743103
20 1.48949 0.00710777
21 1.48755 0.00705002
22 1.48634 0.00684498
23 1.48737 0.00663514
24 1.48911 0.00659749
25 1.48956 0.00635423
26 1.49156 0.00643413
27 1.49148 0.00620061
28 1.49042 0.00607596
29 1.49137 0.0059458
30 1.49078 0.00578107
31 1.49135 0.00562625
32 1.49338 0.00582039
33 1.49204 0.00580267
34 1.49252 0.00565451
35 1.49358 0.00559571
36 1.49398 0.0054573
37 1.4937 0.00531912
38 1.49316 0.00520854
39 1.49438 0.00522028
40 1.49406 0.00510156
41 1.4936 0.0049996
42 1.49329 0.00489173
43 1.49326 0.00477934
44 1.4939 0.00471527
45 1.49378 0.00461338
46 1.49298 0.00458399
47 1.49193 0.00460839
48 1.49246 0.00454484
49 1.49181 0.00450143
50 1.49257 0.00447782
51 1.49275 0.00439452
52 1.49261 0.00431286
53 1.49325 0.0042791
54 1.49232 0.00430074
55 1.49204 0.00423249
56 1.49294 0.00425388
57 1.49227 0.00423362
58 1.49192 0.00417577
59 1.49149 0.00412828
60 1.49192 0.00408248
61 1.49351 0.00432049
62 1.49232 0.00441556
63 1.49388 0.00461935
64 1.49319 0.00460071
65 1.49308 0.0045318
66 1.49385 0.00452984
67 1.49347 0.00447924
68 1.49328 0.00441791
69 1.4944 0.00449826
70 1.49492 0.00446473
71 1.495 0.00440294
72 1.49526 0.00435023
73 1.49609 0.00436903
74 1.49543 0.00435949
75 1.49491 0.00433325
76 1.49408 0.0043562
77 1.49513 0.00442651
78 1.49605 0.00446546
79 1.49589 0.0044121
80 1.49616 0.00436539
81 1.49684 0.00436493
82 1.4974 0.00434905
83 1.49682 0.00433588
84 1.49659 0.00429088
85 1.49669 0.00424184
86 1.49697 0.00420181
87 1.49755 0.00419464
88 1.4976 0.00414752
89 1.4978 0.00410591
90 1.49699 0.00414045
91 1.49715 0.00409862
92 1.49708 0.00405497
93 1.49678 0.00402244
94 1.49613 0.004034
95 1.49546 0.0040464
96 1.49558 0.00400615
97 1.49591 0.00397864
98 1.49553 0.00395674
99 1.49605 0.0039514
