0 5.04977 0
1 5.0271 0.0226711
2 5.07329 0.0480098
3 5.0529 0.0396033
4 5.08044 0.0412242
5 5.0571 0.0409574
6 5.04925 0.0354941
7 5.03796 0.0327483
8 5.03035 0.029866
9 5.02165 0.0280937
10 5.01935 0.0255157
11 5.00513 0.0272922
12 5.00279 0.0252137
13 4.99178 0.0258079
14 4.98597 0.0247194
15 4.98361 0.0232425
16 4.98765 0.0222032
17 4.98502 0.0210981
18 4.99503 0.0223274
19 4.99952 0.0216523
20 4.99942 0.0205957
21 4.99914 0.0196393
22 4.99478 0.0192651
23 4.99897 0.0189134
24 5.00247 0.0184764
25 5.00656 0.0182171
26 5.00474 0.0176235
27 5.00192 0.0172158
28 5.00115 0.0166292
29 5.00412 0.0163361
30 5.0041 0.0158003
31 5.00597 0.0154129
32 5.00776 0.0150459
33 5.0015 0.0158851
34 5.00025 0.0154753
35 5.00679 0.0164031
36 5.00511 0.0160427
37 5.00419 0.0156419
38 5.00406 0.0152361
39 5.0037 0.0148547
40 5.0057 0.0146252
41 5.00472 0.0143064
42 5.00453 0.013971
43 5.00367 0.0136767
44 5.00376 0.0133696
45 5.0053 0.0131658
46 5.00267 0.0131467
47 5.00192 0.0128921
48 5.00124 0.0126446
49 5.00166 0.0123962
50 5.00202 0.0121563
51 5.00117 0.0119507
52 4.99941 0.0118543
53 4.9999 0.0116431
54 5.00042 0.0114412
55 4.99966 0.011261
56 5.00195 0.0112967
57 5.00261 0.01112
58 4.99932 0.0114158
59 4.99912 0.0112257
60 4.99898 0.011041
61 5.00113 0.0110706
62 4.99934 0.011039
63 5.00232 0.0112655
64 4.99994 0.011342
65 5.00014 0.0111704
66 5.0026 0.0112763
67 5.00189 0.0111319
68 4.99795 0.0116563
69 4.99949 0.0115916
70 4.99888 0.0114438
71 4.99826 0.0113003
72 5.00073 0.0114136
73 5.00062 0.0112589
74 4.99977 0.0111405
75 4.99909 0.0110136
76 4.99861 0.0108805
77 4.99948 0.0107754
78 5.00088 0.0107306
79 5.00008 0.0106264
80 5.00133 0.0105688
81 5.00311 0.0105906
82 5.00262 0.010474
83 5.00256 0.0103487
84 5.00002 0.0105364
85 4.99842 0.0105353
86 4.99762 0.0104444
87 4.99774 0.0103257
88 4.99729 0.0102189
89 4.99697 0.0101096
90 4.99713 0.00999906
91 4.99673 0.00989785
92 4.99737 0.00981166
93 4.99725 0.00970746
94 4.99631 0.00965037
95 4.99572 0.00956759
96 4.99447 0.00955037
97 4.99473 0.0094559
98 4.99378 0.00940794
99 4.99322 0.00933009
