0 1.65446 0
1 1.55849 0.0959682
2 1.55508 0.0555124
3 1.53076 0.0461729
4 1.5346 0.0359705
5 1.53647 0.0294292
6 1.52677 0.0266953
7 1.52762 0.0231344
8 1.52103 0.0214403
9 1.51883 0.0193029
10 1.52108 0.0176048
11 1.51812 0.0163425
12 1.51591 0.0151936
13 1.51025 0.0151625
14 1.50414 0.0153836
15 1.50521 0.0144303
16 1.50329 0.01369
17 1.50188 0.0129842
18 1.50191 0.0122818
19 1.50115 0.0116762
20 1.50141 0.0111094
21 1.50329 0.0107575
22 1.50076 0.0105859
23 1.50343 0.0104809
24 1.5037 0.0100565
25 1.50406 0.00966885
26 1.5026 0.00941773
27 1.50367 0.00913759
28 1.50523 0.00895375
29 1.50396 0.00874199
30 1.50306 0.00850313
31 1.505 0.00845778
32 1.50487 0.00819849
33 1.50401 0.00800008
34 1.50373 0.00777323
35 1.50424 0.00757175
36 1.50378 0.00737895
37 1.50197 0.00740661
38 1.50354 0.00738355
39 1.50212 0.0073358
40 1.5016 0.00717351
41 1.50174 0.00700199
42 1.50181 0.00683756
43 1.50209 0.00668642
44 1.50262 0.00655748
45 1.5024 0.00641704
46 1.50224 0.00628116
47 1.50269 0.00616573
48 1.50354 0.00609763
49 1.50255 0.00605559
50 1.50284 0.00594292
51 1.50348 0.0058626
52 1.50313 0.00576207
53 1.50249 0.00569001
54 1.50244 0.00558582
55 1.50319 0.00553555
56 1.50284 0.00544878
57 1.50455 0.00562182
58 1.50545 0.00559785
59 1.50618 0.00555227
60 1.50577 0.0054758
61 1.50619 0.00540317
62 1.50624 0.00531692
63 1.50641 0.00523621
64 1.5062 0.00515946
65 1.50529 0.00516196
66 1.5045 0.00514575
67 1.50471 0.0050741
68 1.50443 0.00500818
69 1.50394 0.0049596
70 1.50298 0.00498308
71 1.50207 0.00499705
72 1.50223 0.00493063
73 1.50145 0.00492473
74 1.50107 0.00487397
75 1.50023 0.00488151
76 1.50023 0.00481769
77 1.501 0.00481745
78 1.50095 0.0047564
79 1.50145 0.00472321
80 1.50064 0.00473474
81 1.50081 0.00467974
82 1.5009 0.00462396
83 1.50095 0.00456882
84 1.50143 0.00454085
85 1.50108 0.00450141
86 1.50145 0.00446471
87 1.50105 0.00443204
88 1.50154 0.00440994
89 1.50184 0.00437092
90 1.50163 0.00432774
91 1.50137 0.00428863
92 1.50188 0.00427248
93 1.50142 0.00425104
94 1.50127 0.00420864
95 1.50134 0.00416512
96 1.50144 0.00412304
97 1.50185 0.00410184
98 1.50182 0.00406033
99 1.50161 0.00402475
