0 1.59501 0
1 1.53383 0.0611775
2 1.53821 0.0355908
3 1.51477 0.0343867
4 1.52918 0.0302842
5 1.53053 0.0247634
6 1.51916 0.0238145
7 1.52388 0.0211567
8 1.51909 0.0192647
9 1.5135 0.0181137
10 1.51696 0.016745
11 1.51698 0.0152861
12 1.5128 0.0146703
13 1.50951 0.0139752
14 1.50522 0.013698
15 1.50579 0.0128259
16 1.50196 0.0126432
17 1.50018 0.012051
18 1.49923 0.0114392
19 1.49941 0.0108537
20 1.49982 0.010332
21 1.50209 0.0101088
22 1.49917 0.0100905
23 1.50082 0.0098013
24 1.50141 0.0094196
25 1.5008 0.00907061
26 1.50055 0.00873189
27 1.50021 0.00842109
28 1.50176 0.00827206
29 1.50098 0.00802945
30 1.50106 0.00776651
31 1.50236 0.00763056
32 1.50317 0.00744052
33 1.50366 0.00723477
34 1.50354 0.00702601
35 1.5039 0.00683761
36 1.50426 0.0066598
37 1.50334 0.00654678
38 1.50429 0.00644716
39 1.5026 0.00650732
40 1.50225 0.00635618
41 1.50145 0.00625426
42 1.50136 0.00610776
43 1.50125 0.00596835
44 1.50167 0.00584901
45 1.50049 0.00584033
46 1.50013 0.00572594
47 1.49973 0.00561994
48 1.50096 0.00564127
49 1.50066 0.00553594
50 1.50121 0.00545496
51 1.50109 0.00535054
52 1.50092 0.00525115
53 1.50008 0.00522121
54 1.49993 0.00512755
55 1.501 0.00514607
56 1.5009 0.00505583
57 1.50214 0.00511849
58 1.50262 0.00505432
59 1.50398 0.00515139
60 1.50386 0.00506751
61 1.5044 0.00501406
62 1.50409 0.00494398
63 1.50369 0.00488204
64 1.50286 0.00487815
65 1.50185 0.00490877
66 1.50068 0.00497457
67 1.50133 0.0049437
68 1.50125 0.00487215
69 1.50153 0.00480998
70 1.50097 0.00477449
71 1.50007 0.00479259
72 1.50003 0.00472666
73 1.49907 0.00476083
74 1.4984 0.0047431
75 1.49763 0.00474441
76 1.49767 0.00468262
77 1.49808 0.00463988
78 1.49789 0.0045848
79 1.49787 0.00452714
80 1.49724 0.00451535
81 1.49761 0.00447511
82 1.49726 0.00443504
83 1.49724 0.00438196
84 1.49753 0.00434009
85 1.49726 0.00429767
86 1.4974 0.00425029
87 1.49685 0.00423831
88 1.49695 0.0041916
89 1.49685 0.00414594
90 1.49687 0.0041002
91 1.4967 0.00405905
92 1.4974 0.00407536
93 1.49685 0.00406936
94 1.49672 0.00402822
95 1.49674 0.00398607
96 1.49662 0.00394661
97 1.49654 0.00390692
98 1.49684 0.00387887
99 1.4967 0.00384229
