0 5.2582 0
1 5.05092 0.207279
2 5.0883 0.125373
3 5.03735 0.10225
4 5.05323 0.0807783
5 5.05269 0.0659574
6 5.0219 0.0636825
7 5.03388 0.0564367
8 5.01757 0.0523748
9 5.02309 0.0471693
10 5.02491 0.0427049
11 5.02495 0.0389841
12 5.02505 0.0358603
13 5.01899 0.0337477
14 5.01334 0.0319226
15 5.00793 0.0303463
16 4.99633 0.0307744
17 5.00184 0.0295315
18 5.00414 0.0280287
19 5.00186 0.0266879
20 5.00243 0.0253917
21 5.00967 0.0252678
22 5.00672 0.0243231
23 5.00513 0.0233419
24 5.0041 0.0224123
25 5.00526 0.021564
26 5.00129 0.0211263
27 5.00101 0.0203597
28 5.00442 0.0199383
29 5.00337 0.0192906
30 5.00369 0.0186607
31 5.00572 0.0181815
32 5.00616 0.0176274
33 5.00688 0.0171162
34 5.00793 0.016653
35 5.00582 0.0163208
36 5.00691 0.0159112
37 5.00164 0.0163583
38 5.00512 0.0163081
39 5.00218 0.0161649
40 5.00487 0.0159937
41 5.00393 0.0156365
42 5.00201 0.015389
43 4.9971 0.0158152
44 4.99556 0.0155368
45 4.9924 0.0155204
46 4.99259 0.0151877
47 4.99165 0.0148977
48 4.99094 0.0146074
49 4.9904 0.0143227
50 4.99186 0.0141151
51 4.99324 0.0139099
52 4.99582 0.0138862
53 4.99219 0.0141024
54 4.99171 0.013852
55 4.99484 0.0139591
56 4.99468 0.0137129
57 4.9972 0.0137079
58 4.99832 0.0135198
59 4.99863 0.0132961
60 4.99799 0.0130918
61 4.99814 0.0128797
62 4.99868 0.0126854
63 4.99728 0.0125648
64 4.99802 0.0123923
65 4.99736 0.0122209
66 4.99612 0.0121015
67 4.99545 0.011941
68 4.99791 0.0120217
69 4.99815 0.0118511
70 4.99871 0.0116968
71 4.99526 0.0120378
72 4.99612 0.0119025
73 4.99441 0.0118638
74 4.99329 0.0117579
75 4.99178 0.0117009
76 4.99355 0.0116838
77 4.99589 0.0117667
78 4.99672 0.0116463
79 4.99678 0.0115
80 4.9948 0.011527
81 4.99701 0.0115965
82 4.99554 0.0115499
83 4.99472 0.0114406
84 4.99448 0.0113078
85 4.99409 0.0111822
86 4.99281 0.011127
87 4.9924 0.0110077
88 4.99252 0.010884
89 4.9929 0.010769
90 4.99273 0.0106513
91 4.9925 0.0105375
92 4.99485 0.0106864
93 4.99472 0.010573
94 4.9941 0.0104794
95 4.99298 0.0104295
96 4.99259 0.0103289
97 4.99273 0.010224
98 4.9938 0.0101763
99 4.99439 0.0100915
