           1   0.0475298   0.0475298           0
           2   0.0488387   0.0481842 0.000462771
           3    0.049069   0.0484791 0.000391359
           4   0.0481309   0.0483921 0.000303047
           5   0.0492156   0.0485568 0.000283689
           6     0.04883   0.0486023 0.000240035
           7   0.0485987   0.0486018 0.000205745
           8   0.0483152    0.048566  0.00018312
           9    0.048147   0.0485194 0.000168587
          10   0.0480504   0.0484725  0.00015812
          11   0.0504703   0.0486541 0.000225054
          12   0.0491735   0.0486974  0.00021042
          13   0.0494493   0.0487553 0.000202027
          14   0.0493449   0.0487974 0.000191935
          15   0.0482757   0.0487626 0.000182264
          16   0.0486993   0.0487586 0.000170915
          17   0.0490675   0.0487768 0.000161824
          18   0.0484376    0.048758 0.000153927
          19   0.0485928   0.0487493 0.000146071
          20   0.0498959   0.0488066 0.000149595
          21   0.0510755   0.0489146 0.000177245
          22   0.0494948    0.048941 0.000171138
          23   0.0483705   0.0489162 0.000165486
          24    0.048606   0.0489033 0.000159095
          25    0.048896    0.048903 0.000152731
          26   0.0485297   0.0488886  0.00014753
          27    0.049716   0.0489193 0.000145214
          28   0.0486532   0.0489098 0.000140338
          29   0.0495132   0.0489306 0.000137033
          30   0.0499672   0.0489651 0.000136752
          31   0.0489264   0.0489639 0.000132346
          32   0.0485924   0.0489523 0.000128719
          33   0.0486638   0.0489435 0.000125115
          34   0.0489992   0.0489452 0.000121446
          35    0.048565   0.0489343  0.00011846
          36   0.0497824   0.0489579 0.000117489
          37   0.0482209    0.048938 0.000115989
          38   0.0497871   0.0489603 0.000115069
          39   0.0494565    0.048973  0.00011282
          40   0.0499425   0.0489973 0.000112573
          41   0.0497598   0.0490159 0.000111353
          42   0.0485383   0.0490045 0.000109281
          43   0.0494138    0.049014 0.000107153
          44   0.0491849   0.0490179 0.000104788
          45   0.0502638   0.0490456 0.000106054
          46   0.0486365   0.0490367 0.000104121
          47   0.0484411    0.049024 0.000102674
          48   0.0474792   0.0489918 0.000105458
          49   0.0482392   0.0489765 0.000104418
          50   0.0498293   0.0489935 0.000103714
          51   0.0492071   0.0489977 0.000101765
          52   0.0490889   0.0489995 9.98229e-05
          53   0.0502568   0.0490232 0.000100719
          54   0.0476908   0.0489985 0.000101831
          55   0.0477673   0.0489761 0.000102411
          56   0.0480959   0.0489604 0.000101781
          57   0.0499033    0.048977  0.00010133
          58   0.0491394   0.0489798 9.96221e-05
          59   0.0489262   0.0489788 9.79378e-05
          60    0.049507   0.0489877 9.67002e-05
          61   0.0495465   0.0489968  9.5548e-05
          62   0.0491067   0.0489986 9.40234e-05
          63   0.0489443   0.0489977 9.25349e-05
          64   0.0485804   0.0489912 9.13185e-05
          65    0.047811    0.048973  9.1701e-05
          66   0.0480105   0.0489585  9.1464e-05
          67   0.0494059   0.0489651 9.03423e-05
          68   0.0494258   0.0489719 8.92673e-05
          69   0.0491669   0.0489747 8.80183e-05
          70   0.0492967   0.0489793  8.6881e-05
          71   0.0491595   0.0489819 8.56944e-05
          72   0.0480907   0.0489695 8.53933e-05
          73   0.0489949   0.0489698 8.42243e-05
          74   0.0484514   0.0489628  8.3377e-05
          75   0.0497282    0.048973 8.28874e-05
          76    0.048686   0.0489693 8.18828e-05
          77   0.0502201   0.0489855  8.2415e-05
          78   0.0484428   0.0489786 8.16516e-05
          79   0.0484986   0.0489725 8.08437e-05
          80    0.048255   0.0489635  8.0329e-05
          81   0.0485841   0.0489588 7.94737e-05
          82   0.0490954   0.0489605  7.8522e-05
          83   0.0486727    0.048957 7.76524e-05
          84   0.0490061   0.0489576 7.67302e-05
          85   0.0503367   0.0489738 7.75238e-05
          86   0.0492916   0.0489775 7.67103e-05
          87   0.0493853   0.0489822 7.59717e-05
          88   0.0495806    0.048989  7.5412e-05
          89   0.0480461   0.0489784 7.53052e-05
          90   0.0490332    0.048979  7.4471e-05
          91   0.0482176   0.0489707 7.41211e-05
          92   0.0479025   0.0489591 7.42192e-05
          93   0.0492958   0.0489627 7.35094e-05
          94   0.0496391   0.0489699 7.30787e-05
          95   0.0482534   0.0489623 7.26976e-05
          96   0.0490857   0.0489636 7.19517e-05
          97   0.0490741   0.0489648 7.12189e-05
          98   0.0490319   0.0489654 7.04955e-05
          99   0.0494566   0.0489704 6.99578e-05
         100   0.0493584   0.0489743 6.93658e-05
         101   0.0490955   0.0489755 6.86893e-05
         102   0.0500603   0.0489861 6.88344e-05
         103   0.0477018   0.0489736 6.92862e-05
         104   0.0489631   0.0489735   6.862e-05
         105    0.048952   0.0489733 6.79668e-05
         106   0.0487998   0.0489717 6.73453e-05
         107   0.0488594   0.0489707 6.67241e-05
         108   0.0481664   0.0489632 6.65205e-05
         109   0.0503339   0.0489758 6.70883e-05
         110    0.049181   0.0489776 6.65044e-05
         111   0.0487673   0.0489758 6.59322e-05
         112   0.0486764   0.0489731 6.53977e-05
         113   0.0496203   0.0489788 6.50693e-05
         114   0.0498639   0.0489866 6.49601e-05
         115   0.0487379   0.0489844 6.44312e-05
         116   0.0505711   0.0489981 6.53116e-05
         117   0.0491109   0.0489991 6.47605e-05
         118   0.0492118   0.0490009 6.42368e-05
         119   0.0486164   0.0489976 6.37782e-05
         120   0.0501944   0.0490076 6.40217e-05
         121   0.0480996   0.0490001 6.39309e-05
         122   0.0492831   0.0490024 6.34489e-05
         123   0.0495212   0.0490066 6.30731e-05
         124   0.0491976   0.0490082 6.25833e-05
         125   0.0490842   0.0490088 6.20856e-05
         126   0.0483489   0.0490035 6.18133e-05
         127   0.0491781   0.0490049 6.13418e-05
         128   0.0493418   0.0490075  6.0919e-05
         129   0.0493694   0.0490104 6.05114e-05
         130   0.0500263   0.0490182 6.05484e-05
         131    0.049253     0.04902 6.01127e-05
         132   0.0494184    0.049023 5.97331e-05
         133   0.0488451   0.0490216 5.92989e-05
         134   0.0481364    0.049015 5.92232e-05
         135   0.0484232   0.0490107 5.89466e-05
         136   0.0481839   0.0490046 5.88258e-05
         137   0.0501093   0.0490126 5.89464e-05
         138   0.0501679    0.049021 5.91108e-05
         139   0.0489584   0.0490206 5.86872e-05
         140   0.0507776   0.0490331 5.95949e-05
         141   0.0485077   0.0490294 5.92887e-05
         142   0.0486967    0.049027 5.89174e-05
         143   0.0502929   0.0490359 5.91667e-05
         144   0.0498432   0.0490415 5.90208e-05
         145   0.0489607   0.0490409 5.86164e-05
         146   0.0494084   0.0490435  5.8269e-05
         147   0.0487528   0.0490415 5.79061e-05
         148   0.0491832   0.0490424 5.75228e-05
         149   0.0487185   0.0490403 5.71778e-05
         150   0.0490633   0.0490404 5.67968e-05
         151   0.0485347   0.0490371 5.65193e-05
         152   0.0493832   0.0490393 5.61933e-05
         153   0.0480109   0.0490326 5.62267e-05
         154   0.0477044    0.049024 5.65192e-05
         155   0.0497676   0.0490288 5.63578e-05
         156   0.0496749   0.0490329 5.61485e-05
         157   0.0492736   0.0490345 5.58118e-05
         158   0.0491411   0.0490351 5.54626e-05
         159   0.0495143   0.0490382 5.51956e-05
         160   0.0494418   0.0490407 5.49082e-05
         161   0.0487809   0.0490391 5.45909e-05
         162   0.0488616    0.049038 5.42649e-05
         163   0.0490796   0.0490382 5.39326e-05
         164   0.0487317   0.0490364 5.36361e-05
         165   0.0483358   0.0490321 5.34788e-05
         166     0.04918    0.049033 5.31641e-05
         167   0.0484009   0.0490292 5.29803e-05
         168   0.0497011   0.0490332 5.28156e-05
         169   0.0484585   0.0490298 5.26125e-05
         170   0.0488487   0.0490288 5.23138e-05
         171   0.0493204   0.0490305 5.20357e-05
         172    0.049007   0.0490303 5.17333e-05
         173   0.0496335   0.0490338 5.15516e-05
         174   0.0488931    0.049033 5.12617e-05
         175   0.0497464   0.0490371 5.11306e-05
         176    0.049793   0.0490414 5.10202e-05
         177   0.0497253   0.0490452 5.08781e-05
         178   0.0496725   0.0490488 5.07141e-05
         179   0.0495277   0.0490514 5.05013e-05
         180   0.0489955   0.0490511 5.02217e-05
         181   0.0478656   0.0490446 5.03696e-05
         182   0.0483651   0.0490408  5.0231e-05
         183   0.0499245   0.0490457  5.0188e-05
         184   0.0494538   0.0490479 4.99642e-05
         185   0.0489333   0.0490473  4.9698e-05
         186   0.0488965   0.0490465 4.94374e-05
         187    0.049327    0.049048 4.91958e-05
         188   0.0491817   0.0490487 4.89393e-05
         189   0.0477855    0.049042 4.91346e-05
         190   0.0496422   0.0490451 4.89774e-05
         191    0.049514   0.0490476 4.87825e-05
         192   0.0504406   0.0490549  4.9065e-05
         193   0.0491515   0.0490554 4.88133e-05
         194   0.0484082    0.049052 4.86755e-05
         195   0.0489791   0.0490516 4.84274e-05
         196   0.0486669   0.0490497 4.82201e-05
         197   0.0510138   0.0490597 4.89952e-05
         198   0.0492349   0.0490605 4.87557e-05
         199    0.048301   0.0490567 4.86599e-05
         200   0.0493034    0.049058 4.84322e-05
