           1   -0.413992   -0.413992           0
           2   -0.418321   -0.416156  0.00153055
           3   -0.413698   -0.415337  0.00122019
           4   -0.422855   -0.417216  0.00186726
           5   -0.411624   -0.416098  0.00179783
           6    -0.41326   -0.415625  0.00155919
           7   -0.405719    -0.41421  0.00187156
           8   -0.421813    -0.41516  0.00186336
           9   -0.414737   -0.415113  0.00165691
          10   -0.424835   -0.416085   0.0017534
          11   -0.421617   -0.416588  0.00166455
          12   -0.408585   -0.415921  0.00165408
          13   -0.416057   -0.415932  0.00152687
          14   -0.410568   -0.415549  0.00146509
          15   -0.408929   -0.415107  0.00143233
          16     -0.4228   -0.415588  0.00142122
          17   -0.414384   -0.415517  0.00133939
          18   -0.428098   -0.416216  0.00143581
          19   -0.421495   -0.416494  0.00138686
          20   -0.415629   -0.416451  0.00131819
          21   -0.402442   -0.415784  0.00141417
          22   -0.417138   -0.415845  0.00135123
          23   -0.412557   -0.415702  0.00130003
          24   -0.416664   -0.415742  0.00124648
          25   -0.405851   -0.415347  0.00125784
          26   -0.414629   -0.415319  0.00120976
          27   -0.420495   -0.415511  0.00118005
          28   -0.403497   -0.415082  0.00121339
          29    -0.40717   -0.414809  0.00120183
          30   -0.408107   -0.414585  0.00118235
          31   -0.409909   -0.414435  0.00115379
          32   -0.420578   -0.414627   0.0011336
          33   -0.401382   -0.414225  0.00116814
          34   -0.417516   -0.414322  0.00113779
          35   -0.417172   -0.414403  0.00110819
          36   -0.414966   -0.414419  0.00107751
          37    -0.40645   -0.414204   0.0010697
          38   -0.415711   -0.414243  0.00104229
          39   -0.411324   -0.414169  0.00101825
          40   -0.425714   -0.414457  0.00103289
          41   -0.404963   -0.414226  0.00103333
          42    -0.40688   -0.414051  0.00102342
          43   -0.412025   -0.414004  0.00100071
          44   -0.406423   -0.413831 0.000992681
          45   -0.409822   -0.413742 0.000974611
          46   -0.405647   -0.413566  0.00096918
          47   -0.417468   -0.413649 0.000952107
          48   -0.414955   -0.413676  0.00093266
          49   -0.412763   -0.413658 0.000913812
          50    -0.41072   -0.413599 0.000897423
          51   -0.415983   -0.413646 0.000881043
          52   -0.419203   -0.413753 0.000870556
          53    -0.41795   -0.413832 0.000857725
          54   -0.426749   -0.414071 0.000874559
          55   -0.426726   -0.414301  0.00088841
          56   -0.411359   -0.414249 0.000874098
          57   -0.419578   -0.414342 0.000863749
          58   -0.422879   -0.414489 0.000861306
          59   -0.413123   -0.414466 0.000847019
          60   -0.407808   -0.414355 0.000840141
          61   -0.416914   -0.414397 0.000827414
          62   -0.421235   -0.414507 0.000821387
          63   -0.408221   -0.414408 0.000814388
          64   -0.413503   -0.414393 0.000801785
          65   -0.416739    -0.41443 0.000790262
          66   -0.432469   -0.414703 0.000824199
          67   -0.407844   -0.414601  0.00081823
          68    -0.41137   -0.414553 0.000807575
          69   -0.405519   -0.414422 0.000806414
          70   -0.412739   -0.414398 0.000795253
          71   -0.422954   -0.414519 0.000793129
          72   -0.417812   -0.414564 0.000783431
          73   -0.409307   -0.414492 0.000776002
          74   -0.412957   -0.414472 0.000765793
          75   -0.418751   -0.414529 0.000757705
          76   -0.409782   -0.414466 0.000750305
          77   -0.401884   -0.414303 0.000758147
          78   -0.411676   -0.414269 0.000749175
          79    -0.40981   -0.414213 0.000741815
          80   -0.409063   -0.414148  0.00073533
          81   -0.414582   -0.414154 0.000726271
          82   -0.423941   -0.414273 0.000727156
          83   -0.419442   -0.414335 0.000721057
          84   -0.405557   -0.414231 0.000720005
          85   -0.417497   -0.414269 0.000712559
          86   -0.408955   -0.414207 0.000706948
          87   -0.407076   -0.414125 0.000703558
          88   -0.409035   -0.414068 0.000697936
          89   -0.414574   -0.414073 0.000690118
          90   -0.406962   -0.413994 0.000686958
          91   -0.420494   -0.414066 0.000683112
          92   -0.422317   -0.414155 0.000681548
          93   -0.416439    -0.41418 0.000674662
          94   -0.407922   -0.414113 0.000670761
          95   -0.402248   -0.413988 0.000675228
          96   -0.416927   -0.414019 0.000668888
          97   -0.404345   -0.413919 0.000669386
          98   -0.396602   -0.413743 0.000685483
          99   -0.419445     -0.4138 0.000680975
         100   -0.407235   -0.413735 0.000677322
         101   -0.417685   -0.413774 0.000671744
         102   -0.405351   -0.413691 0.000670215
         103   -0.419962   -0.413752 0.000666468
         104   -0.423069   -0.413842 0.000666053
         105   -0.418316   -0.413884 0.000661072
         106   -0.410896   -0.413856 0.000655436
         107   -0.413296   -0.413851 0.000649331
         108   -0.409113   -0.413807 0.000644799
         109   -0.415752   -0.413825 0.000639131
         110   -0.418334   -0.413866 0.000634634
         111   -0.421508   -0.413935  0.00063264
         112   -0.411444   -0.413912 0.000627382
         113   -0.418282   -0.413951 0.000623021
         114   -0.411589    -0.41393   0.0006179
         115   -0.416184    -0.41395 0.000612838
         116   -0.406378   -0.413885 0.000611021
         117   -0.405531   -0.413813 0.000609955
         118   -0.416877   -0.413839 0.000605338
         119   -0.415447   -0.413853 0.000600402
         120   -0.411062   -0.413829 0.000595849
         121   -0.419274   -0.413874 0.000592622
         122   -0.405176   -0.413803 0.000592037
         123   -0.415022   -0.413813 0.000587307
         124   -0.407632   -0.413763 0.000584682
         125   -0.415537   -0.413777 0.000580177
         126   -0.408894   -0.413739 0.000576866
         127   -0.408212   -0.413695 0.000573962
         128   -0.412739   -0.413688 0.000569527
         129   -0.425705   -0.413781  0.00057268
         130   -0.420146    -0.41383 0.000570364
         131   -0.414354   -0.413834 0.000566024
         132    -0.41642   -0.413853 0.000562075
         133    -0.40966   -0.413822 0.000558732
         134   -0.411798   -0.413807 0.000554766
         135    -0.41045   -0.413782 0.000551214
         136    -0.41742   -0.413809  0.00054781
         137   -0.415387    -0.41382 0.000543932
         138    -0.40357   -0.413746 0.000545038
         139   -0.424383   -0.413822 0.000546463
         140    -0.41242   -0.413812 0.000542651
         141   -0.415819   -0.413827 0.000538989
         142   -0.407443   -0.413782 0.000537065
         143   -0.407138   -0.413735 0.000535315
         144   -0.417853   -0.413764 0.000532361
         145   -0.408311   -0.413726 0.000530016
         146   -0.423966   -0.413796 0.000531006
         147   -0.420294    -0.41384  0.00052923
         148    -0.42497   -0.413916  0.00053097
         149   -0.422863   -0.413976 0.000530791
         150   -0.414197   -0.413977 0.000527254
         151   -0.411449    -0.41396 0.000524028
         152   -0.422545   -0.414017 0.000523615
         153   -0.412404   -0.414006 0.000520299
         154   -0.420074   -0.414046  0.00051841
         155   -0.413667   -0.414043 0.000515072
         156   -0.416243   -0.414057 0.000511963
         157   -0.417924   -0.414082 0.000509294
         158   -0.416265   -0.414096 0.000506258
         159   -0.404193   -0.414034 0.000506891
         160   -0.401994   -0.413958 0.000509277
         161     -0.4206      -0.414 0.000507782
         162   -0.418876    -0.41403 0.000505539
         163   -0.419992   -0.414066 0.000503759
         164   -0.417249   -0.414086 0.000501061
         165    -0.40049   -0.414003 0.000504754
         166   -0.406036   -0.413955  0.00050399
         167   -0.419763    -0.41399  0.00050217
         168   -0.405617    -0.41394 0.000501648
         169   -0.428691   -0.414028 0.000506216
         170   -0.413322   -0.414023 0.000503255
         171   -0.416414   -0.414037 0.000500506
         172    -0.41346   -0.414034 0.000497608
         173   -0.410343   -0.414013 0.000495188
         174   -0.421331   -0.414055 0.000494126
         175   -0.418576   -0.414081 0.000491977
         176   -0.404115   -0.414024  0.00049243
         177   -0.407041   -0.413985 0.000491225
         178   -0.410994   -0.413968 0.000488753
         179   -0.412826   -0.413961 0.000486064
         180   -0.417569   -0.413981 0.000483777
         181   -0.424022   -0.414037 0.000484274
         182   -0.402314   -0.413972 0.000485878
         183   -0.414389   -0.413975 0.000483228
         184   -0.417849   -0.413996  0.00048106
         185   -0.420343    -0.41403 0.000479682
         186   -0.408864   -0.414002 0.000477906
         187   -0.403197   -0.413945 0.000478831
         188   -0.410845   -0.413928 0.000476567
         189     -0.4063   -0.413888 0.000475752
         190   -0.411841   -0.413877  0.00047337
         191   -0.411226   -0.413863 0.000471095
         192   -0.408277   -0.413834 0.000469539
         193   -0.416857    -0.41385 0.000467367
         194   -0.410653   -0.413833 0.000465248
         195   -0.412345   -0.413825 0.000462925
         196   -0.418039   -0.413847 0.000461062
         197   -0.425748   -0.413907 0.000462663
         198   -0.407889   -0.413877 0.000461323
         199    -0.41807   -0.413898 0.000459486
         200   -0.413668   -0.413897  0.00045719
