0 1 0
1 1.50398 0.503979
2 1.9962 0.571794
3 2.48561 0.634822
4 2.98076 0.697833
5 3.47824 0.756391
6 3.97678 0.810682
7 4.47398 0.860296
8 4.97067 0.906833
9 5.46925 0.952081
10 5.97022 0.996303
11 6.46464 1.0352
12 6.96134 1.074
13 7.45858 1.11173
14 7.9588 1.14951
15 8.45925 1.18602
16 8.96259 1.2225
17 9.46775 1.25843
18 9.96859 1.29143
19 10.4713 1.32429
20 10.9735 1.35606
21 11.4737 1.38633
22 11.975 1.41638
23 12.4741 1.44499
24 12.9731 1.4731
25 13.4721 1.50067
26 13.9715 1.52795
27 14.4691 1.5542
28 14.964 1.5792
29 15.458 1.60363
30 15.9502 1.62726
31 16.4455 1.65162
32 16.9421 1.67604
33 17.4353 1.69915
34 17.927 1.72159
35 18.4217 1.74469
36 18.9137 1.76678
37 19.4054 1.78855
38 19.8986 1.81057
39 20.3949 1.83318
40 20.8887 1.85485
41 21.3848 1.87689
42 21.8821 1.899
43 22.379 1.92072
44 22.8754 1.94208
45 23.3717 1.96316
46 23.8685 1.98414
47 24.3625 2.00419
48 24.8559 2.02394
49 25.3461 2.04272
50 25.8383 2.06188
51 26.3341 2.08174
52 26.8308 2.10162
53 27.3263 2.12104
54 27.8215 2.1402
55 28.3175 2.15936
56 28.811 2.17779
57 29.3051 2.19622
58 29.7968 2.21396
59 30.2868 2.23121
60 30.7766 2.24833
61 31.2635 2.26473
62 31.7529 2.2816
63 32.2446 2.29886
64 32.7379 2.31637
65 33.2313 2.33375
66 33.7235 2.35075
67 34.2163 2.36778
68 34.7081 2.38449
69 35.1993 2.40095
70 35.6906 2.41734
71 36.1842 2.43411
72 36.6788 2.45095
73 37.1741 2.46782
74 37.6676 2.48422
75 38.1642 2.50109
76 38.6583 2.51738
77 39.1522 2.53349
78 39.647 2.5497
79 40.141 2.56562
80 40.6345 2.58137
81 41.1287 2.59715
82 41.6213 2.61252
83 42.1154 2.6281
84 42.6088 2.64345
85 43.1016 2.65861
86 43.5931 2.67344
87 44.0849 2.68825
88 44.5744 2.70258
89 45.065 2.71704
90 45.5592 2.73209
91 46.0523 2.74685
92 46.5476 2.76192
93 47.043 2.77693
94 47.5401 2.79215
95 48.0375 2.80733
96 48.5355 2.82252
97 49.0348 2.83784
98 49.5327 2.85282
99 50.0294 2.86749
