0 1 0
1 1.5027 0.5027
2 2.00193 0.577468
3 2.4948 0.640041
4 2.99752 0.706059
5 3.497 0.762775
6 3.9958 0.815102
7 4.49255 0.863165
8 4.98638 0.907388
9 5.48302 0.951491
10 5.98069 0.994186
11 6.47167 1.03186
12 6.96157 1.06814
13 7.45147 1.1036
14 7.93737 1.13651
15 8.42479 1.16952
16 8.91844 1.20438
17 9.41836 1.24068
18 9.91556 1.27455
19 10.4157 1.30851
20 10.9187 1.34243
21 11.4218 1.37529
22 11.9264 1.40768
23 12.4301 1.43879
24 12.9321 1.46851
25 13.4323 1.49696
26 13.9374 1.52642
27 14.4467 1.55658
28 14.9503 1.58412
29 15.4526 1.61074
30 15.9576 1.63772
31 16.4612 1.66376
32 16.9627 1.68872
33 17.4619 1.71267
34 17.9629 1.73683
35 18.4628 1.76037
36 18.9589 1.78258
37 19.4562 1.80489
38 19.954 1.82713
39 20.4548 1.84993
40 20.954 1.87204
41 21.4516 1.89348
42 21.9498 1.91487
43 22.4522 1.93712
44 22.9562 1.95951
45 23.4582 1.9811
46 23.9652 2.00368
47 24.4723 2.026
48 24.9766 2.04729
49 25.4834 2.06896
50 25.988 2.08983
51 26.4931 2.11057
52 26.9974 2.1309
53 27.4977 2.15008
54 27.9985 2.16922
55 28.4985 2.18803
56 28.997 2.20636
57 29.494 2.22423
58 29.99 2.24176
59 30.4875 2.25953
60 30.9847 2.27712
61 31.4817 2.29456
62 31.9793 2.31203
63 32.4757 2.32913
64 32.9727 2.34625
65 33.4692 2.36319
66 33.9658 2.38004
67 34.4641 2.39713
68 34.9612 2.41388
69 35.4573 2.43031
70 35.9548 2.44695
71 36.4523 2.46347
72 36.9519 2.48033
73 37.4513 2.49704
74 37.9498 2.51346
75 38.4507 2.53024
76 38.9524 2.54706
77 39.4532 2.56358
78 39.9554 2.58028
79 40.4566 2.59665
80 40.9566 2.61266
81 41.4574 2.62876
82 41.959 2.64489
83 42.4608 2.66095
84 42.9595 2.67634
85 43.456 2.69124
86 43.9532 2.70619
87 44.4504 2.72106
88 44.9468 2.73574
89 45.4433 2.75036
90 45.9402 2.76497
91 46.4371 2.77952
92 46.9338 2.79398
93 47.4295 2.80821
94 47.926 2.82249
95 48.4231 2.83684
96 48.92 2.85106
97 49.4169 2.86524
98 49.9137 2.87933
99 50.4112 2.89349
