0 13.9725 0
1 14.7046 0.732116
2 14.7 0.422713
3 14.1548 0.621763
4 13.7947 0.601328
5 14.0297 0.544307
6 14.331 0.549936
7 14.9307 0.76577
8 14.6254 0.741119
9 14.6234 0.66288
10 14.8207 0.63124
11 15.0462 0.618773
12 15.0689 0.569643
13 15.1729 0.53753
14 15.4201 0.558144
15 15.2718 0.542744
16 15.0113 0.572514
17 15.1356 0.553892
18 15.0309 0.534286
19 14.8226 0.548007
20 14.8581 0.522467
21 14.8253 0.499231
22 14.8965 0.482318
23 14.7786 0.476602
24 14.9743 0.497298
25 14.9306 0.479783
26 14.8074 0.477841
27 14.8115 0.460478
28 14.8804 0.449621
29 14.9429 0.43885
30 15.0216 0.431692
31 14.9754 0.42053
32 14.9949 0.408052
33 14.9345 0.400444
34 14.9843 0.392013
35 14.8888 0.392774
36 14.8178 0.388546
37 14.8822 0.383623
38 14.8379 0.376272
39 14.7768 0.371796
40 14.6821 0.374785
41 14.7167 0.367386
42 14.6936 0.359478
43 14.747 0.355244
44 14.8412 0.359802
45 14.8161 0.352785
46 14.7691 0.348379
47 14.8103 0.343522
48 14.8397 0.33772
49 14.8017 0.333071
50 14.7702 0.327992
51 14.7777 0.321708
52 14.8068 0.316919
53 14.7552 0.315236
54 14.7687 0.309745
55 14.7801 0.304377
56 14.7855 0.299038
57 14.7949 0.293987
58 14.8012 0.289029
59 14.8943 0.299036
60 14.9121 0.294635
61 14.913 0.289845
62 14.9248 0.285451
63 14.9308 0.281019
64 14.9396 0.276803
65 14.9225 0.273116
66 14.928 0.269066
67 14.9367 0.265222
68 14.9263 0.261559
69 15.0032 0.269022
70 15.0142 0.265431
71 15.0343 0.262496
72 15.0536 0.259593
73 15.0575 0.256091
74 15.0503 0.252758
75 15.0267 0.250525
76 15.0036 0.248318
77 15.0274 0.24626
78 15.0418 0.24355
79 15.0491 0.240597
80 15.0097 0.240854
81 15.0512 0.241489
82 15.0622 0.238816
83 15.0508 0.236229
84 15.044 0.233533
85 15.0304 0.231201
86 15.0352 0.228579
87 15.0396 0.226008
88 15.0324 0.223569
89 15.0069 0.222532
90 15.0554 0.225349
91 15.0914 0.225768
92 15.1034 0.223652
93 15.0594 0.225589
94 15.0505 0.223382
95 15.0158 0.223742
96 14.9974 0.222187
97 15.0157 0.220665
98 15.004 0.218736
99 14.974 0.218605
