0 14.7988 0
1 15.037 0.238184
2 14.9192 0.181033
3 14.8491 0.145958
4 14.854 0.113165
5 14.8627 0.0928079
6 14.8808 0.0804958
7 14.8478 0.0771501
8 14.8026 0.0816381
9 14.8129 0.0737383
10 14.732 0.104848
11 14.7749 0.104869
12 14.7646 0.0970132
13 14.8102 0.100726
14 14.7323 0.121856
15 14.7542 0.116057
16 14.7781 0.111606
17 14.7888 0.10577
18 14.8004 0.100723
19 14.8014 0.0955587
20 14.8658 0.111421
21 14.8931 0.109666
22 14.932 0.111786
23 14.9267 0.107159
24 14.9297 0.102827
25 14.9653 0.105011
26 14.9629 0.101075
27 14.9855 0.0999945
28 14.9797 0.0966559
29 14.9874 0.0936921
30 15.0174 0.0954609
31 15.0396 0.0950481
32 15.0185 0.0945006
33 15.019 0.0916804
34 15.0386 0.0911412
35 15.0135 0.0920598
36 15.03 0.0910436
37 15.0146 0.0899409
38 15.0272 0.0885133
39 15.0194 0.0866256
40 15.0374 0.0863849
41 15.0389 0.084316
42 15.0153 0.0856351
43 14.9904 0.0872903
44 14.999 0.085752
45 15.0044 0.0840411
46 15.0233 0.0843782
47 15.0174 0.0828073
48 15.0225 0.0812588
49 15.0298 0.0799512
50 15.0046 0.0823374
51 15.0159 0.0815363
52 15.0155 0.0799842
53 14.9983 0.0803453
54 14.9878 0.0795677
55 15.0234 0.0858355
56 15.0235 0.0843162
57 15.0072 0.084436
58 15.0054 0.0830105
59 15.0163 0.0823325
60 15.0169 0.0809741
61 15.0045 0.0806215
62 14.9932 0.0801348
63 14.9924 0.0788764
64 14.9876 0.0778049
65 14.9792 0.0770712
66 14.9687 0.076644
67 14.9724 0.0755999
68 14.9718 0.0744985
69 14.9752 0.0735081
70 14.9842 0.0730163
71 14.9764 0.0724199
72 14.9831 0.071734
73 14.991 0.071203
74 15.0054 0.0717033
75 15.0014 0.0708643
76 15.0001 0.06995
77 14.9995 0.0690498
78 14.9883 0.0690909
79 14.9827 0.0684489
80 14.9803 0.0676418
81 14.982 0.0668333
82 14.9868 0.0662009
83 14.9997 0.0666557
84 15.0058 0.066147
85 14.9998 0.0656485
86 14.9961 0.0649947
87 15.0002 0.0643844
88 15.003 0.0637191
89 15.0045 0.0630236
90 15.0167 0.0635108
91 15.0096 0.0632061
92 14.9988 0.0634491
93 14.999 0.0627706
94 14.9953 0.062216
95 15.001 0.0618255
96 15.0052 0.0613336
97 15.0062 0.0607125
98 15.0108 0.0602681
99 15.0088 0.0596938
