0 5.5125 0
1 5.44611 0.0663933
2 5.52709 0.0896017
3 5.66967 0.156016
4 5.61483 0.132711
5 5.58155 0.113351
6 5.5257 0.110892
7 5.55618 0.100756
8 5.55239 0.0889393
9 5.60268 0.0941138
10 5.61866 0.0866152
11 5.59033 0.0839924
12 5.60882 0.0794448
13 5.57293 0.0818413
14 5.58596 0.0772959
15 5.56414 0.0755227
16 5.55237 0.0719114
17 5.55666 0.0679342
18 5.54804 0.064835
19 5.52061 0.0673455
20 5.52027 0.0640593
21 5.53103 0.0620189
22 5.51009 0.0628507
23 5.49613 0.0617733
24 5.48138 0.0610606
25 5.46978 0.0598006
26 5.47941 0.0583442
27 5.48961 0.0571389
28 5.49506 0.0554019
29 5.49255 0.0535822
30 5.47371 0.0551408
31 5.46638 0.0538909
32 5.45709 0.0530529
33 5.46279 0.0517843
34 5.46049 0.0503357
35 5.46895 0.0496433
36 5.45521 0.0502003
37 5.45931 0.0490335
38 5.45009 0.0486427
39 5.44745 0.0474843
40 5.44102 0.0467553
41 5.44712 0.0460334
42 5.45198 0.0452129
43 5.45341 0.0441965
44 5.45579 0.0432685
45 5.46154 0.0427071
46 5.45817 0.0419243
47 5.46562 0.0417115
48 5.46695 0.0408729
49 5.45469 0.0418805
50 5.45748 0.0411462
51 5.45887 0.040371
52 5.46708 0.040443
53 5.46954 0.0397635
54 5.4694 0.0390341
55 5.46432 0.0386653
56 5.4608 0.0381434
57 5.46327 0.0375608
58 5.46283 0.0369212
59 5.46188 0.0363131
60 5.45687 0.0360624
61 5.461 0.0357152
62 5.46404 0.0352747
63 5.46513 0.0347364
64 5.46479 0.0341995
65 5.46855 0.0338867
66 5.47011 0.0334132
67 5.46672 0.0330921
68 5.46777 0.032626
69 5.46071 0.0329233
70 5.45691 0.0326778
71 5.46049 0.0324192
72 5.46061 0.0319722
73 5.46359 0.0316784
74 5.46215 0.0312863
75 5.46459 0.0309683
76 5.46922 0.0309119
77 5.47722 0.0315436
78 5.47824 0.0311585
79 5.48081 0.0308738
80 5.47967 0.0305117
81 5.4756 0.0304102
82 5.47437 0.0300668
83 5.46738 0.0305173
84 5.46129 0.0307657
85 5.4611 0.0304064
86 5.46228 0.0300779
87 5.45634 0.0303215
88 5.44749 0.0312585
89 5.44736 0.0309095
90 5.43677 0.0323502
91 5.43903 0.0320764
92 5.44212 0.0318801
93 5.44234 0.0315399
94 5.44136 0.0312216
95 5.43519 0.0315048
96 5.43731 0.0312502
97 5.43514 0.0310058
98 5.43406 0.0307099
99 5.43437 0.0304028
