0 14.6356 0
1 14.944 0.308364
2 14.8547 0.199169
3 14.6512 0.247414
4 14.7699 0.225386
5 14.9073 0.229674
6 14.9699 0.203968
7 14.9451 0.178374
8 14.9625 0.158263
9 14.8772 0.165272
10 14.8419 0.153586
11 14.8207 0.141798
12 14.8224 0.130446
13 14.7654 0.133548
14 14.79 0.126736
15 14.8581 0.136731
16 14.9763 0.174528
17 14.9789 0.164567
18 14.9242 0.164995
19 14.8953 0.159168
20 14.9322 0.155834
21 14.9266 0.148688
22 14.9369 0.142451
23 14.9024 0.140695
24 14.9381 0.139603
25 14.8937 0.141291
26 14.8537 0.14173
27 14.8967 0.143194
28 14.9313 0.142427
29 14.8988 0.141385
30 14.8865 0.137295
31 14.9031 0.13397
32 14.923 0.131365
33 14.9223 0.127445
34 14.8988 0.12596
35 14.8885 0.122846
36 14.8752 0.120221
37 14.8677 0.117249
38 14.8679 0.114203
39 14.8325 0.116786
40 14.8568 0.116465
41 14.8263 0.117694
42 14.8275 0.114931
43 14.8172 0.112759
44 14.7992 0.111686
45 14.8172 0.110699
46 14.8136 0.108376
47 14.8102 0.106147
48 14.8187 0.104301
49 14.8365 0.103731
50 14.8399 0.101733
51 14.8391 0.0997612
52 14.8248 0.0988922
53 14.8034 0.0993739
54 14.8103 0.0977922
55 14.814 0.0961015
56 14.8175 0.0944671
57 14.8141 0.0928897
58 14.8133 0.0913052
59 14.7972 0.0911973
60 14.7986 0.0897
61 14.7948 0.0883225
62 14.7888 0.0871111
63 14.8006 0.0865452
64 14.7965 0.0853043
65 14.8026 0.0842229
66 14.7998 0.0830016
67 14.7922 0.0821285
68 14.793 0.0809335
69 14.7955 0.0798078
70 14.7979 0.0787115
71 14.7982 0.0776115
72 14.8154 0.0784369
73 14.8174 0.0773971
74 14.8079 0.0769466
75 14.818 0.076589
76 14.8415 0.0791503
77 14.8426 0.078138
78 14.8408 0.0771642
79 14.8292 0.0770689
80 14.8302 0.0761173
81 14.827 0.0752504
82 14.8254 0.0743562
83 14.8269 0.0734813
84 14.8231 0.0727099
85 14.8252 0.0718894
86 14.8328 0.0714646
87 14.832 0.0706528
88 14.8336 0.0698735
89 14.8304 0.069165
90 14.8204 0.0691309
91 14.8085 0.0694122
92 14.8094 0.0686684
93 14.8025 0.0682873
94 14.8161 0.0689256
95 14.8175 0.0682185
96 14.808 0.068177
97 14.8104 0.067522
98 14.7986 0.0678832
99 14.8054 0.0675434
