0 5.12614 0
1 5.26097 0.134836
2 5.27643 0.079367
3 5.32753 0.0758998
4 5.28711 0.0713446
5 5.31214 0.0634029
6 5.26558 0.0709909
7 5.28242 0.0637452
8 5.27378 0.0568775
9 5.29902 0.0567877
10 5.30032 0.0513828
11 5.32345 0.0523011
12 5.35283 0.0563701
13 5.36411 0.0533939
14 5.34288 0.0540517
15 5.33986 0.0506506
16 5.32437 0.050036
17 5.33688 0.0488055
18 5.34744 0.0473558
19 5.35814 0.046184
20 5.34642 0.0454672
21 5.36897 0.0488645
22 5.36021 0.047505
23 5.36508 0.0457422
24 5.34681 0.047525
25 5.35844 0.0471171
26 5.36895 0.0465407
27 5.36574 0.0449622
28 5.35455 0.0448049
29 5.37164 0.0465388
30 5.36635 0.0453224
31 5.36767 0.0439029
32 5.36512 0.0426278
33 5.37526 0.0425792
34 5.37058 0.0416082
35 5.37283 0.0404983
36 5.37219 0.0393938
37 5.37648 0.0385826
38 5.38504 0.0385426
39 5.40275 0.0415321
40 5.39179 0.0419632
41 5.40061 0.0418908
42 5.39615 0.0411476
43 5.39796 0.0402424
44 5.40756 0.0404924
45 5.4095 0.0396499
46 5.40933 0.0387975
47 5.41353 0.0382119
48 5.40818 0.0378031
49 5.40494 0.037181
50 5.405 0.0364447
51 5.40252 0.0358224
52 5.40041 0.0352033
53 5.39977 0.0345513
54 5.40224 0.0340074
55 5.40126 0.033409
56 5.40583 0.0331344
57 5.4039 0.0326153
58 5.4052 0.0320839
59 5.41315 0.0325313
60 5.41011 0.0321378
61 5.4056 0.0319348
62 5.41234 0.0321384
63 5.40255 0.0331109
64 5.40931 0.033291
65 5.40642 0.0329099
66 5.40984 0.0325944
67 5.41199 0.0321838
68 5.4114 0.0317196
69 5.40879 0.0313717
70 5.40294 0.0314758
71 5.39996 0.031178
72 5.40449 0.0310799
73 5.40634 0.0307131
74 5.41491 0.031489
75 5.41278 0.0311447
76 5.41284 0.0307376
77 5.41478 0.0304024
78 5.41784 0.0301714
79 5.42253 0.0301575
80 5.42857 0.0303906
81 5.42949 0.0300318
82 5.42486 0.0300276
83 5.42453 0.0296697
84 5.42512 0.0293245
85 5.42061 0.0293309
86 5.41577 0.0293918
87 5.41393 0.0291143
88 5.42019 0.0294582
89 5.42114 0.0291444
90 5.42924 0.0299395
91 5.43591 0.0303539
92 5.42996 0.0306082
93 5.42944 0.0302854
94 5.42703 0.0300616
95 5.42793 0.0297604
96 5.43244 0.0297946
97 5.42805 0.029814
98 5.42862 0.0295169
99 5.42664 0.0292873
