0 4.89077 0
1 5.86983 0.979058
2 5.30675 0.797857
3 5.0186 0.633496
4 5.12975 0.503134
5 5.26032 0.43106
6 5.13448 0.385436
7 5.00337 0.358623
8 5.12974 0.340588
9 5.04112 0.317259
10 5.20202 0.328999
11 5.18306 0.300932
12 5.35175 0.324168
13 5.2304 0.323727
14 5.11912 0.321261
15 5.18512 0.307672
16 5.21742 0.290807
17 5.16456 0.279225
18 5.21314 0.268551
19 5.25461 0.258123
20 5.28886 0.247902
21 5.28688 0.236374
22 5.3506 0.234678
23 5.38588 0.22744
24 5.28376 0.240872
25 5.32256 0.234653
26 5.35745 0.228475
27 5.34752 0.220388
28 5.38003 0.215123
29 5.34321 0.211066
30 5.33752 0.204223
31 5.34265 0.197805
32 5.34561 0.19174
33 5.33872 0.186142
34 5.31033 0.182962
35 5.33123 0.179031
36 5.35327 0.175514
37 5.3236 0.173389
38 5.33842 0.169534
39 5.37713 0.169715
40 5.41994 0.170969
41 5.37378 0.173116
42 5.36732 0.169165
43 5.36691 0.165276
44 5.33944 0.163881
45 5.36678 0.162594
46 5.38003 0.159648
47 5.33989 0.161357
48 5.32043 0.159224
49 5.31171 0.156251
50 5.32074 0.153422
51 5.30859 0.150933
52 5.29169 0.14902
53 5.30161 0.146571
54 5.31311 0.14434
55 5.31631 0.141775
56 5.33334 0.140303
57 5.32434 0.138157
58 5.32421 0.135795
59 5.32517 0.133516
60 5.35043 0.133716
61 5.33626 0.132302
62 5.33121 0.130283
63 5.34121 0.128621
64 5.33515 0.126772
65 5.33461 0.124837
66 5.33185 0.122991
67 5.31483 0.122358
68 5.32458 0.120966
69 5.30099 0.121538
70 5.31282 0.120396
71 5.32875 0.119778
72 5.32059 0.118407
73 5.32028 0.116796
74 5.33571 0.116258
75 5.34802 0.115376
76 5.33543 0.114562
77 5.33208 0.113134
78 5.33867 0.111886
79 5.35164 0.111239
80 5.34996 0.10987
81 5.34541 0.108617
82 5.33697 0.107632
83 5.33609 0.106346
84 5.34087 0.105197
85 5.34682 0.104136
86 5.34664 0.102932
87 5.34821 0.101768
88 5.34871 0.100619
89 5.35495 0.0996903
90 5.34883 0.0987782
91 5.33457 0.0987343
92 5.32856 0.0978514
93 5.33768 0.0972328
94 5.34029 0.0962393
95 5.34439 0.09532
96 5.34284 0.094345
97 5.34134 0.0933893
98 5.33118 0.0929982
99 5.34325 0.0928516
