-8.71336
-8.45498
-8.28477
-8.2036
-8.09781
-8.00761
-7.95728
-7.91542
-7.88943
-7.90925
-7.84203
-7.82839
-7.78663
-7.71686
-7.65225
-7.64456
-7.66855
-7.56043
-7.55355
-7.54206
-7.5724
-7.52351
-7.52637
-7.46479
-7.46663
-7.46634
-7.44043
-7.46649
-7.41845
-7.47543
-7.504
-7.42289
-7.50005
-7.45162
-7.5017
-7.44949
-7.43567
-7.38187
-7.30611
-7.34382
-7.37187
-7.41338
-7.41346
-7.4381
-7.41803
-7.40137
-7.44696
-7.55829
-7.57106
-7.66564
-7.61377
-7.57515
-7.53126
-7.56036
-7.55274
-7.51518
-7.54133
-7.5219
-7.53117
-7.48723
-7.45079
-7.48399
-7.54892
-7.55087
-7.54045
-7.40615
-7.41299
-7.47003
-7.5262
-7.50316
-7.49581
-7.52339
-7.57952
-7.57297
-7.58252
-7.67744
-7.71473
-7.66384
-7.64108
-7.63051
-7.61307
-7.53513
-7.55429
-7.5257
-7.60074
-7.61889
-7.69663
-7.67785
-7.67129
-7.6087
-7.59713
-7.61509
-7.62159
-7.65674
-7.61203
-7.65194
-7.67667
-7.65283
-7.69789
-7.72952
-7.69021
-7.67215
-7.53885
-7.50631
-7.46969
-7.47341
-7.41882
-7.47587
-7.51098
-7.5291
-7.5841
-7.52604
-7.52071
-7.5286
-7.57488
-7.58461
-7.50225
-7.5183
-7.46023
-7.44606
-7.51835
-7.56861
-7.53193
-7.60896
-7.57804
-7.59038
-7.54188
-7.59986
-7.49346
-7.50063
-7.56973
-7.5664
-7.5707
-7.5802
-7.49281
-7.6092
-7.58315
-7.43737
-7.5105
-7.49937
-7.53859
-7.48471
-7.54544
-7.60013
-7.55235
-7.54994
-7.56474
-7.52983
-7.56409
-7.56527
-7.56279
-7.56788
-7.4604
-7.2728
-7.34977
-7.37922
-7.49626
-7.59155
-7.62147
-7.67842
-7.57038
-7.69519
-7.65787
-7.67087
-7.67096
-7.68832
-7.65301
-7.58515
-7.52618
-7.51674
-7.45113
-7.49027
-7.56016
-7.54957
-7.51117
-7.54109
-7.47347
-7.51813
-7.46417
-7.46337
-7.4611
-7.51275
-7.52463
-7.44244
-7.511
-7.51893
-7.48974
-7.5226
-7.53913
-7.518
-7.51077
-7.48467
-7.47847
-7.54868
-7.50804
-7.55695
-7.52919
-7.56594
-7.5795
-7.54859
-7.46707
-7.45915
-7.51615
-7.57499
-7.69172
-7.63785
-7.63805
-7.67781
-7.62703
-7.65217
-7.65723
-7.62718
-7.59961
-7.58299
-7.5387
-7.51635
-7.58816
-7.56589
-7.49402
-7.51006
-7.4582
-7.5538
-7.54458
-7.54262
-7.47904
-7.54663
-7.58137
-7.62459
-7.57698
-7.58839
-7.57804
-7.5937
-7.57697
-7.66669
-7.68922
-7.70899
-7.67953
-7.64136
-7.66911
-7.74922
-7.653
-7.58767
-7.53931
-7.62535
-7.61216
-7.6551
-7.66581
-7.60504
-7.62254
-7.62671
-7.61343
-7.68648
-7.72968
-7.60681
-7.60571
-7.5154
-7.50975
-7.49511
-7.46803
-7.46904
-7.56309
-7.52803
-7.49494
-7.46966
-7.52381
-7.58267
-7.62067
-7.64455
-7.58871
-7.57929
-7.54854
-7.4993
-7.50538
-7.45095
-7.54133
-7.51394
-7.61103
-7.52199
-7.51028
-7.47976
-7.46432
-7.49422
-7.52713
-7.46001
-7.49455
-7.48376
-7.57016
-7.52386
-7.54342
-7.68197
-7.61646
-7.62039
-7.65848
-7.64204
-7.64317
-7.61819
-7.55375
-7.54905
-7.64909
-7.61846
-7.59723
-7.63979
-7.57975
-7.49508
-7.44607
-7.40819
-7.47953
-7.52067
-7.60077
-7.55008
-7.54665
-7.57415
-7.64818
-7.63509
-7.60179
-7.59689
-7.62424
-7.66757
-7.68588
-7.65013
-7.67037
-7.66929
-7.69822
-7.60286
-7.60309
-7.56349
-7.50935
-7.53509
-7.58792
-7.64918
-7.61518
-7.60981
-7.61048
-7.69463
-7.62805
-7.64497
-7.64154
-7.59785
-7.62935
-7.55532
-7.59349
-7.62576
-7.66168
-7.66094
-7.55577
-7.61198
-7.56663
-7.57646
-7.62215
-7.55839
-7.57347
-7.52459
-7.50683
-7.52846
-7.51734
-7.57814
-7.63985
-7.60233
-7.529
-7.508
-7.44137
-7.42496
-7.40595
-7.38601
-7.45399
-7.44077
-7.43868
-7.52851
-7.52281
-7.51953
-7.51268
-7.50581
-7.46736
-7.47832
-7.50626
-7.52917
-7.61471
-7.54453
-7.48882
-7.51532
-7.52874
-7.59391
-7.54857
-7.54923
-7.53293
-7.53981
-7.55851
-7.57889
-7.6086
-7.69545
-7.68143
-7.63304
-7.6452
-7.64858
-7.62372
-7.6195
-7.58452
-7.63452
-7.57162
-7.5254
-7.51612
-7.53245
-7.62172
-7.55296
-7.53597
-7.63236
-7.57167
-7.55956
-7.59781
-7.54172
-7.57853
-7.58168
-7.60894
-7.61218
-7.57909
-7.53113
-7.39582
-7.35411
-7.29961
-7.36088
-7.4751
-7.51535
-7.5251
-7.54109
-7.53136
-7.5637
-7.5851
-7.54683
-7.57273
-7.52346
-7.51538
-7.45501
-7.45515
-7.46061
-7.47095
-7.48609
-7.41201
-7.46503
-7.43993
-7.47937
-7.55542
-7.5432
-7.53027
-7.52702
-7.52397
-7.54875
-7.5693
-7.52113
-7.54337
-7.52182
-7.57206
-7.6094
-7.69705
-7.69993
-7.67116
-7.62874
-7.54845
-7.60134
-7.45015
-7.56404
-7.51461
-7.58047
-7.50916
-7.45629
-7.45425
-7.46
-7.53232
-7.47884
-7.47697
-7.54412
-7.58112
-7.58798
-7.57701
-7.59865
-7.52221
-7.56265
-7.51909
-7.52759
-7.59161
-7.62267
-7.59724
-7.67612
-7.60772
-7.54744
-7.53495
-7.57179
-7.50255
-7.62178
-7.5433
-7.57563
-7.57838
-7.58044
-7.58059
-7.63342
-7.52378
-7.57666
-7.5832
-7.56035
-7.57927
-7.65659
-7.65493
-7.56894
-7.53456
-7.50237
-7.5098
-7.47384
-7.46935
-7.42872
-7.54258
-7.53698
-7.56275
-7.58188
-7.58499
-7.60186
-7.66059
-7.64558
-7.62657
-7.72937
-7.60721
-7.55233
-7.49763
-7.51064
-7.53958
-7.57601
-7.6053
-7.58875
-7.54252
-7.53362
-7.42798
-7.49753
-7.58847
-7.56135
-7.67339
-7.62782
-7.58892
-7.58679
-7.66732
-7.68235
-7.63378
-7.64357
-7.62719
-7.63529
-7.6126
-7.55063
-7.42467
-7.50287
-7.54733
-7.48857
-7.59736
-7.5847
-7.62036
-7.5649
-7.57848
-7.59737
-7.5797
-7.59597
-7.63644
-7.60353
-7.58773
-7.64756
-7.54769
-7.58944
-7.60844
-7.66451
-7.64487
-7.65167
-7.65924
-7.75242
-7.63639
-7.60487
-7.54874
-7.59022
-7.6042
-7.58854
-7.53939
-7.5083
-7.53951
-7.50534
-7.44897
-7.5107
-7.51834
-7.57649
-7.54994
-7.56081
-7.55158
-7.58483
-7.62279
-7.6203
-7.60013
-7.61171
-7.61614
-7.6343
-7.59673
-7.63622
-7.53232
-7.55895
-7.49096
-7.57656
-7.57991
-7.57926
-7.58691
-7.62941
-7.65111
-7.69334
-7.75193
-7.71955
-7.68599
-7.73793
-7.6809
-7.69239
-7.64722
-7.57336
-7.56575
-7.57263
-7.50152
-7.52424
-7.48937
-7.54674
-7.50642
-7.52025
-7.56076
-7.58261
-7.5544
-7.61396
-7.57366
-7.55124
-7.63996
-7.72405
-7.71068
-7.71888
-7.70594
-7.70711
-7.69808
-7.62288
-7.63174
-7.62744
-7.59723
-7.62553
-7.66953
-7.68355
-7.62885
-7.59505
-7.61246
-7.64146
-7.61595
-7.74148
-7.75306
-7.73021
-7.71384
-7.65291
-7.67944
-7.63868
-7.60411
-7.56584
-7.64709
-7.61725
-7.56122
-7.55599
-7.51076
-7.4893
-7.45408
-7.50841
-7.45653
-7.44544
-7.53415
-7.51137
-7.56232
-7.58409
-7.5727
-7.5884
-7.59092
-7.63336
-7.66031
-7.5133
-7.48981
-7.46389
-7.4549
-7.37374
-7.3949
-7.39505
-7.49563
-7.55497
-7.56399
-7.62587
-7.65419
-7.61002
-7.61422
-7.63309
-7.62821
-7.62811
-7.62537
-7.68524
-7.65507
-7.56385
-7.5378
-7.57671
-7.52267
-7.47103
-7.47793
-7.47349
-7.48307
-7.5025
-7.39709
-7.43813
-7.37485
-7.43179
-7.42031
-7.31645
-7.38308
-7.42786
-7.3884
-7.46215
-7.40038
-7.41662
-7.38511
-7.41186
-7.45383
-7.42863
-7.40349
-7.3332
-7.4109
-7.47558
-7.54863
-7.56223
-7.52407
-7.51684
-7.58744
-7.53633
-7.5825
-7.58337
-7.59451
-7.60193
-7.51211
-7.53226
-7.52511
-7.48328
-7.49817
-7.53829
-7.55165
-7.52252
-7.5607
-7.54131
-7.57491
-7.53025
-7.53861
-7.51613
-7.51787
-7.47317
-7.48144
-7.453
-7.46889
-7.58151
-7.55514
-7.53802
-7.53893
-7.56956
-7.60309
-7.63128
-7.64847
-7.60895
-7.53853
-7.47694
-7.51381
-7.53538
-7.56554
-7.51697
-7.50594
-7.5053
-7.53129
-7.44171
-7.40816
-7.41849
-7.4139
-7.41732
-7.4856
-7.46391
-7.49319
-7.50352
-7.55227
-7.4956
-7.48312
-7.53645
-7.65567
-7.69043
-7.69638
-7.71231
-7.72114
-7.64949
-7.57037
-7.56682
-7.63326
-7.69054
-7.60638
-7.55503
-7.59388
-7.65513
-7.69336
-7.61725
-7.57595
-7.61896
-7.55999
-7.53122
-7.52178
-7.47043
-7.42198
-7.41242
-7.40212
-7.39781
-7.48891
-7.56275
-7.52076
-7.54115
-7.56017
-7.51278
-7.50094
-7.52958
-7.57059
-7.61156
-7.54656
-7.42425
-7.49693
-7.47182
-7.46235
-7.49323
-7.53675
-7.53949
-7.55277
-7.55012
-7.51647
-7.52475
-7.59696
-7.58809
-7.62204
-7.55999
-7.57674
-7.60199
-7.5359
-7.50615
-7.55121
-7.52111
-7.57449
-7.5012
-7.53977
-7.52321
-7.4943
-7.42686
-7.51921
-7.50783
-7.53459
-7.45701
-7.50555
-7.50879
-7.55138
-7.59538
-7.5758
-7.55117
-7.62314
-7.55159
-7.53024
-7.57646
-7.5954
-7.6145
-7.55256
-7.50911
-7.4784
-7.43414
-7.37642
-7.45422
-7.50341
-7.49726
-7.51536
-7.50717
-7.4733
-7.43399
-7.42192
-7.45486
-7.54557
-7.50927
-7.49394
-7.45192
-7.486
-7.53864
-7.63488
-7.62292
-7.66294
-7.67323
-7.65316
-7.64603
-7.57631
-7.5178
-7.43801
-7.47471
-7.5506
-7.52873
-7.52604
-7.49809
-7.58697
-7.60436
-7.49342
-7.51255
-7.50426
-7.50015
-7.49222
-7.50158
-7.4945
-7.4709
-7.48932
-7.45689
-7.58518
-7.51823
-7.58166
-7.46938
-7.51161
-7.46061
-7.43796
-7.43658
-7.51914
-7.63093
-7.66252
-7.72165
-7.74406
-7.67133
-7.70966
-7.67253
-7.63591
-7.52916
-7.56157
-7.50837
-7.43999
-7.50204
-7.49704
-7.4933
-7.46648
-7.53281
-7.54129
-7.52606
-7.55704
-7.59236
-7.64945
-7.633
-7.55824
-7.59943
-7.49464
-7.45548
-7.40139
-7.42304
-7.46637
-7.43634
-7.50149
-7.50705
-7.57184
-7.5796
-7.6434
-7.62694
-7.60402
-7.57261
-7.63708
-7.53764
-7.5054
-7.5412
-7.54432
-7.70394
-7.7237
-7.6604
-7.56642
-7.49751
-7.43678
-7.47828
-7.4369
-7.43933
-7.45193
-7.43347
-7.35934
-7.46417
-7.41651
-7.40541
-7.28686
-7.33742
-7.33182
-7.38986
-7.40187
-7.41486
-7.3752
-7.30125
-7.32542
-7.42226
-7.52783
-7.51128
-7.52516
-7.58952
-7.54491
-7.50946
-7.45611
-7.53587
-7.48289
-7.52641
-7.5218
-7.60216
-7.55094
-7.56142
-7.57217
-7.58815
-7.63032
-7.63015
-7.62839
-7.66285
-7.59422
-7.56751
-7.58261
-7.57164
-7.56895
-7.55331
-7.55865
-7.57614
-7.5432
-7.57245
-7.50682
-7.53597
-7.50591
-7.5492
-7.5294
-7.56514
-7.66618
-7.64097
-7.64852
-7.63102
-7.61925
-7.56247
-7.58052
-7.5505
-7.58421
-7.63789
-7.68256
-7.66465
-7.65743
-7.59974
-7.58606
-7.57662
-7.58022
-7.5589
-7.58929
-7.54753
-7.52882
-7.5015
-7.53877
-7.49286
-7.43826
-7.49296
-7.56471
-7.59643
-7.54359
-7.46434
-7.42896
-7.3262
-7.42454
-7.53946
-7.58531
-7.56289
-7.59083
-7.66965
-7.62352
-7.6641
-7.63598
-7.62729
-7.53326
-7.53269
-7.58535
-7.56806
-7.61588
-7.61867
-7.63176
-7.63126
-7.62237
-7.58507
-7.56789
-7.59736
-7.65289
-7.61499
-7.59044
-7.56175
-7.59004
-7.60305
-7.63846
-7.65087
-7.71091
-7.68009
-7.6453
-7.68511
-7.70701
-7.76574
-7.69464
-7.61029
-7.57725
-7.51108
-7.42101
-7.41506
-7.45424
-7.44703
-7.4585
-7.44439
-7.46343
-7.41215
-7.44829
-7.49543
-7.42948
-7.47863
-7.38752
-7.33631
-7.40667
-7.35801
-7.36906
-7.49958
-7.49415
-7.413
-7.4868
-7.57787
-7.59606
-7.49173
-7.45676
-7.46593
-7.51106
-7.53689
-7.52894
-7.60079
-7.64475
-7.64232
-7.58432
-7.5935
-7.55683
-7.5231
-7.55105
-7.53455
-7.51578
-7.46036
-7.43213
-7.4902
-7.48998
-7.48263
-7.54142
-7.55003
-7.60962
-7.62665
-7.62617
-7.61637
-7.66711
-7.61066
-7.60067
-7.60464
-7.57366
-7.52602
-7.53411
-7.50542
-7.48462
-7.44448
-7.49294
-7.55111
-7.60662
-7.54125
-7.57619
-7.58753
-7.57163
-7.54097
-7.57288
-7.49563
-7.48144
-7.55837
-7.52727
-7.45246
-7.51049
-7.50249
-7.49691
-7.47651
-7.51164
-7.54121
-7.51274
-7.55451
-7.56234
-7.56436
-7.64157
-7.61816
-7.59262
-7.58531
-7.58596
-7.57686
-7.5327
-7.50891
-7.55598
-7.52346
-7.54985
-7.58521
-7.59557
-7.55892
-7.53683
-7.54458
-7.60759
-7.63491
-7.6805
-7.71775
-7.65811
-7.61069
-7.58019
-7.6018
-7.63113
-7.61794
-7.64752
-7.58077
-7.61412
-7.605
-7.60485
-7.54255
-7.54476
-7.59239
-7.69273
-7.7157
-7.649
-7.59922
-7.63672
-7.7012
-7.6424
-7.61713
-7.62868
-7.62494
-7.63742
-7.50963
-7.60928
-7.61759
-7.64488
-7.60693
-7.6017
-7.61662
-7.57165
-7.51965
-7.57266
-7.52725
-7.42038
-7.38327
-7.45603
-7.47426
-7.36069
-7.44054
-7.50814
-7.52365
-7.56156
-7.53599
-7.55803
-7.5951
-7.66028
-7.69791
-7.65062
-7.63309
-7.67097
-7.66373
-7.64198
-7.58657
-7.51022
-7.5435
-7.46791
-7.51181
-7.52567
-7.52482
-7.5385
-7.59207
-7.61648
-7.6466
-7.68103
-7.65222
-7.63032
-7.72808
-7.7172
-7.59355
-7.65733
-7.57415
-7.59109
-7.55645
-7.55813
-7.52608
-7.54149
-7.50311
-7.51354
-7.38929
-7.38092
-7.46218
-7.47244
-7.39813
-7.39274
-7.46581
-7.52785
-7.52567
-7.50044
-7.55492
-7.59616
-7.60458
-7.551
-7.548
-7.5335
-7.53227
-7.52254
-7.5792
-7.51367
-7.47251
-7.47789
-7.43562
-7.39593
-7.42353
-7.36563
-7.2942
-7.25191
-7.30128
-7.35392
-7.44179
-7.51085
-7.48093
-7.45531
-7.41673
-7.45447
-7.41242
-7.43581
-7.39509
-7.43904
-7.46258
-7.48411
-7.42974
-7.38602
-7.44096
-7.5204
-7.5564
-7.56915
-7.54836
-7.5286
-7.60183
-7.57086
-7.59494
-7.58607
-7.52795
-7.47658
-7.53576
-7.54449
-7.51464
-7.51957
-7.40944
-7.40678
-7.38249
-7.40479
-7.40848
-7.42618
-7.42682
-7.49831
-7.47468
-7.43984
-7.45698
-7.40107
-7.38778
-7.53206
-7.46742
-7.45427
-7.5096
-7.3906
-7.3882
-7.45605
-7.45555
-7.39362
-7.32644
-7.42824
-7.44179
-7.43728
-7.5311
-7.51039
-7.48879
-7.45906
-7.51362
-7.48125
-7.4238
-7.44615
-7.38728
-7.46331
-7.44663
-7.2803
-7.35047
-7.32318
-7.34046
-7.40275
-7.39178
-7.41231
-7.4421
-7.48022
-7.49755
-7.47466
-7.45172
-7.4896
-7.4327
-7.41939
-7.49534
-7.47866
-7.42139
-7.41596
-7.46962
-7.55438
-7.58423
-7.58212
-7.49917
-7.43963
-7.48886
-7.52299
-7.49313
-7.52091
-7.52831
-7.5285
-7.43067
-7.46593
-7.50785
-7.37521
-7.29615
-7.33999
-7.36609
-7.43152
-7.47649
-7.53964
-7.55724
-7.53208
-7.46562
-7.54452
-7.47302
-7.44855
-7.49336
-7.51736
-7.55464
-7.55282
-7.46857
-7.41986
-7.43073
-7.41364
-7.46804
-7.41668
-7.47709
-7.47923
-7.37887
-7.34047
-7.37588
-7.46641
-7.44381
-7.51058
-7.55783
-7.59268
-7.50641
-7.50575
-7.51089
-7.4861
-7.47429
-7.39839
-7.43368
-7.51765
-7.51955
-7.47202
-7.48901
-7.54392
-7.59373
-7.51037
-7.37765
-7.35039
-7.34272
-7.42265
-7.36631
-7.44282
-7.44636
-7.38863
-7.32475
-7.29951
-7.28284
-7.33347
-7.42949
-7.39823
-7.38665
-7.40238
-7.4328
-7.39861
-7.45283
-7.48112
-7.51349
-7.60545
-7.53934
-7.62027
-7.65231
-7.6612
-7.68488
-7.59442
-7.52483
-7.46961
-7.45055
-7.42971
-7.38605
-7.43651
-7.46654
-7.4893
-7.44204
-7.38204
-7.47257
-7.47602
-7.48595
-7.60542
-7.61937
-7.56933
-7.51268
-7.47396
-7.53993
-7.55795
-7.58148
-7.53025
-7.59919
-7.59801
-7.65801
-7.70938
-7.68657
-7.69956
-7.68707
-7.64036
-7.59196
-7.61747
-7.61346
-7.57069
-7.60755
-7.66817
-7.60878
-7.54475
-7.51143
-7.56405
-7.59442
-7.6936
-7.6409
-7.67873
-7.57607
-7.5929
-7.51523
-7.61514
-7.5658
-7.51585
-7.54424
-7.58243
-7.59577
-7.56285
-7.62002
-7.52946
-7.52578
-7.52576
-7.57094
-7.57857
-7.56833
-7.55732
-7.59522
-7.61496
-7.57783
-7.5957
-7.54691
-7.52965
-7.5864
-7.59497
-7.55414
-7.58431
-7.55518
-7.54163
-7.47575
-7.61727
-7.64293
-7.60168
-7.67508
-7.64127
-7.60098
-7.65464
-7.67111
-7.6519
-7.69407
-7.72295
-7.77119
-7.71322
-7.79332
-7.67279
-7.73084
-7.66741
-7.58404
-7.58671
-7.5485
-7.56698
-7.52955
-7.64098
-7.61978
-7.6457
-7.58436
-7.61091
-7.68921
-7.69076
-7.6418
-7.6413
-7.58426
-7.6797
-7.58833
-7.6278
-7.57978
-7.56615
-7.53989
-7.4978
-7.51219
-7.53754
-7.5272
-7.53108
-7.53582
-7.50401
-7.62724
-7.58646
-7.53295
-7.5432
-7.48111
-7.47138
-7.42515
-7.44786
-7.4178
-7.40879
-7.41366
-7.46092
-7.41304
-7.40897
-7.45585
-7.5498
-7.57137
-7.57066
-7.54008
-7.64269
-7.621
-7.54841
-7.50354
-7.47339
-7.49763
-7.48414
-7.51993
-7.42226
-7.48984
-7.46926
-7.4802
-7.53041
-7.54385
-7.54066
-7.45037
-7.42647
-7.40576
-7.52498
-7.48732
-7.49126
-7.50817
-7.51601
-7.53843
-7.46171
-7.50284
-7.47955
-7.53711
-7.52462
-7.55436
-7.62991
-7.61521
-7.62475
-7.66284
-7.60467
-7.56723
-7.44841
-7.54625
-7.58701
-7.68197
-7.67141
-7.65252
-7.5688
-7.52239
-7.49508
-7.48604
-7.46698
-7.46412
-7.49797
-7.56222
-7.49241
-7.5481
-7.58728
-7.6157
-7.60604
-7.5389
-7.52647
-7.52118
-7.47329
-7.46421
-7.43739
-7.47154
-7.48401
-7.52334
-7.4867
-7.49575
-7.39186
-7.45087
-7.44241
-7.51402
-7.46904
-7.47201
-7.5082
-7.53192
-7.57491
-7.52147
-7.66588
-7.65451
-7.55582
-7.52245
-7.57404
-7.51836
-7.54661
-7.54511
-7.53797
-7.5244
-7.54205
-7.6013
-7.59042
-7.69078
-7.67587
-7.59288
-7.55048
-7.54922
-7.51187
-7.56905
-7.51705
-7.63597
-7.62349
-7.64719
-7.64623
-7.66964
-7.624
-7.65058
-7.70899
-7.64718
-7.6488
-7.62314
-7.58834
-7.56458
-7.57403
-7.60449
-7.63301
-7.59734
-7.51319
-7.42159
-7.46602
-7.5153
-7.51546
-7.48347
-7.45026
-7.44794
-7.5126
-7.45619
-7.51799
-7.5194
-7.46265
-7.43946
-7.43909
-7.50355
-7.50551
-7.40346
-7.36589
-7.39448
-7.43122
-7.45143
-7.45677
-7.39047
-7.42908
-7.38646
-7.42261
-7.41502
-7.43772
-7.4664
-7.51827
-7.50802
-7.56706
-7.52987
-7.49007
-7.46187
-7.47673
-7.4181
-7.40758
-7.43699
-7.45638
-7.45571
-7.51012
-7.48654
-7.56617
-7.55223
-7.5176
-7.48562
-7.45412
-7.44662
-7.4969
-7.53641
-7.55036
-7.49573
-7.49395
-7.43302
-7.40053
-7.43575
-7.51785
-7.547
-7.54354
-7.5344
-7.55919
-7.58731
-7.61969
-7.6399
-7.65977
-7.62638
-7.68282
-7.67856
-7.66219
-7.63873
-7.61986
-7.5886
-7.62252
-7.6731
-7.60221
-7.5715
-7.63846
-7.60467
-7.57559
-7.59952
-7.63778
-7.65752
-7.71013
-7.62565
-7.58211
-7.56847
-7.57827
-7.51626
-7.45618
-7.45234
-7.43101
-7.41409
-7.42853
-7.46732
-7.49984
-7.57715
-7.58357
-7.56885
-7.58508
-7.59636
-7.62745
-7.68295
-7.67147
-7.61944
-7.56047
-7.57574
-7.56083
-7.54062
-7.60106
-7.59543
-7.57616
-7.57335
-7.56979
-7.50954
-7.49707
-7.51521
-7.40913
-7.49051
-7.47145
-7.54351
-7.49946
-7.53263
-7.52669
-7.62638
-7.6102
-7.59361
-7.59452
-7.55124
-7.52021
-7.60725
-7.59411
-7.66907
-7.58434
-7.4631
-7.50019
-7.52072
-7.50093
-7.56763
-7.46301
-7.52657
-7.50901
-7.5496
-7.57986
-7.61035
-7.62429
-7.60262
-7.5295
-7.48907
-7.61273
-7.54007
-7.55201
-7.56942
-7.52953
-7.53912
-7.50587
-7.54383
-7.49034
-7.50507
-7.51178
-7.48593
-7.47521
-7.57106
-7.52431
-7.55551
-7.44769
-7.45054
-7.4463
-7.46973
-7.49449
-7.50808
-7.44182
-7.45375
-7.38121
-7.40438
-7.51017
-7.56013
-7.51531
-7.51567
-7.45773
-7.47838
-7.42273
-7.43276
-7.37788
-7.35468
-7.51562
-7.35161
-7.38068
-7.52711
-7.55152
-7.5702
-7.52883
-7.52037
-7.48212
-7.54059
-7.56886
-7.62463
-7.55082
-7.53393
-7.59694
-7.61502
-7.66337
-7.59042
-7.57789
-7.55549
-7.54097
-7.54675
-7.5933
-7.60164
-7.51071
-7.53732
-7.64114
-7.66472
-7.67552
-7.68955
-7.62855
-7.65218
-7.68449
-7.71615
-7.64956
-7.64027
-7.68874
-7.72092
-7.68769
-7.62114
-7.60839
-7.64222
-7.63592
-7.56972
-7.52153
-7.54719
-7.57908
-7.58643
-7.6486
-7.58067
-7.54459
-7.60433
-7.55605
-7.54333
-7.49163
-7.48981
-7.48913
-7.66535
-7.68377
-7.57209
-7.58748
-7.60835
-7.61891
-7.54606
-7.53535
-7.61061
-7.56742
-7.53481
-7.59034
-7.63816
-7.63198
-7.64357
-7.56202
-7.53751
-7.50771
-7.54858
-7.56865
-7.57145
-7.60818
-7.55795
-7.60331
-7.61448
-7.58896
-7.53595
-7.47845
-7.49062
-7.48066
-7.49409
-7.53081
-7.50708
-7.58189
-7.47289
-7.52145
-7.52811
-7.50455
-7.58592
-7.57452
-7.59442
-7.54785
-7.51669
-7.4506
-7.42448
-7.45839
-7.46612
-7.43945
-7.45044
-7.49663
-7.48813
-7.55614
-7.55778
-7.5054
-7.56608
-7.54026
-7.50198
-7.57903
-7.59348
-7.55682
-7.6197
-7.59737
-7.61694
-7.5979
-7.59393
-7.61385
-7.67874
-7.58809
-7.51791
-7.5403
-7.52162
-7.55663
-7.5199
-7.52617
-7.49645
-7.51813
-7.52923
-7.49164
-7.54666
-7.48843
-7.58798
-7.57901
-7.5382
-7.55656
-7.5362
-7.46977
-7.46282
-7.44297
-7.50972
-7.46515
-7.49928
-7.42402
-7.45731
-7.38171
-7.40404
-7.3913
-7.47536
-7.49805
-7.55856
-7.59654
-7.5788
-7.56591
-7.51823
-7.57429
-7.56164
-7.47844
-7.505
-7.50083
-7.50913
-7.52726
-7.56238
-7.61348
-7.65019
-7.60778
-7.60361
-7.58477
-7.51199
-7.55738
-7.52284
-7.53556
-7.53489
-7.5622
-7.56933
-7.50707
-7.48744
-7.5116
-7.5869
-7.61434
-7.57442
-7.54373
-7.57166
-7.5819
-7.48128
-7.54171
-7.60469
-7.55336
-7.60597
-7.65702
-7.63675
-7.60998
-7.52032
-7.57814
-7.66543
-7.59087
-7.60308
-7.62294
-7.50766
-7.52941
-7.49989
-7.55824
-7.5487
-7.56058
-7.63045
-7.559
-7.51507
-7.53023
-7.64435
-7.62815
-7.68535
-7.65987
-7.72078
-7.73336
-7.73119
-7.73839
-7.68992
-7.56467
-7.62808
-7.64568
-7.67437
-7.67689
-7.67793
-7.62421
-7.59915
-7.55942
-7.63139
-7.59231
-7.61595
-7.56669
-7.5765
-7.65529
-7.64631
-7.63726
-7.6503
-7.6233
-7.58845
-7.62591
-7.67118
-7.66606
-7.67206
-7.68296
-7.64184
-7.56392
-7.69486
-7.69249
-7.63209
-7.64694
-7.62449
-7.55092
-7.61727
-7.65948
-7.63433
-7.54786
-7.55854
-7.49499
-7.51699
-7.4772
-7.48824
-7.4468
-7.47476
-7.52405
-7.55847
-7.56153
-7.53369
-7.60576
-7.58143
-7.51024
-7.51237
-7.53694
-7.58881
-7.53244
-7.54058
-7.57504
-7.42598
-7.34759
-7.41715
-7.51801
-7.43026
-7.45875
-7.38343
-7.3708
-7.4516
-7.50274
-7.51984
-7.5573
-7.57217
-7.55752
-7.52645
-7.49883
-7.42532
-7.43142
-7.45902
-7.50307
-7.53986
-7.54447
-7.47931
-7.46489
-7.53875
-7.49294
-7.54089
-7.54721
-7.48707
-7.4896
-7.44949
-7.4497
-7.53382
-7.58877
-7.59111
-7.46778
-7.3575
-7.3963
-7.42964
-7.41171
-7.47044
-7.45378
-7.33668
-7.37915
-7.36573
-7.42332
-7.43805
-7.5464
-7.58122
-7.61292
-7.59284
-7.56823
-7.54329
-7.57427
-7.55865
-7.521
-7.50431
-7.4999
-7.48118
-7.46971
-7.43197
-7.34001
-7.40101
-7.35077
-7.46625
-7.50766
-7.60844
-7.58729
-7.62298
-7.70101
-7.64606
-7.66864
-7.63683
-7.58827
-7.58679
-7.50566
-7.49551
-7.55056
-7.59397
-7.54952
-7.4985
-7.52427
-7.51534
-7.49954
-7.50238
-7.48861
-7.47993
-7.55683
-7.6176
-7.56137
-7.60671
-7.62532
-7.67706
-7.73575
-7.68489
-7.70977
-7.71111
-7.66301
-7.61128
-7.51017
-7.58968
-7.57333
-7.56923
-7.59697
-7.61798
-7.66541
-7.68647
-7.68115
-7.61763
-7.4696
-7.4555
-7.45001
-7.37789
-7.33867
-7.4171
-7.54404
-7.5051
-7.53928
-7.587
-7.62576
-7.63963
-7.58048
-7.58826
-7.58433
-7.60491
-7.64785
-7.62479
-7.57877
-7.51912
-7.4919
-7.5201
-7.46488
-7.50767
-7.46916
-7.50296
-7.50634
-7.5272
-7.53785
-7.60258
-7.48684
-7.57539
-7.53832
-7.47293
-7.4703
-7.56296
-7.54046
-7.48755
-7.59746
-7.62341
-7.58088
-7.57141
-7.47946
-7.56938
-7.61971
-7.60054
-7.56039
-7.49312
-7.50834
-7.57747
-7.54423
-7.58731
-7.52426
-7.51325
-7.5791
-7.62732
-7.5835
-7.54014
-7.59256
-7.5767
-7.58676
-7.56994
-7.54876
-7.57659
-7.62645
-7.62374
-7.58622
-7.52846
-7.51162
-7.55818
-7.54163
-7.58005
-7.58168
-7.58958
-7.57475
-7.54072
-7.55004
-7.59423
-7.61521
-7.58636
-7.58955
-7.53198
-7.4929
-7.41657
-7.40358
-7.36867
-7.41862
-7.36855
-7.37999
-7.33282
-7.34069
-7.35979
-7.31312
-7.26184
-7.34595
-7.29957
-7.40174
-7.40472
-7.41476
-7.52152
-7.46371
-7.54519
-7.51644
-7.53492
-7.53009
-7.51687
-7.52983
-7.55871
-7.5719
-7.48773
-7.50957
-7.47742
-7.4566
-7.50024
-7.5116
-7.54765
-7.47269
-7.51581
-7.46161
-7.58789
-7.54542
-7.51904
-7.46049
-7.42845
-7.44854
-7.42786
-7.49537
-7.56708
-7.60605
-7.59333
-7.52566
-7.47131
-7.51451
-7.59381
-7.46993
-7.44347
-7.32594
-7.35789
-7.35495
-7.41092
-7.37316
-7.48164
-7.41933
-7.29808
-7.32853
-7.47737
-7.57769
-7.53995
-7.39661
-7.42596
-7.37494
-7.38842
-7.48173
-7.44674
-7.50702
-7.50212
-7.60137
-7.53565
-7.52944
-7.56569
-7.5216
-7.55842
-7.51106
-7.57669
-7.46364
-7.40427
-7.43024
-7.42898
-7.49606
-7.49512
-7.56888
-7.58315
-7.6128
-7.58138
-7.56839
-7.55725
-7.53835
-7.52091
-7.42757
-7.56653
-7.56711
-7.54735
-7.59388
-7.57577
-7.66627
-7.63294
-7.61071
-7.59608
-7.63502
-7.54888
-7.57394
-7.51746
-7.48018
-7.417
-7.43537
-7.5001
-7.45463
-7.4851
-7.4974
-7.49855
-7.54755
-7.51631
-7.4232
-7.38787
-7.51228
-7.57304
-7.60923
-7.63522
-7.5689
-7.60184
-7.59977
-7.60334
-7.67418
-7.61263
-7.66297
-7.60533
-7.55814
-7.53928
-7.50073
-7.42254
-7.45794
-7.37564
-7.41628
-7.44391
-7.48196
-7.50252
-7.4962
-7.57826
-7.62639
-7.59006
-7.56564
-7.56648
-7.56079
-7.55079
-7.56305
-7.64853
-7.70337
-7.70266
-7.64604
-7.65311
-7.62175
-7.62818
-7.56911
-7.56782
-7.48188
-7.44011
-7.5925
-7.61746
-7.5648
-7.5962
-7.65813
-7.58219
-7.59605
-7.61313
-7.60263
-7.56258
-7.57757
-7.56081
-7.64017
-7.62884
-7.66903
-7.71051
-7.67133
-7.6417
-7.65976
-7.61186
-7.61051
-7.6298
-7.6209
-7.62192
-7.60208
-7.6164
-7.60723
-7.62377
-7.60692
-7.57794
-7.61173
-7.63005
-7.59231
-7.60952
-7.56758
-7.54599
-7.67377
-7.62953
-7.65398
-7.53752
-7.50293
-7.50416
-7.51204
-7.54464
-7.51032
-7.50669
-7.51236
-7.48735
-7.3981
-7.41982
-7.39702
-7.46586
-7.48349
-7.54964
-7.59056
-7.57631
-7.52928
-7.5193
-7.50584
-7.62125
-7.55441
-7.55264
-7.52939
-7.64657
-7.57677
-7.54889
-7.54364
-7.57512
-7.55432
-7.55489
-7.5231
-7.57988
-7.63745
-7.66917
-7.68217
-7.75323
-7.69273
-7.69456
-7.69649
-7.70068
-7.64192
-7.57032
-7.54575
-7.53431
-7.50952
-7.50997
-7.55336
-7.52541
-7.59987
-7.55227
-7.52454
-7.57782
-7.51234
-7.52858
-7.48588
-7.51608
-7.48063
-7.52884
-7.51372
-7.44178
-7.47896
-7.48669
-7.42875
-7.38488
-7.3693
-7.24458
-7.41603
-7.41886
-7.42546
-7.42254
-7.39865
-7.50382
-7.53577
-7.53509
-7.56114
-7.60163
-7.62646
-7.63665
-7.6933
-7.56166
-7.62275
-7.65189
-7.61233
-7.61087
-7.53921
-7.52149
-7.55684
-7.50795
-7.46597
-7.4844
-7.46386
-7.46725
-7.42178
-7.47082
-7.47773
-7.48142
-7.42243
-7.39322
-7.40412
-7.45886
-7.45556
-7.46409
-7.47078
-7.50786
-7.57268
-7.64484
-7.62305
-7.57365
-7.5562
-7.55702
-7.54469
-7.48994
-7.49897
-7.48151
-7.4875
-7.49437
-7.46002
-7.4758
-7.47863
-7.562
-7.51076
-7.47365
-7.54194
-7.6068
-7.58566
-7.55392
-7.53293
-7.49076
-7.51929
-7.51586
-7.55424
-7.57735
-7.53742
-7.60114
-7.63499
-7.54835
-7.52877
-7.48635
-7.51431
-7.49638
-7.4634
-7.50822
-7.40495
-7.51092
-7.58051
-7.56915
-7.52965
-7.49377
-7.40381
-7.42427
-7.42401
-7.50687
-7.4204
-7.34244
-7.32619
-7.3512
-7.43558
-7.48481
-7.48484
-7.4419
-7.34795
-7.43263
-7.48133
-7.44009
-7.50333
-7.5078
-7.47626
-7.48566
-7.54356
-7.4481
-7.4323
-7.42914
-7.48263
-7.39634
-7.42144
-7.44437
-7.43569
-7.3762
-7.45543
-7.50312
-7.46429
-7.4466
-7.39824
-7.49392
-7.49969
-7.53353
-7.48221
-7.52031
-7.47004
-7.41725
-7.40108
-7.45782
-7.46786
-7.54323
-7.52324
-7.521
-7.45415
-7.44809
-7.44481
-7.47593
-7.482
-7.4745
-7.53052
-7.51643
-7.48966
-7.52679
-7.54979
-7.52543
-7.5477
-7.55514
-7.57627
-7.56806
-7.55814
-7.59182
-7.61785
-7.56441
-7.62335
-7.67886
-7.66045
-7.62105
-7.55386
-7.56357
-7.53468
-7.62798
-7.59452
-7.59789
-7.54719
-7.51881
-7.44923
-7.43881
-7.41917
-7.43475
-7.50479
-7.53937
-7.48546
-7.49304
-7.49359
-7.44891
-7.45283
-7.53615
-7.55108
-7.56501
-7.58227
-7.57904
-7.51828
-7.62621
-7.62217
-7.58321
-7.57932
-7.62292
-7.61555
-7.56252
-7.48225
-7.52481
-7.54717
-7.42976
-7.43741
-7.50649
-7.47944
-7.43043
-7.43525
-7.38516
-7.35968
-7.40214
-7.42424
-7.45211
-7.4248
-7.3456
-7.2872
-7.41507
-7.48213
-7.4741
-7.45405
-7.52369
-7.55346
-7.58765
-7.522
-7.52441
-7.58835
-7.56184
-7.60169
-7.50996
-7.533
-7.52175
-7.50729
-7.47379
-7.47437
-7.57021
-7.62387
-7.59404
-7.57775
-7.61331
-7.64555
-7.58471
-7.50565
-7.54497
-7.51948
-7.47108
-7.53582
-7.60963
-7.65321
-7.67025
-7.70237
-7.66658
-7.62092
-7.64593
-7.58976
-7.5579
-7.49048
-7.47922
-7.51667
-7.50074
-7.46889
-7.46643
-7.46521
-7.44332
-7.41729
-7.46084
-7.44667
-7.45278
-7.41799
-7.4944
-7.42472
-7.40406
-7.49153
-7.51482
-7.45466
-7.41668
-7.3698
-7.40612
-7.42147
-7.39136
-7.48512
-7.44044
-7.46452
-7.42922
-7.40295
-7.40052
-7.48928
-7.45159
-7.4485
-7.41549
-7.42344
-7.48778
-7.4989
-7.60539
-7.52152
-7.50377
-7.45034
-7.48553
-7.56733
-7.5623
-7.52826
-7.61683
-7.66868
-7.58942
-7.5951
-7.61557
-7.59346
-7.49661
-7.46285
-7.55152
-7.57465
-7.60232
-7.67591
-7.56595
-7.52403
-7.48032
-7.51352
-7.48411
-7.42843
-7.40107
-7.42157
-7.38698
-7.34195
-7.37706
-7.43159
-7.41266
-7.47182
-7.39489
-7.35981
-7.38692
-7.37122
-7.36319
-7.45655
-7.45858
-7.48558
-7.44904
-7.51122
-7.50968
-7.51948
-7.55984
-7.51436
-7.48554
-7.52467
-7.5157
-7.57539
-7.43907
-7.49878
-7.49112
-7.44348
-7.47009
-7.48013
-7.51733
-7.58109
-7.60813
-7.59915
-7.62663
-7.58032
-7.579
-7.62762
-7.64483
-7.57086
-7.58743
-7.61057
-7.63898
-7.59237
-7.56388
-7.44459
-7.42508
-7.43999
-7.43128
-7.46267
-7.53221
-7.59545
-7.57609
-7.57411
-7.54011
-7.48423
-7.54748
-7.57655
-7.57651
-7.58898
-7.55491
-7.6868
-7.66096
-7.68659
-7.66468
-7.65129
-7.71797
-7.69246
-7.71218
-7.67593
-7.63703
-7.58204
-7.60006
-7.52564
-7.55027
-7.54756
-7.52205
-7.51998
-7.46282
-7.4912
-7.53932
-7.61807
-7.59817
-7.575
-7.5364
-7.52793
-7.60395
-7.4384
-7.41485
-7.50802
-7.51761
-7.50722
-7.50899
-7.44552
-7.46232
-7.52533
-7.51744
-7.48367
-7.46212
-7.42524
-7.44057
-7.50433
-7.52535
-7.56651
-7.53482
-7.56804
-7.5872
-7.58662
-7.62971
-7.68462
-7.65244
-7.64699
-7.63888
-7.63852
-7.66274
-7.64968
-7.67677
-7.59898
-7.61812
-7.71683
-7.63727
-7.59313
-7.63384
-7.69321
-7.62128
-7.59143
-7.48042
-7.33652
-7.42078
-7.47757
-7.46524
-7.54298
-7.63165
-7.5397
-7.51865
-7.44645
-7.42466
-7.41431
-7.5146
-7.49391
-7.44429
-7.4652
-7.42829
-7.52775
-7.51232
-7.50812
-7.50764
-7.50656
-7.48957
-7.5112
-7.57006
-7.62454
-7.54375
-7.56476
-7.46005
-7.47699
-7.49442
-7.50118
-7.43815
-7.41674
-7.42551
-7.43088
-7.4354
-7.4155
-7.42912
-7.48573
-7.50599
-7.51536
-7.44104
-7.49221
-7.42498
-7.40817
-7.47012
-7.48157
-7.42692
-7.45463
-7.38364
-7.35526
-7.37067
-7.40105
-7.40043
-7.42025
-7.39867
-7.34344
-7.37625
-7.35841
-7.42698
-7.47469
-7.48152
-7.48884
-7.47994
-7.50237
-7.51874
-7.53648
-7.5722
-7.59248
-7.52117
-7.48692
-7.53523
-7.62482
-7.65886
-7.64064
-7.62003
-7.62615
-7.65046
-7.62346
-7.54088
-7.51623
-7.48085
-7.53754
-7.58296
-7.58434
-7.60668
-7.53475
-7.59837
-7.55818
-7.57396
-7.54222
-7.53436
-7.62568
-7.5633
-7.53607
-7.51033
-7.53421
-7.63163
-7.66881
-7.62663
-7.67163
-7.68777
-7.61001
-7.63908
-7.70483
-7.70639
-7.71406
-7.64712
-7.61266
-7.53462
-7.49305
-7.507
-7.59137
-7.60663
-7.63063
-7.59973
-7.49915
-7.61593
-7.58927
-7.62262
-7.64335
-7.61427
-7.56228
-7.55256
-7.49377
-7.50301
-7.53129
-7.54496
-7.485
-7.54961
-7.47078
-7.55085
-7.55595
-7.53133
-7.54394
-7.6049
-7.58648
-7.64959
-7.59771
-7.58822
-7.6266
-7.60641
-7.70022
-7.66266
-7.58906
-7.59676
-7.52719
-7.54724
-7.47621
-7.47285
-7.48955
-7.53849
-7.50652
-7.53545
-7.4969
-7.57746
-7.51575
-7.53237
-7.53284
-7.56964
-7.58864
-7.59134
-7.5448
-7.62757
-7.69235
-7.68548
-7.62127
-7.66946
-7.69051
-7.64842
-7.70233
-7.6529
-7.70767
-7.65317
-7.63266
-7.64415
-7.60169
-7.56054
-7.53935
-7.49333
-7.51454
-7.60515
-7.57482
-7.63442
-7.64159
-7.70755
-7.70471
-7.60563
-7.63149
-7.61737
-7.57942
-7.58844
-7.53823
-7.58139
-7.59715
-7.62232
-7.61252
-7.65861
-7.62859
-7.62671
-7.60209
-7.53788
-7.55474
-7.60317
-7.63886
-7.60516
-7.63637
-7.57365
-7.54577
-7.53889
-7.5532
-7.53054
-7.5595
-7.53345
-7.45976
-7.50653
-7.55468
-7.44728
-7.44713
-7.5609
-7.59657
-7.60114
-7.5408
-7.53313
-7.60124
-7.70154
-7.63891
-7.67202
-7.58316
-7.58569
-7.55694
-7.59552
-7.59396
-7.61064
-7.61238
-7.59012
-7.48507
-7.47024
-7.55996
-7.58146
-7.53113
-7.51436
-7.46223
-7.53433
-7.5068
-7.57364
-7.59032
-7.57724
-7.55345
-7.60478
-7.5909
-7.53848
-7.4494
-7.49658
-7.55493
-7.5579
-7.55819
-7.55813
-7.48186
-7.48798
-7.53323
-7.52617
-7.5175
-7.52061
-7.44044
-7.53801
-7.57368
-7.59338
-7.55337
-7.48111
-7.53574
-7.59234
-7.56553
-7.54971
-7.6095
-7.57904
-7.58709
-7.53955
-7.59945
-7.56529
-7.50721
-7.52796
-7.45572
-7.50544
-7.55199
-7.44829
-7.4693
-7.40007
-7.47747
-7.51556
-7.5522
-7.50237
-7.45307
-7.44098
-7.52721
-7.53079
-7.61156
-7.62243
-7.56495
-7.53289
-7.50684
-7.5564
-7.51314
-7.48203
-7.5617
-7.5479
-7.55603
-7.51096
-7.50459
-7.48357
-7.47474
-7.55819
-7.55214
-7.51465
-7.496
-7.53579
-7.43937
-7.43711
-7.46879
-7.63609
-7.54437
-7.57828
-7.55273
-7.54207
-7.56504
-7.49671
-7.55909
-7.58289
-7.54479
-7.6545
-7.65698
-7.65083
-7.62787
-7.63563
-7.63448
-7.69982
-7.71518
-7.71778
-7.75056
-7.61145
-7.63816
-7.54636
-7.51592
-7.58889
-7.55052
-7.52283
-7.5459
-7.48414
-7.53707
-7.50382
-7.52976
-7.48994
-7.5708
-7.64247
-7.62691
-7.53017
-7.47071
-7.46673
-7.51359
-7.47893
-7.41498
-7.45646
-7.51955
-7.53645
-7.52878
-7.5006
-7.47191
-7.53182
-7.42405
-7.5009
-7.47451
-7.54729
-7.52512
-7.43234
-7.36496
-7.41954
-7.4624
-7.45584
-7.45427
-7.44505
-7.49277
-7.546
-7.58532
-7.48401
-7.48759
-7.41991
-7.45154
-7.43627
-7.40291
-7.43537
-7.42599
-7.43618
-7.47095
-7.49305
-7.43512
-7.44064
-7.46376
-7.50975
-7.48297
-7.49689
-7.54704
-7.60084
-7.6133
-7.5631
-7.55426
-7.61336
-7.55308
-7.61873
-7.54997
-7.59946
-7.57894
-7.58164
-7.6345
-7.56495
-7.54828
-7.58163
-7.60805
-7.59751
-7.71509
-7.62394
-7.65093
-7.56752
-7.53151
-7.59841
-7.59742
-7.58865
-7.60772
-7.62573
-7.5834
-7.54595
-7.48164
-7.50511
-7.48146
-7.46215
-7.4854
-7.5758
-7.54691
-7.50902
-7.55008
-7.55563
-7.61482
-7.69645
-7.62797
-7.63402
-7.64354
-7.57757
-7.49595
-7.56657
-7.50578
-7.46371
-7.51857
-7.53566
-7.5598
-7.55902
-7.57898
-7.55349
-7.56231
-7.61454
-7.63733
-7.62442
-7.55016
-7.54321
-7.55757
-7.53531
-7.54559
-7.51325
-7.49681
-7.48757
-7.50151
-7.45363
-7.54769
-7.57887
-7.59296
-7.64544
-7.56571
-7.5829
-7.54741
-7.55148
-7.57295
-7.46874
-7.46297
-7.50537
-7.47006
-7.49573
-7.52754
-7.47552
-7.44881
-7.42544
-7.42793
-7.43218
-7.49961
-7.48036
-7.4414
-7.48971
-7.45337
-7.48762
-7.56052
-7.57523
-7.64624
-7.57935
-7.57679
-7.57017
-7.56975
-7.5387
-7.54923
-7.5386
-7.53593
-7.53426
-7.5149
-7.47734
-7.54963
-7.53128
-7.49052
-7.45148
-7.43756
-7.51999
-7.49465
-7.43905
-7.45499
-7.44512
-7.35704
-7.38374
-7.35995
-7.37976
-7.39113
-7.44001
-7.49284
-7.50422
-7.53579
-7.51823
-7.43394
-7.43815
-7.52925
-7.49662
-7.48867
-7.45904
-7.44377
-7.39808
-7.37117
-7.3798
-7.31619
-7.39005
-7.39051
-7.45009
-7.38707
-7.53618
-7.57395
-7.51331
-7.52331
-7.53096
-7.48703
-7.50459
-7.50245
-7.48457
-7.5379
-7.48505
-7.44695
-7.42503
-7.48039
-7.44314
-7.49011
-7.59807
-7.534
-7.50574
-7.46177
-7.57268
-7.5467
-7.46896
-7.4299
-7.50252
-7.52127
-7.61304
-7.5851
-7.57465
-7.47879
-7.4615
-7.53662
-7.54117
-7.54399
-7.47597
-7.53876
-7.52729
-7.45524
-7.48568
-7.49076
-7.46283
-7.53954
-7.59155
-7.51712
-7.56548
-7.53082
-7.49624
-7.54417
-7.43106
-7.39998
-7.413
-7.47997
-7.43718
-7.4123
-7.44167
-7.39045
-7.44833
-7.35407
-7.34654
-7.471
-7.36156
-7.29856
-7.34555
-7.36796
-7.40282
-7.39042
-7.38046
-7.4705
-7.47275
-7.47184
-7.47907
-7.43314
-7.48297
-7.52859
-7.56426
-7.48137
-7.43562
-7.4173
-7.42505
-7.4363
-7.30131
-7.33021
-7.35352
-7.4921
-7.45195
-7.44152
-7.50617
-7.51511
-7.55444
-7.63973
-7.59897
-7.65141
-7.61711
-7.55924
-7.51364
-7.55433
-7.50125
-7.47941
-7.52237
-7.47279
-7.48071
-7.50853
-7.52262
-7.39039
-7.35834
-7.40329
-7.30234
-7.3531
-7.29189
-7.29863
-7.31541
-7.40208
-7.42901
-7.47084
-7.54144
-7.54375
-7.43882
-7.43578
-7.45128
-7.42876
-7.35949
-7.41225
-7.41006
-7.49205
-7.45841
-7.51136
-7.55801
-7.5738
-7.61816
-7.62248
-7.60562
-7.65049
-7.66252
-7.61977
-7.59353
-7.54622
-7.49513
-7.49444
-7.55663
-7.58321
-7.53039
-7.51561
-7.49556
-7.55047
-7.49003
-7.50988
-7.52924
-7.54615
-7.48143
-7.46411
-7.48335
-7.47863
-7.49636
-7.53031
-7.47027
-7.50855
-7.53363
-7.49188
-7.50644
-7.53717
-7.52457
-7.51932
-7.57956
-7.59058
-7.6506
-7.75066
-7.704
-7.72716
-7.62424
-7.66116
-7.65096
-7.66207
-7.66837
-7.62638
-7.63556
-7.60743
-7.56879
-7.63603
-7.67101
-7.66823
-7.63105
-7.52681
-7.57659
-7.49252
-7.5788
-7.53589
-7.56054
-7.56793
-7.49708
-7.50505
-7.54529
-7.5709
-7.58701
-7.60013
-7.64467
-7.58759
-7.57109
-7.57366
-7.60308
-7.61828
-7.61306
-7.71041
-7.63791
-7.62935
-7.62162
-7.60004
-7.65641
-7.63116
-7.59622
-7.51846
-7.48941
-7.47414
-7.4239
-7.43581
-7.40046
-7.38313
-7.4217
-7.46683
-7.48623
-7.56069
-7.5769
-7.58214
-7.54746
-7.52845
-7.46704
-7.43053
-7.50164
-7.4618
-7.43266
-7.49322
-7.46242
-7.46594
-7.49178
-7.40714
-7.45994
-7.43384
-7.43693
-7.4403
-7.53102
-7.55041
-7.49977
-7.52902
-7.63078
-7.59029
-7.58497
-7.57792
-7.49024
-7.51282
-7.44076
-7.51112
-7.55976
-7.53902
-7.50661
-7.46379
-7.47347
-7.55887
-7.52025
-7.56277
-7.62206
-7.5897
-7.63048
-7.54929
-7.52999
-7.49693
-7.4083
-7.43452
-7.53641
-7.5218
-7.51566
-7.50791
-7.57413
-7.57562
-7.54167
-7.54881
-7.50777
-7.54944
-7.5467
-7.52492
-7.52988
-7.47367
-7.49103
-7.48164
-7.45297
-7.46107
-7.50363
-7.56059
-7.53933
-7.5463
-7.54249
-7.49136
-7.43826
-7.47152
-7.55791
-7.51089
-7.47952
-7.49596
-7.50154
-7.49972
-7.4918
-7.45596
-7.47358
-7.46947
-7.59744
-7.56651
-7.55311
-7.51656
-7.48315
-7.47531
-7.4824
-7.44556
-7.48535
-7.5476
-7.6168
-7.58953
-7.54061
-7.48213
-7.43415
-7.4947
-7.49368
-7.51488
-7.56679
-7.57369
-7.55448
-7.55365
-7.57
-7.66571
-7.69677
-7.70542
-7.67779
-7.71643
-7.79079
-7.80281
-7.70645
-7.57493
-7.56074
-7.67272
-7.5964
-7.54283
-7.5184
-7.49464
-7.45514
-7.50396
-7.51925
-7.53485
-7.57905
-7.62131
-7.571
-7.51365
-7.48069
-7.49974
-7.57243
-7.57058
-7.5951
-7.63612
-7.557
-7.58853
-7.61585
-7.64824
-7.57282
-7.5404
-7.47142
-7.56942
-7.54742
-7.49598
-7.45859
-7.44891
-7.50302
-7.46225
-7.45766
-7.43716
-7.54844
-7.43487
-7.50486
-7.52259
-7.52347
-7.48381
-7.50404
-7.53236
-7.52933
-7.53393
-7.60872
-7.51945
-7.55015
-7.50526
-7.54446
-7.53254
-7.58607
-7.66663
-7.68661
-7.60179
-7.60289
-7.58872
-7.55226
-7.52883
-7.52429
-7.52998
-7.42277
-7.39956
-7.45431
-7.47961
-7.52847
-7.50088
-7.50441
-7.51382
-7.5338
-7.51108
-7.46573
-7.49024
-7.56176
-7.63802
-7.57832
-7.5881
-7.56089
-7.56703
-7.51126
-7.42372
-7.44947
-7.46457
-7.54298
-7.50805
-7.53431
-7.56031
-7.57878
-7.59407
-7.64848
-7.57787
-7.54901
-7.48034
-7.49431
-7.5149
-7.5417
-7.53837
-7.48981
-7.54226
-7.47924
-7.55715
-7.59766
-7.68907
-7.63308
-7.57713
-7.577
-7.63025
-7.56092
-7.53955
-7.47459
-7.47066
-7.46128
-7.52755
-7.57344
-7.56937
-7.58531
-7.58645
-7.54703
-7.52209
-7.50964
-7.48397
-7.53477
-7.58083
-7.46574
-7.50459
-7.57002
-7.62402
-7.56206
-7.60566
-7.60376
-7.6342
-7.58719
-7.54665
-7.61222
-7.50467
-7.5958
-7.61601
-7.64083
-7.6003
-7.54143
-7.62267
-7.63089
-7.57091
-7.44075
-7.45209
-7.50178
-7.49598
-7.48599
-7.40813
-7.44018
-7.48238
-7.46779
-7.45897
-7.45741
-7.457
-7.48859
-7.47802
-7.47253
-7.56327
-7.51812
-7.47958
-7.48302
-7.56691
-7.5712
-7.62204
-7.67361
-7.62654
-7.62692
-7.55456
-7.50207
-7.42893
-7.38873
-7.52116
-7.50076
-7.49647
-7.5494
-7.46281
-7.5916
-7.52199
-7.58351
-7.63658
-7.6609
-7.66256
-7.58098
-7.57163
-7.66197
-7.59399
-7.59793
-7.5754
-7.60595
-7.58639
-7.51373
-7.54249
-7.52546
-7.51001
-7.57176
-7.52128
-7.46366
-7.47287
-7.43212
-7.34373
-7.39445
-7.39979
-7.43627
-7.44344
-7.52088
-7.62409
-7.64757
-7.659
-7.61561
-7.58944
-7.59556
-7.50434
-7.54177
-7.51184
-7.53433
-7.54719
-7.59343
-7.5563
-7.59573
-7.59642
-7.58371
-7.5048
-7.42342
-7.52975
-7.5519
-7.53692
-7.54048
-7.55299
-7.57742
-7.57696
-7.63696
-7.55677
-7.49927
-7.58661
-7.57607
-7.5752
-7.50643
-7.46475
-7.46155
-7.53705
-7.44433
-7.46199
-7.45697
-7.43736
-7.39735
-7.39836
-7.44484
-7.48034
-7.50042
-7.44612
-7.47218
-7.40439
-7.39852
-7.40151
-7.4407
-7.39319
-7.39778
-7.37239
-7.4229
-7.45811
-7.57153
-7.52738
-7.45561
-7.45844
-7.47676
-7.40949
-7.39143
-7.46507
-7.43595
-7.4809
-7.4527
-7.58866
-7.58783
-7.57137
-7.58446
-7.50202
-7.53993
-7.46998
-7.41482
-7.40002
-7.46671
-7.44567
-7.48042
-7.54793
-7.50276
-7.55129
-7.53969
-7.516
-7.55315
-7.48941
-7.46624
-7.50915
-7.51961
-7.52451
-7.49401
-7.47273
-7.54885
-7.5904
-7.5954
-7.64369
-7.65193
-7.65677
-7.63973
-7.61515
-7.60294
-7.62106
-7.67891
-7.679
-7.73029
-7.70072
-7.82948
-7.70162
-7.6487
-7.66937
-7.64522
-7.60792
-7.58432
-7.57146
-7.58216
-7.46798
-7.53175
-7.58978
-7.67386
-7.67313
-7.72768
-7.79167
-7.77125
-7.7629
-7.73595
-7.70797
-7.54746
-7.56705
-7.63656
-7.61731
-7.58923
-7.63681
-7.63564
-7.62246
-7.62768
-7.58227
-7.58155
-7.60777
-7.59589
-7.62089
-7.61312
-7.55378
-7.55094
-7.41717
-7.42494
-7.40758
-7.41557
-7.3979
-7.49167
-7.54536
-7.5256
-7.36902
-7.39428
-7.41497
-7.49428
-7.57509
-7.55487
-7.60554
-7.71175
-7.70413
-7.5957
-7.53904
-7.57614
-7.5155
-7.52251
-7.48645
-7.41922
-7.49473
-7.51529
-7.42757
-7.46579
-7.47463
-7.4325
-7.40222
-7.42517
-7.47334
-7.46629
-7.39815
-7.46791
-7.45115
-7.43676
-7.48645
-7.53103
-7.54159
-7.50673
-7.53324
-7.51377
-7.4734
-7.52813
-7.56723
-7.51875
-7.53202
-7.59004
-7.54516
-7.53784
-7.54648
-7.50031
-7.48265
-7.45768
-7.4552
-7.52219
-7.58811
-7.58264
-7.58545
-7.52158
-7.60068
-7.55241
-7.55401
-7.56614
-7.57894
-7.53241
-7.54358
-7.51439
-7.54036
-7.56754
-7.52729
-7.48059
-7.48538
-7.52758
-7.54268
-7.47435
-7.48812
-7.52467
-7.54489
-7.56503
-7.62347
-7.60782
-7.59061
-7.55966
-7.45282
-7.50808
-7.5646
-7.59805
-7.49551
-7.53961
-7.49497
-7.44502
-7.5486
-7.53654
-7.51303
-7.56216
-7.49844
-7.56053
-7.54701
-7.38015
-7.38239
-7.41325
-7.49256
-7.48869
-7.44231
-7.46059
-7.44138
-7.4908
-7.50418
-7.45715
-7.35279
-7.41899
-7.46555
-7.40889
-7.43002
-7.43508
-7.41894
-7.35838
-7.4698
-7.53099
-7.58009
-7.49449
-7.46149
-7.48187
-7.48978
-7.49287
-7.58073
-7.52141
-7.49159
-7.5761
-7.5406
-7.59463
-7.58011
-7.52817
-7.50124
-7.46799
-7.52314
-7.53978
-7.54905
-7.55288
-7.50535
-7.54352
-7.50027
-7.52733
-7.56637
-7.43741
-7.46139
-7.49543
-7.51339
-7.51701
-7.48292
-7.4508
-7.43502
-7.45297
-7.42461
-7.53457
-7.55452
-7.52353
-7.5047
-7.57208
-7.55521
-7.60243
-7.59443
-7.60497
-7.63315
-7.63183
-7.58875
-7.6032
-7.60652
-7.69641
-7.71023
-7.68774
-7.5875
-7.56421
-7.60232
-7.64357
-7.54995
-7.58314
-7.55426
-7.46669
-7.46937
-7.47278
-7.4878
-7.53786
-7.57871
-7.46939
-7.46136
-7.45487
-7.4167
-7.49081
-7.4546
-7.55891
-7.463
-7.48445
-7.50925
-7.51472
-7.41522
-7.42034
-7.36884
-7.41855
-7.52698
-7.51836
-7.54898
-7.59936
-7.58426
-7.58389
-7.52104
-7.5469
-7.59784
-7.559
-7.57952
-7.64309
-7.58125
-7.56458
-7.53408
-7.53439
-7.52526
-7.57927
-7.56316
-7.53125
-7.52778
-7.58489
-7.59231
-7.569
-7.53216
-7.55548
-7.43183
-7.54452
-7.47683
-7.44888
-7.59016
-7.55827
-7.54382
-7.59414
-7.58311
-7.50753
-7.5444
-7.50941
-7.52407
-7.53293
-7.53705
-7.55075
-7.48288
-7.46408
-7.48167
-7.43294
-7.43664
-7.36492
-7.37637
-7.36502
-7.3798
-7.37006
-7.44209
-7.46658
-7.44353
-7.44321
-7.40307
-7.55278
-7.61411
-7.58247
-7.53585
-7.61144
-7.68723
-7.57581
-7.5806
-7.5553
-7.53761
-7.51482
-7.57064
-7.5211
-7.47741
-7.55499
-7.52141
-7.53513
-7.56555
-7.51944
-7.53633
-7.49219
-7.47693
-7.40843
-7.46128
-7.48115
-7.43791
-7.49333
-7.46668
-7.40274
-7.37727
-7.37154
-7.31811
-7.31809
-7.41472
-7.38383
-7.46963
-7.39053
-7.46039
-7.54423
-7.51227
-7.52179
-7.52513
-7.50353
-7.46296
-7.46648
-7.44814
-7.51282
-7.47059
-7.34743
-7.41608
-7.43882
-7.42723
-7.40295
-7.4114
-7.4137
-7.36602
-7.3909
-7.37378
-7.41042
-7.41541
-7.43323
-7.3855
-7.45834
-7.44801
-7.5285
-7.52718
-7.5234
-7.55986
-7.46379
-7.57653
-7.57107
-7.58355
-7.62478
-7.62285
-7.60706
-7.67636
-7.68055
-7.73687
-7.6813
-7.57757
-7.57802
-7.56245
-7.60185
-7.63026
-7.6245
-7.55933
-7.56381
-7.49447
-7.46007
-7.55677
-7.58714
-7.57157
-7.55343
-7.51766
-7.55226
-7.51027
-7.51046
-7.47182
-7.59295
-7.66402
-7.61532
-7.6336
-7.68855
-7.59365
-7.664
-7.70542
-7.67901
-7.67465
-7.72584
-7.74136
-7.76417
-7.68973
-7.62149
-7.605
-7.48468
-7.49343
-7.48346
-7.53463
-7.4645
-7.51581
-7.43374
-7.47634
-7.43189
-7.39187
-7.46572
-7.43799
-7.50268
-7.44304
-7.42225
-7.49446
-7.53956
-7.58253
-7.55311
-7.51306
-7.46448
-7.37273
-7.39163
-7.4075
-7.47278
-7.49797
-7.50803
-7.56496
-7.59974
-7.56727
-7.65165
-7.58454
-7.57857
-7.45877
-7.45111
-7.49702
-7.52861
-7.47356
-7.49115
-7.58489
-7.54073
-7.50646
-7.50397
-7.53163
-7.52226
-7.47787
-7.36936
-7.4641
-7.44684
-7.45889
-7.46674
-7.4195
-7.46675
-7.525
-7.52893
-7.47822
-7.53793
-7.62366
-7.5304
-7.58392
-7.60174
-7.55662
-7.53104
-7.49352
-7.52438
-7.52752
-7.49421
-7.45813
-7.44046
-7.46015
-7.52883
-7.55051
-7.49481
-7.52067
-7.51034
-7.52632
-7.54818
-7.54725
-7.54405
-7.65476
-7.61341
-7.52811
-7.5517
-7.52899
-7.56782
-7.63607
-7.53376
-7.50642
-7.54338
-7.44093
-7.51968
-7.56856
-7.59344
-7.5883
-7.69892
-7.64045
-7.5716
-7.52028
-7.51856
-7.50145
-7.46245
-7.45224
-7.40978
-7.42679
-7.4481
-7.4322
-7.45801
-7.4841
-7.46646
-7.56397
-7.49141
-7.45452
-7.53352
-7.60403
-7.54554
-7.53549
-7.46148
-7.45391
-7.39584
-7.33673
-7.43113
-7.39934
-7.51041
-7.53359
-7.61418
-7.58168
-7.59145
-7.56436
-7.52109
-7.56091
-7.58206
-7.59908
-7.55212
-7.55416
-7.62141
-7.57682
-7.51258
-7.52475
-7.48652
-7.53961
-7.55713
-7.59403
-7.60061
-7.65392
-7.68559
-7.68917
-7.71881
-7.71009
-7.66207
-7.65844
-7.59266
-7.52718
-7.59611
-7.55249
-7.55775
-7.60491
-7.58024
-7.55699
-7.55962
-7.49683
-7.49369
-7.52132
-7.59398
-7.56986
-7.59444
-7.6341
-7.64958
-7.52698
-7.61327
-7.58134
-7.59826
-7.59431
-7.59813
-7.60294
-7.5856
-7.53633
-7.52721
-7.4516
-7.51439
-7.51311
-7.52789
-7.60438
-7.66634
-7.61363
-7.64557
-7.61187
-7.53588
-7.45913
-7.54998
-7.58444
-7.58623
-7.56168
-7.50137
-7.50937
-7.63208
-7.72019
-7.67279
-7.63194
-7.65859
-7.61448
-7.70187
-7.64152
-7.60677
-7.60926
-7.50247
-7.55005
-7.44987
-7.43699
-7.48556
-7.48265
-7.52284
-7.51532
-7.49508
-7.44316
-7.54923
-7.5563
-7.50367
-7.60231
-7.52562
-7.54731
-7.50484
-7.47763
-7.55758
-7.48926
-7.50673
-7.48419
-7.52314
-7.45363
-7.48554
-7.44906
-7.4686
-7.39894
-7.37829
-7.42263
-7.5391
-7.5445
-7.61389
-7.58606
-7.64973
-7.58001
-7.49155
-7.48059
-7.50349
-7.5382
-7.5543
-7.62124
-7.6198
-7.65233
-7.59871
-7.59611
-7.55415
-7.62037
-7.65337
-7.62795
-7.64415
-7.66514
-7.55315
-7.46723
-7.51842
-7.48571
-7.50601
-7.43871
-7.50692
-7.51128
-7.43761
-7.49516
-7.4255
-7.45806
-7.47942
-7.52403
-7.59595
-7.60906
-7.60589
-7.52322
-7.59267
-7.51604
-7.49396
-7.55872
-7.57365
-7.52397
-7.49842
-7.46727
-7.55438
-7.52309
-7.54996
-7.5812
-7.59569
-7.51549
-7.482
-7.52696
-7.56446
-7.46843
-7.42304
-7.43855
-7.45531
-7.45075
-7.38718
-7.37916
-7.31579
-7.36794
-7.48795
-7.54824
-7.52515
-7.53479
-7.48518
-7.49929
-7.48392
-7.53755
-7.42151
-7.51589
-7.53205
-7.55017
-7.58766
-7.56584
-7.58843
-7.53736
-7.55245
-7.51232
-7.55291
-7.56998
-7.53391
-7.58806
-7.60007
-7.62037
-7.55031
-7.59087
-7.55052
-7.54907
-7.52186
-7.53291
-7.52456
-7.54089
-7.54697
-7.48304
-7.62501
-7.59429
-7.5935
-7.64967
-7.66645
-7.64353
-7.63779
-7.65631
-7.63698
-7.59959
-7.55589
-7.63774
-7.60651
-7.62138
-7.5951
-7.49351
-7.47116
-7.50115
-7.5026
-7.50334
-7.50076
-7.53174
-7.58201
-7.57037
-7.60518
-7.59734
-7.60117
-7.61948
-7.59421
-7.55895
-7.55644
-7.45997
-7.48666
-7.45213
-7.46206
-7.43935
-7.48274
-7.46397
-7.43051
-7.4562
-7.46305
-7.57021
-7.57996
-7.58335
-7.67928
-7.68123
-7.69156
-7.67044
-7.64947
-7.64304
-7.65088
-7.63221
-7.5377
-7.49526
-7.46315
-7.44241
-7.38896
-7.50698
-7.50601
-7.49344
-7.41861
-7.41201
-7.46747
-7.40778
-7.42514
-7.40536
-7.47434
-7.43019
-7.42609
-7.53507
-7.55739
-7.52404
-7.52941
-7.49021
-7.58154
-7.56736
-7.51851
-7.49346
-7.49895
-7.54796
-7.5044
-7.53832
-7.5412
-7.5386
-7.57757
-7.60653
-7.51949
-7.5481
-7.52688
-7.53637
-7.54845
-7.57314
-7.60458
-7.64516
-7.61439
-7.58181
-7.62827
-7.55921
-7.64722
-7.62382
-7.65029
-7.61486
-7.727
-7.7335
-7.58637
-7.57033
-7.52898
-7.47704
-7.5301
-7.56155
-7.5141
-7.53964
-7.55861
-7.51403
-7.47401
-7.39961
-7.40933
-7.38503
-7.3783
-7.3208
-7.34807
-7.36187
-7.27118
-7.35658
-7.43308
-7.36906
-7.41264
-7.33455
-7.40324
-7.33372
-7.40444
-7.45849
-7.48575
-7.51455
-7.50138
-7.49895
-7.45751
-7.46316
-7.52795
-7.49288
-7.53017
-7.58046
-7.54785
-7.52994
-7.58878
-7.59761
-7.60921
-7.5322
-7.60917
-7.72133
-7.64604
-7.65972
-7.62831
-7.53988
-7.5922
-7.557
-7.51738
-7.53858
-7.59687
-7.49957
-7.50573
-7.43961
-7.42167
-7.36477
-7.33086
-7.38252
-7.39036
-7.39834
-7.42987
-7.47095
-7.53634
-7.48487
-7.48363
-7.54093
-7.51309
-7.43057
-7.40793
-7.41631
-7.54155
-7.4521
-7.39866
-7.45331
-7.45983
-7.45502
-7.50623
-7.54389
-7.57806
-7.57416
-7.50864
-7.5143
-7.55129
-7.53966
-7.49569
-7.51068
-7.48689
-7.45325
-7.48135
-7.40413
-7.43892
-7.42038
-7.42178
-7.48674
-7.38267
-7.35515
-7.34608
-7.3137
-7.30498
-7.35175
-7.45678
-7.41895
-7.44495
-7.39822
-7.35037
-7.35407
-7.25159
-7.32457
-7.33757
-7.36475
-7.44669
-7.44789
-7.43704
-7.41336
-7.24027
-7.24589
-7.31972
-7.3169
-7.38033
-7.47328
-7.49333
-7.5185
-7.51408
-7.56776
-7.54404
-7.54084
-7.53892
-7.56848
-7.54611
-7.54514
-7.50886
-7.55109
-7.53662
-7.48285
-7.53031
-7.56564
-7.48279
-7.58808
-7.60071
-7.61899
-7.62347
-7.62533
-7.61897
-7.59678
-7.60327
-7.53965
-7.58638
-7.65849
-7.66315
-7.68472
-7.63527
-7.74914
-7.69415
-7.64869
-7.59121
-7.60882
-7.6562
-7.54652
-7.6031
-7.58219
-7.49737
-7.53013
-7.52271
-7.51038
-7.56477
-7.52336
-7.48744
-7.52082
-7.56609
-7.55951
-7.60281
-7.60465
-7.64236
-7.62198
-7.54876
-7.53682
-7.53935
-7.63888
-7.60137
-7.59996
-7.59944
-7.60427
-7.6418
-7.6392
-7.65507
-7.66188
-7.69255
-7.63076
-7.62709
-7.67989
-7.69188
-7.7292
-7.69222
-7.75737
-7.68482
-7.70505
-7.66549
-7.69486
-7.70365
-7.72424
-7.69666
-7.7042
-7.63279
-7.62521
-7.51304
-7.54566
-7.52631
-7.61002
-7.62425
-7.60925
-7.56413
-7.61898
-7.56698
-7.49623
-7.6007
-7.63196
-7.62995
-7.59054
-7.58125
-7.5792
-7.54671
-7.56413
-7.55664
-7.62931
-7.68134
-7.66011
-7.52812
-7.4196
-7.50954
-7.65851
-7.63943
-7.66978
-7.66046
-7.69829
-7.75269
-7.73275
-7.68755
-7.65713
-7.6015
-7.60467
-7.57346
-7.61558
-7.56835
-7.47622
-7.42469
-7.41084
-7.37937
-7.4748
-7.46629
-7.60855
-7.52519
-7.57678
-7.59512
-7.62293
-7.61189
-7.62105
-7.59554
-7.6423
-7.59024
-7.51115
-7.45702
-7.4911
-7.50271
-7.48396
-7.46547
-7.42709
-7.32637
-7.37991
-7.4158
-7.42531
-7.44877
-7.5125
-7.47086
-7.45673
-7.39221
-7.30303
-7.38247
-7.33743
-7.36115
-7.35608
-7.33433
-7.3664
-7.45575
-7.45404
-7.44909
-7.46355
-7.46269
-7.42929
-7.44973
-7.42556
-7.46629
-7.47557
-7.51702
-7.60434
-7.64562
-7.60527
-7.60082
-7.58441
-7.5713
-7.5141
-7.57078
-7.59645
-7.6022
-7.60789
-7.57587
-7.55557
-7.55954
-7.60082
-7.59276
-7.64239
-7.57926
-7.56456
-7.59381
-7.58625
-7.56007
-7.53522
-7.64352
-7.72159
-7.58217
-7.58982
-7.608
-7.55951
-7.6024
-7.59697
-7.59798
-7.63298
-7.60625
-7.63848
-7.5778
-7.55015
-7.41501
-7.40643
-7.44246
-7.48679
-7.47722
-7.41115
-7.47518
-7.51117
-7.49645
-7.52492
-7.53419
-7.52052
-7.56214
-7.55758
-7.59269
-7.57276
-7.56392
-7.55473
-7.48537
-7.5131
-7.53461
-7.48256
-7.39356
-7.3844
-7.42336
-7.40348
-7.50606
-7.55379
-7.56927
-7.58519
-7.56688
-7.55326
-7.47965
-7.48712
-7.49453
-7.51648
-7.55528
-7.51371
-7.47064
-7.40249
-7.36986
-7.36516
-7.28224
-7.28623
-7.2818
-7.38526
-7.33423
-7.39367
-7.43271
-7.38549
-7.392
-7.38275
-7.38739
-7.36185
-7.37916
-7.40941
-7.39884
-7.42803
-7.32199
-7.34162
-7.34225
-7.27273
-7.36926
-7.24555
-7.35281
-7.37474
-7.40983
-7.4454
-7.50571
-7.5102
-7.49697
-7.56214
-7.58122
-7.5118
-7.50574
-7.58278
-7.57361
-7.42527
-7.45354
-7.49524
-7.51672
-7.5048
-7.52014
-7.58473
-7.55115
-7.5426
-7.506
-7.52647
-7.56082
-7.56789
-7.58339
-7.5081
-7.48908
-7.50801
-7.47239
-7.46624
-7.41422
-7.4511
-7.43418
-7.46655
-7.49463
-7.46583
-7.36277
-7.35128
-7.32336
-7.34905
-7.34855
-7.35674
-7.31213
-7.34001
-7.38513
-7.47072
-7.43332
-7.49794
-7.46862
-7.42433
-7.31058
-7.30087
-7.38809
-7.33614
-7.4268
-7.40033
-7.50308
-7.42772
-7.53188
-7.58955
-7.53349
-7.44842
-7.45242
-7.38664
-7.36865
-7.4233
-7.4113
-7.47303
-7.50188
-7.39154
-7.37916
-7.41562
-7.44138
-7.53045
-7.51035
-7.45343
-7.37982
-7.35493
-7.353
-7.46901
-7.3768
-7.39494
-7.3278
-7.45
-7.43234
-7.34921
-7.36451
-7.33005
-7.40338
-7.38918
-7.43621
-7.47436
-7.4195
-7.43219
-7.49666
-7.41071
-7.42009
-7.5
-7.60894
-7.58444
-7.62608
-7.59267
-7.54036
-7.53499
-7.5713
-7.54066
-7.51111
-7.49087
-7.62041
-7.56634
-7.59412
-7.61499
-7.59031
-7.63107
-7.58912
-7.6589
-7.67037
-7.70266
-7.60839
-7.62554
-7.62724
-7.66817
-7.71812
-7.76865
-7.68188
-7.70946
-7.6592
-7.67278
-7.62322
-7.65148
-7.586
-7.49503
-7.46561
-7.48534
-7.49381
-7.48719
-7.52485
-7.55741
-7.57915
-7.62443
-7.53793
-7.55277
-7.62782
-7.59738
-7.5079
-7.51883
-7.49199
-7.57554
-7.54116
-7.47422
-7.51012
-7.51394
-7.54434
-7.5538
-7.5634
-7.53854
-7.49808
-7.54516
-7.46997
-7.683
-7.66822
-7.63808
-7.63694
-7.63738
-7.64275
-7.56381
-7.61754
-7.51553
-7.58594
-7.55729
-7.55953
-7.55475
-7.60824
-7.65596
-7.60281
-7.57274
-7.52881
-7.55208
-7.52008
-7.55428
-7.59703
-7.56625
-7.51374
-7.52542
-7.57765
-7.52402
-7.55582
-7.52195
-7.50259
-7.5018
-7.47765
-7.31166
-7.38653
-7.41896
-7.43231
-7.42648
-7.51204
-7.579
-7.57247
-7.53669
-7.49302
-7.52908
-7.58624
-7.48694
-7.47009
-7.51489
-7.50711
-7.51677
-7.48519
-7.46579
-7.4356
-7.33281
-7.2847
-7.31192
-7.34689
-7.35228
-7.26336
-7.36031
-7.34871
-7.48889
-7.50263
-7.54071
-7.4867
-7.43618
-7.4181
-7.54244
-7.53727
-7.55464
-7.47582
-7.47649
-7.53373
-7.5543
-7.59107
-7.64494
-7.58275
-7.61565
-7.64699
-7.66957
-7.67994
-7.54769
-7.56188
-7.66081
-7.7119
-7.64831
-7.725
-7.58776
-7.63046
-7.55556
-7.61893
-7.66414
-7.62976
-7.62452
-7.60492
-7.62763
-7.60913
-7.59268
-7.62649
-7.5668
-7.58943
-7.49108
-7.46306
-7.49988
-7.53255
-7.54454
-7.51792
-7.5285
-7.52317
-7.51035
-7.54427
-7.45936
-7.4407
-7.48356
-7.52403
-7.48255
-7.44333
-7.43745
-7.42291
-7.40451
-7.47224
-7.48084
-7.46307
-7.50076
-7.44239
-7.4203
-7.381
-7.48037
-7.46025
-7.46682
-7.53582
-7.47863
-7.45525
-7.47616
-7.59927
-7.61922
-7.594
-7.67266
-7.59799
-7.56927
-7.56233
-7.56301
-7.60326
-7.63493
-7.61063
-7.5956
-7.59642
-7.60972
-7.63331
-7.67492
-7.62738
-7.62111
-7.64186
-7.65076
-7.67384
-7.66868
-7.61171
-7.67025
-7.71273
-7.73413
-7.74237
-7.68737
-7.69157
-7.68612
-7.62684
-7.62911
-7.64298
-7.64976
-7.63416
-7.61211
-7.62477
-7.63501
-7.62565
-7.59263
-7.65224
-7.59967
-7.65433
-7.71419
-7.66083
-7.72183
-7.67954
-7.5659
-7.58713
-7.6425
-7.62127
-7.64207
-7.69975
-7.68186
-7.65692
-7.65428
-7.58195
-7.4913
-7.47361
-7.39532
-7.38218
-7.39039
-7.3423
-7.32062
-7.13905
-7.27227
-7.29626
-7.26776
-7.32349
-7.33167
-7.32512
-7.33693
-7.40231
-7.38057
-7.24003
-7.2581
-7.26861
-7.36019
-7.36671
-7.36698
-7.35187
-7.30268
-7.30166
-7.32127
-7.28846
-7.44868
-7.47333
-7.51481
-7.53471
-7.57306
-7.56676
-7.54111
-7.55491
-7.54536
-7.57398
-7.51453
-7.52452
-7.50566
-7.60235
-7.59514
-7.56632
-7.51269
-7.49205
-7.48964
-7.57368
-7.62779
-7.6192
-7.56842
-7.60864
-7.59672
-7.53922
-7.56764
-7.53381
-7.54886
-7.4806
-7.50443
-7.39309
-7.43569
-7.44193
-7.41845
-7.48274
-7.44201
-7.45845
-7.45135
-7.48264
-7.50686
-7.45974
-7.53593
-7.56441
-7.52106
-7.4653
-7.44957
-7.51498
-7.55531
-7.52097
-7.50145
-7.57681
-7.60989
-7.62898
-7.609
-7.65046
-7.63921
-7.60672
-7.5834
-7.52457
-7.65216
-7.69206
-7.65015
-7.69387
-7.61149
-7.5589
-7.52916
-7.56728
-7.65603
-7.69624
-7.64926
-7.63985
-7.59647
-7.57841
-7.46439
-7.41168
-7.50454
-7.47313
-7.48529
-7.51545
-7.44948
-7.49078
-7.51634
-7.44833
-7.40167
-7.33699
-7.42642
-7.49448
-7.55341
-7.59502
-7.53496
-7.488
-7.45166
-7.49658
-7.45782
-7.50008
-7.5003
-7.52151
-7.48585
-7.53705
-7.58852
-7.55028
-7.50201
-7.48973
-7.47557
-7.51007
-7.51634
-7.50442
-7.52171
-7.52408
-7.49762
-7.3928
-7.47418
-7.43938
-7.43875
-7.44486
-7.4378
-7.47569
-7.424
-7.42933
-7.38023
-7.45795
-7.45319
-7.44341
-7.47947
-7.56959
-7.60156
-7.58093
-7.51761
-7.50417
-7.5221
-7.58473
-7.47492
-7.52297
-7.4905
-7.52183
-7.45137
-7.52457
-7.58535
-7.6022
-7.53304
-7.5402
-7.62445
-7.69075
-7.68459
-7.67292
-7.62191
-7.58429
-7.55554
-7.53781
-7.55848
-7.57295
-7.5711
-7.5082
-7.51999
-7.49958
-7.46695
-7.59706
-7.55866
-7.59042
-7.53707
-7.56286
-7.5412
-7.51644
-7.49606
-7.52007
-7.5196
-7.48066
-7.49946
-7.50787
-7.57633
-7.56342
-7.53825
-7.5317
-7.53722
-7.59644
-7.57911
-7.50325
-7.48226
-7.48567
-7.43927
-7.44025
-7.45983
-7.48351
-7.40676
-7.42898
-7.48407
-7.39754
-7.44563
-7.45358
-7.39164
-7.45125
-7.39106
-7.38537
-7.3629
-7.34529
-7.36587
-7.37871
-7.39972
-7.38371
-7.35226
-7.29769
-7.27963
-7.38101
-7.39037
-7.4015
-7.34469
-7.40366
-7.37783
-7.44025
-7.50141
-7.66581
-7.64574
-7.5563
-7.51929
-7.42946
-7.56114
-7.52388
-7.51086
-7.50162
-7.49523
-7.47027
-7.46611
-7.4352
-7.42376
-7.50619
-7.50657
-7.51681
-7.50035
-7.51921
-7.59659
-7.4799
-7.48693
-7.5402
-7.54076
-7.51673
-7.54243
-7.58774
-7.69431
-7.63706
-7.66387
-7.59891
-7.51295
-7.49301
-7.52478
-7.53211
-7.60025
-7.56538
-7.66067
-7.73699
-7.68034
-7.5968
-7.55864
-7.50022
-7.54891
-7.57145
-7.68069
-7.57856
-7.55954
-7.5135
-7.52817
-7.47962
-7.57899
-7.54791
-7.56763
-7.59221
-7.62837
-7.65044
-7.63488
-7.63437
-7.58186
-7.61292
-7.64026
-7.64968
-7.64567
-7.56432
-7.61493
-7.53336
-7.57026
-7.61205
-7.6596
-7.63687
-7.63329
-7.61006
-7.64177
-7.63455
-7.62452
-7.59913
-7.57042
-7.58496
-7.55513
-7.52017
-7.52354
-7.5694
-7.61645
-7.53754
-7.57192
-7.52364
-7.50573
-7.53457
-7.53018
-7.48129
-7.53116
-7.4847
-7.49084
-7.51462
-7.37781
-7.44999
-7.45876
-7.45102
-7.42617
-7.36678
-7.39591
-7.4701
-7.41332
-7.42848
-7.48441
-7.48033
-7.38759
-7.3603
-7.48735
-7.39827
-7.40609
-7.36303
-7.42621
-7.44872
-7.4828
-7.54398
-7.56344
-7.48132
-7.53652
-7.57516
-7.57596
-7.54943
-7.64612
-7.61216
-7.62149
-7.62199
-7.60561
-7.56208
-7.50284
-7.59236
-7.5403
-7.54014
-7.54009
-7.54983
-7.55915
-7.52106
-7.57124
-7.5784
-7.5928
-7.55217
-7.5323
-7.58862
-7.64207
-7.55958
-7.54752
-7.46468
-7.48004
-7.4915
-7.49616
-7.50328
-7.39963
-7.36233
-7.40305
-7.3888
-7.41785
-7.41024
-7.42258
-7.40552
-7.38411
-7.37924
-7.41169
-7.50459
-7.55339
-7.57408
-7.62497
-7.5734
-7.48972
-7.49356
-7.47639
-7.51285
-7.51652
-7.60655
-7.58641
-7.53555
-7.48083
-7.48769
-7.47345
-7.48181
-7.41089
-7.50203
-7.4497
-7.54284
-7.59465
-7.59495
-7.61786
-7.56924
-7.56656
-7.4845
-7.45031
-7.44392
-7.46381
-7.56688
-7.6076
-7.59714
-7.68845
-7.61347
-7.6005
-7.65154
-7.61818
-7.55701
-7.57363
-7.59281
-7.62401
-7.56687
-7.50177
-7.58238
-7.63172
-7.59716
-7.6493
-7.63793
-7.6897
-7.61194
-7.58945
-7.67046
-7.67833
-7.67072
-7.65936
-7.64946
-7.68021
-7.7003
-7.74761
-7.75444
-7.71559
-7.73965
-7.75224
-7.70493
-7.69535
-7.67124
-7.62812
-7.61609
-7.52319
-7.5435
-7.56574
-7.57908
-7.62779
-7.59188
-7.61621
-7.57163
-7.58246
-7.53027
-7.52138
-7.51309
-7.55781
-7.49175
-7.45096
-7.40733
-7.47512
-7.59794
-7.60312
-7.49723
-7.57501
-7.54796
-7.45372
-7.48232
-7.5271
-7.60717
-7.64828
-7.64046
-7.61289
-7.58556
-7.56773
-7.5619
-7.57959
-7.63952
-7.62248
-7.64451
-7.5731
-7.61605
-7.57613
-7.56814
-7.512
-7.59036
-7.53297
-7.56292
-7.55969
-7.53858
-7.45864
-7.46646
-7.51245
-7.46072
-7.51793
-7.48141
-7.50802
-7.47717
-7.48372
-7.56765
-7.5492
-7.56225
-7.58147
-7.57302
-7.52604
-7.57599
-7.57114
-7.59962
-7.52938
-7.60524
-7.58775
-7.58289
-7.63656
-7.55679
-7.58684
-7.5658
-7.56309
-7.55308
-7.53604
-7.55894
-7.57937
-7.57555
-7.47324
-7.51482
-7.55916
-7.58608
-7.62712
-7.62702
-7.55873
-7.48343
-7.50814
-7.48873
-7.49702
-7.52728
-7.59371
-7.61017
-7.72685
-7.6906
-7.66446
-7.70743
-7.67077
-7.66637
-7.61501
-7.46757
-7.4954
-7.61094
-7.59389
-7.66854
-7.71242
-7.71993
-7.67742
-7.6293
-7.54894
-7.4938
-7.57889
-7.55134
-7.55227
-7.4776
-7.36588
-7.40653
-7.45947
-7.44013
-7.42003
-7.45607
-7.52159
-7.54366
-7.55118
-7.5222
-7.44291
-7.4871
-7.51144
-7.53256
-7.54052
-7.51582
-7.54752
-7.6068
-7.62128
-7.63664
-7.61791
-7.5646
-7.53404
-7.5238
-7.46865
-7.51702
-7.51005
-7.53955
-7.48878
-7.53999
-7.55155
-7.57394
-7.54155
-7.56161
-7.51214
-7.46933
-7.50092
-7.49713
-7.41047
-7.52011
-7.44135
-7.48067
-7.54581
-7.54588
-7.48283
-7.49922
-7.45178
-7.46848
-7.50649
-7.52697
-7.56448
-7.5985
-7.55095
-7.56918
-7.54712
-7.48652
-7.47235
-7.45718
-7.41498
-7.39852
-7.3373
-7.34404
-7.34734
-7.39053
-7.34566
-7.44124
-7.39313
-7.43051
-7.44165
-7.42517
-7.45721
-7.47172
-7.51536
-7.40851
-7.47627
-7.47443
-7.52472
-7.54096
-7.43259
-7.47564
-7.41503
-7.47921
-7.4592
-7.48424
-7.37552
-7.45414
-7.44774
-7.43749
-7.47722
-7.54442
-7.51941
-7.49878
-7.58231
-7.60116
-7.64817
-7.60806
-7.53736
-7.52361
-7.51664
-7.54674
-7.55392
-7.52052
-7.48456
-7.52178
-7.51456
-7.55521
-7.5496
-7.55449
-7.50354
-7.61014
-7.59401
-7.60828
-7.53372
-7.56971
-7.56565
-7.58204
-7.55679
-7.51284
-7.47942
-7.51042
-7.54896
-7.59935
-7.61165
-7.62248
-7.64672
-7.64533
-7.70517
-7.69705
-7.65372
-7.68653
-7.61572
-7.60471
-7.58588
-7.57466
-7.66535
-7.64276
-7.71819
-7.66025
-7.64016
-7.63354
-7.57676
-7.61067
-7.68472
-7.67409
-7.63065
-7.68017
-7.71355
-7.65433
-7.55114
-7.53908
-7.5555
-7.45999
-7.43325
-7.5113
-7.44693
-7.52289
-7.55357
-7.60186
-7.57457
-7.57316
-7.54265
-7.55788
-7.54578
-7.59446
-7.616
-7.61354
-7.49276
-7.55215
-7.52559
-7.47668
-7.53263
-7.56286
-7.52584
-7.57565
-7.5441
-7.58264
-7.51573
-7.43064
-7.40642
-7.36453
-7.4283
-7.41638
-7.45989
-7.48578
-7.41814
-7.56351
-7.54023
-7.50016
-7.49097
-7.51701
-7.53169
-7.52706
-7.60131
-7.58378
-7.60889
-7.60119
-7.62839
-7.58934
-7.59986
-7.58903
-7.56079
-7.51493
-7.54672
-7.56336
-7.5116
-7.53714
-7.52389
-7.55127
-7.61195
-7.62585
-7.65622
-7.64922
-7.60552
-7.61101
-7.56534
-7.61631
-7.6202
-7.54151
-7.51085
-7.53961
-7.56178
-7.57348
-7.51411
-7.5883
-7.56804
-7.5745
-7.56866
-7.55005
-7.47542
-7.48612
-7.53719
-7.51157
-7.50665
-7.46894
-7.46186
-7.47596
-7.37355
-7.35582
-7.35102
-7.29566
-7.32308
-7.41408
-7.43078
-7.37121
-7.33832
-7.33833
-7.465
-7.5016
-7.48926
-7.47514
-7.5812
-7.56833
-7.58673
-7.5552
-7.53989
-7.54064
-7.57383
-7.58471
-7.61801
-7.5433
-7.56652
-7.483
-7.55587
-7.49389
-7.54923
-7.42024
-7.52308
-7.6299
-7.55753
-7.54542
-7.61222
-7.52205
-7.45929
-7.43066
-7.41849
-7.4852
-7.46828
-7.4103
-7.36096
-7.37153
-7.44965
-7.47148
-7.39751
-7.4263
-7.42865
-7.46331
-7.48084
-7.42663
-7.46423
-7.49178
-7.48421
-7.48973
-7.53037
-7.51875
-7.55711
-7.45619
-7.45412
-7.50217
-7.50385
-7.50091
-7.63428
-7.59254
-7.51266
-7.5373
-7.59864
-7.59103
-7.60356
-7.58556
-7.60535
-7.50071
-7.55303
-7.50384
-7.50582
-7.49362
-7.59627
-7.48317
-7.57159
-7.53611
-7.5213
-7.55936
-7.49465
-7.48062
-7.47854
-7.44252
-7.54213
-7.47487
-7.54051
-7.51274
-7.48165
-7.52014
-7.54567
-7.56318
-7.50405
-7.52775
-7.53535
-7.45525
-7.41105
-7.40163
-7.52013
-7.49217
-7.44551
-7.48086
-7.55158
-7.54305
-7.58797
-7.59538
-7.54645
-7.60332
-7.58583
-7.5482
-7.51177
-7.55261
-7.5309
-7.54414
-7.56124
-7.47556
-7.43695
-7.44279
-7.57145
-7.5559
-7.6416
-7.66286
-7.61779
-7.63687
-7.68156
-7.63583
-7.62202
-7.68004
-7.62863
-7.5092
-7.53991
-7.56466
-7.5191
-7.56564
-7.51342
-7.45739
-7.42374
-7.42608
-7.41238
-7.44225
-7.432
-7.42997
-7.51568
-7.47593
-7.41396
-7.37713
-7.43971
-7.51953
-7.58443
-7.54485
-7.58376
-7.67313
-7.60742
-7.60575
-7.58421
-7.67927
-7.67638
-7.6134
-7.69784
-7.66848
-7.68619
-7.70131
-7.67211
-7.62997
-7.64257
-7.64675
-7.66769
-7.69125
-7.68662
-7.63293
-7.69987
-7.63383
-7.72441
-7.71243
-7.63201
-7.54028
-7.60747
-7.58235
-7.61324
-7.60171
-7.6094
-7.60049
-7.66477
-7.61909
-7.65668
-7.62683
-7.54213
-7.56194
-7.59639
-7.58888
-7.58059
-7.48637
-7.42297
-7.43958
-7.46718
-7.50526
-7.56231
-7.55549
-7.55236
-7.65852
-7.59064
-7.50147
-7.45094
-7.3868
-7.41985
-7.48916
-7.48409
-7.44563
-7.36402
-7.43122
-7.52049
-7.5365
-7.42972
-7.3208
-7.29257
-7.34675
-7.36527
-7.41823
-7.44133
-7.4794
-7.43955
-7.50165
-7.53329
-7.48199
-7.51833
-7.53846
-7.49017
-7.55239
-7.56181
-7.59221
-7.65518
-7.70561
-7.65518
-7.59209
-7.59638
-7.60813
-7.60171
-7.62167
-7.64134
-7.65004
-7.60149
-7.54674
-7.55449
-7.55295
-7.56718
-7.55236
-7.60981
-7.61138
-7.56884
-7.52541
-7.55326
-7.51754
-7.55503
-7.59216
-7.56978
-7.65052
-7.64091
-7.64125
-7.67177
-7.5951
-7.56034
-7.459
-7.46744
-7.54567
-7.65705
-7.69324
-7.68208
-7.67702
-7.67405
-7.70605
-7.69548
-7.64258
-7.6804
-7.7016
-7.66571
-7.53171
-7.52878
-7.51748
-7.43935
-7.44687
-7.46492
-7.43694
-7.44713
-7.44593
-7.43486
-7.38897
-7.40296
-7.50104
-7.54988
-7.61567
-7.61775
-7.6703
-7.66899
-7.59832
-7.60773
-7.65612
-7.6484
-7.59479
-7.57607
-7.49734
-7.51753
-7.47883
-7.43924
-7.46861
-7.4485
-7.44058
-7.45413
-7.49543
-7.51634
-7.44965
-7.48009
-7.57479
-7.67142
-7.61748
-7.58572
-7.51177
-7.50186
-7.5224
-7.56193
-7.51037
-7.57478
-7.59514
-7.57541
-7.61906
-7.62925
-7.65914
-7.60607
-7.5844
-7.56995
-7.62185
-7.60265
-7.56262
-7.55058
-7.49002
-7.49169
-7.47881
-7.46464
-7.4462
-7.52831
-7.53738
-7.46106
-7.41877
-7.40335
-7.36934
-7.39977
-7.39083
-7.45542
-7.53421
-7.5487
-7.51212
-7.50301
-7.49057
-7.56686
-7.58851
-7.51832
-7.5222
-7.5403
-7.56359
-7.57083
-7.57559
-7.61557
-7.59095
-7.59097
-7.57454
-7.60373
-7.54188
-7.59188
-7.52302
-7.58738
-7.57927
-7.59763
-7.53501
-7.62058
-7.68517
-7.59538
-7.54905
-7.56678
-7.63883
-7.65716
-7.68624
-7.61821
-7.61834
-7.65069
-7.59416
-7.64995
-7.58286
-7.4959
-7.51921
-7.5801
-7.53611
-7.60002
-7.59613
-7.62461
-7.60929
-7.58902
-7.49764
-7.55858
-7.66941
-7.65253
-7.6753
-7.62964
-7.6012
-7.60644
-7.61222
-7.55726
-7.5274
-7.50404
-7.57213
-7.61041
-7.58782
-7.52885
-7.49259
-7.44821
-7.47925
-7.48106
-7.50288
-7.53832
-7.4403
-7.48645
-7.47619
-7.4572
-7.55294
-7.6442
-7.64752
-7.61048
-7.59689
-7.56331
-7.50521
-7.51857
-7.54635
-7.50955
-7.51836
-7.508
-7.59753
-7.61699
-7.57026
-7.58772
-7.63292
-7.7165
-7.71151
-7.67301
-7.68615
-7.6524
-7.65236
-7.65068
-7.67158
-7.6623
-7.73597
-7.64153
-7.64399
-7.59904
-7.53228
-7.56045
-7.55309
-7.65605
-7.56774
-7.63903
-7.59781
-7.55174
-7.52685
-7.57533
-7.5051
-7.56034
-7.56251
-7.50857
-7.54006
-7.424
-7.49385
-7.57887
-7.52927
-7.55264
-7.56276
-7.55776
-7.46145
-7.46736
-7.43453
-7.3707
-7.36684
-7.42964
-7.46256
-7.44548
-7.4526
-7.44075
-7.52324
-7.51265
-7.53778
-7.50309
-7.4357
-7.42977
-7.46428
-7.4232
-7.44301
-7.51926
-7.52826
-7.48481
-7.47029
-7.54101
-7.53684
-7.53525
-7.55945
-7.50374
-7.50559
-7.53278
-7.49704
-7.45487
-7.52973
-7.49476
-7.50075
-7.45173
-7.52548
-7.48292
-7.49687
-7.46155
-7.4642
-7.52713
-7.57609
-7.58723
-7.5271
-7.55012
-7.55333
-7.59243
-7.57084
-7.577
-7.62411
-7.50929
-7.5095
-7.53564
-7.55685
-7.52221
-7.47744
-7.43396
-7.49006
-7.47382
-7.49545
-7.53042
-7.62029
-7.61916
-7.6015
-7.63818
-7.4927
-7.52985
-7.4968
-7.46094
-7.4904
-7.46868
-7.4914
-7.50642
-7.46338
-7.47273
-7.45416
-7.46673
-7.53806
-7.54885
-7.50714
-7.5357
-7.55447
-7.47851
-7.48397
-7.4747
-7.44695
-7.4675
-7.39583
-7.35658
-7.281
-7.31785
-7.29872
-7.19821
-7.28741
-7.39082
-7.40727
-7.48352
-7.46617
-7.44174
-7.39631
-7.41419
-7.4094
-7.47484
-7.5172
-7.51063
-7.58752
-7.59236
-7.58891
-7.66569
-7.63706
-7.58588
-7.57903
-7.60176
-7.55814
-7.53969
-7.58998
-7.57647
-7.59887
-7.70422
-7.65329
-7.72521
-7.66603
-7.6062
-7.60078
-7.54882
-7.5312
-7.48739
-7.49105
-7.44933
-7.4035
-7.43857
-7.39003
-7.42534
-7.46369
-7.51965
-7.48921
-7.47712
-7.40866
-7.41736
-7.43867
-7.41915
-7.48739
-7.46172
-7.51154
-7.53536
-7.54718
-7.52375
-7.62024
-7.64625
-7.59815
-7.52498
-7.54651
-7.61129
-7.57427
-7.55694
-7.52816
-7.49966
-7.48485
-7.54334
-7.56622
-7.55258
-7.54879
-7.48709
-7.53679
-7.48734
-7.4518
-7.56362
-7.55297
-7.57808
-7.58378
-7.64283
-7.61346
-7.58115
-7.50938
-7.49421
-7.49568
-7.46559
-7.46874
-7.50959
-7.52927
-7.47939
-7.42844
-7.36499
-7.37534
-7.39034
-7.37712
-7.49437
-7.56725
-7.56571
-7.55017
-7.56359
-7.5961
-7.6058
-7.51395
-7.43826
-7.52695
-7.56806
-7.54573
-7.56446
-7.57581
-7.61122
-7.61879
-7.64755
-7.66663
-7.71291
-7.75388
-7.73809
-7.73068
-7.76287
-7.72351
-7.68327
-7.72615
-7.68247
-7.65296
-7.58481
-7.62714
-7.6217
-7.68445
-7.65622
-7.65936
-7.63001
-7.62833
-7.59263
-7.58605
-7.59419
-7.56385
-7.53472
-7.45111
-7.48096
-7.49015
-7.5008
-7.52107
-7.56655
-7.54561
-7.5731
-7.60435
-7.59688
-7.57173
-7.5632
-7.60005
-7.5357
-7.53831
-7.47079
-7.52767
-7.52663
-7.5379
-7.52642
-7.43431
-7.47406
-7.45008
-7.5564
-7.56933
-7.55924
-7.53255
-7.54022
-7.45163
-7.48042
-7.53323
-7.56747
-7.56909
-7.56517
-7.58858
-7.52722
-7.54174
-7.56413
-7.59391
-7.68682
-7.62494
-7.6685
-7.64369
-7.62212
-7.636
-7.59122
-7.51812
-7.5234
-7.54263
-7.47617
-7.51134
-7.5124
-7.52524
-7.44359
-7.36597
-7.40336
-7.38838
-7.45177
-7.57662
-7.55749
-7.53304
-7.56974
-7.52795
-7.5444
-7.51873
-7.53262
-7.50356
-7.40505
-7.46826
-7.59145
-7.5908
-7.49729
-7.51187
-7.48555
-7.50441
-7.45985
-7.60275
-7.48217
-7.53605
-7.56034
-7.53267
-7.48857
-7.46005
-7.46754
-7.41058
-7.45344
-7.47774
-7.50042
-7.5262
-7.53697
-7.56059
-7.54924
-7.51683
-7.6109
-7.58024
-7.56573
-7.64869
-7.65273
-7.6063
-7.57943
-7.57838
-7.61329
-7.63071
-7.51518
-7.48888
-7.49117
-7.53236
-7.58747
-7.51345
-7.45362
-7.50937
-7.50654
-7.54573
-7.45661
-7.55366
-7.53633
-7.5232
-7.48759
-7.52816
-7.53221
-7.47075
-7.56594
-7.47079
-7.54757
-7.61892
-7.62604
-7.56433
-7.53089
-7.52807
-7.44744
-7.43468
-7.48069
-7.52114
-7.44959
-7.41879
-7.52406
-7.49488
-7.4891
-7.52188
-7.50608
-7.55214
-7.54247
-7.47199
-7.46537
-7.52351
-7.55529
-7.56877
-7.5665
-7.49248
-7.45282
-7.50708
-7.49148
-7.52959
-7.50148
-7.45211
-7.4736
-7.44872
-7.43183
-7.50835
-7.52457
-7.59155
-7.65747
-7.63733
-7.57007
-7.53658
-7.59272
-7.61712
-7.5898
-7.56948
-7.56241
-7.50897
-7.40412
-7.33197
-7.3568
-7.42783
-7.46582
-7.54263
-7.51894
-7.48092
-7.43589
-7.40294
-7.44814
-7.46256
-7.50732
-7.5642
-7.55554
-7.42283
-7.43777
-7.48915
-7.49326
-7.50814
-7.61417
-7.60829
-7.67214
-7.62864
-7.67984
-7.71386
-7.76845
-7.75993
-7.65102
-7.61209
-7.55065
-7.44495
-7.41273
-7.51159
-7.61501
-7.59316
-7.59078
-7.60591
-7.6256
-7.60333
-7.63372
-7.55919
-7.58538
-7.54048
-7.57218
-7.55904
-7.4216
-7.43804
-7.397
-7.45582
-7.48565
-7.51441
-7.51135
-7.52663
-7.59463
-7.64777
-7.63131
-7.65438
-7.58084
-7.64865
-7.62324
-7.64765
-7.58258
-7.6254
-7.61541
-7.60002
-7.57542
-7.50494
-7.54564
-7.49033
-7.51144
-7.45413
-7.4236
-7.38896
-7.34749
-7.36978
-7.40928
-7.45247
-7.40872
-7.44708
-7.40763
-7.34764
-7.42589
-7.39671
-7.55511
-7.48503
-7.55249
-7.54512
-7.53048
-7.51453
-7.56352
-7.55119
-7.56048
-7.47714
-7.5214
-7.49744
-7.52754
-7.49026
-7.51736
-7.45448
-7.45742
-7.52684
-7.50052
-7.52817
-7.53455
-7.50048
-7.5692
-7.59719
-7.61708
-7.66106
-7.54337
-7.52071
-7.54571
-7.53873
-7.5295
-7.5772
-7.56539
-7.54285
-7.53874
-7.48843
-7.51019
-7.52644
-7.51606
-7.45709
-7.4981
-7.51657
-7.546
-7.54164
-7.52785
-7.60864
-7.65308
-7.61914
-7.60789
-7.60789
-7.5843
-7.54151
-7.5743
-7.61369
-7.60945
-7.6221
-7.55245
-7.56858
-7.54908
-7.6443
-7.6005
-7.57843
-7.55552
-7.57126
-7.49605
-7.50245
-7.53659
-7.42425
-7.4452
-7.48603
-7.42648
-7.37186
-7.31536
-7.42534
-7.50132
-7.57267
-7.51041
-7.51718
-7.5834
-7.52826
-7.57094
-7.56454
-7.63833
-7.58161
-7.59424
-7.56436
-7.53409
-7.5636
-7.60563
-7.57521
-7.65241
-7.61405
-7.58412
-7.62277
-7.57043
-7.61491
-7.59768
-7.65115
-7.61366
-7.60307
-7.53687
-7.56533
-7.58414
-7.66331
-7.6786
-7.70278
-7.65959
-7.68969
-7.72762
-7.74277
-7.66776
-7.6248
-7.57064
-7.53493
-7.55163
-7.52776
-7.50301
-7.46592
-7.57989
-7.58619
-7.5923
-7.57494
-7.64418
-7.57883
-7.53702
-7.5129
-7.52568
-7.55398
-7.54046
-7.49707
-7.46997
-7.49185
-7.41819
-7.3367
-7.29142
-7.34504
-7.36108
-7.33953
-7.35945
-7.38091
-7.37116
-7.41433
-7.40207
-7.41412
-7.42394
-7.49821
-7.48322
-7.5502
-7.60204
-7.60079
-7.6335
-7.69007
-7.64061
-7.62486
-7.53545
-7.61631
-7.63419
-7.59446
-7.6171
-7.5643
-7.57725
-7.5127
-7.53755
-7.49017
-7.45901
-7.46684
-7.44311
-7.38123
-7.3607
-7.35437
-7.28622
-7.25596
-7.3078
-7.36622
-7.32267
-7.30382
-7.31717
-7.34556
-7.3603
-7.46938
-7.4857
-7.47346
-7.44815
-7.44963
-7.42069
-7.54773
-7.56199
-7.59739
-7.61594
-7.65347
-7.62351
-7.56257
-7.5158
-7.57839
-7.62801
-7.68162
-7.64902
-7.60692
-7.5297
-7.47788
-7.54521
-7.54559
-7.60675
-7.57825
-7.57261
-7.55943
-7.60195
-7.55402
-7.47906
-7.47159
-7.46929
-7.47102
-7.48036
-7.50916
-7.58489
-7.54991
-7.59677
-7.57851
-7.62119
-7.63411
-7.66809
-7.66923
-7.65445
-7.62801
-7.5311
-7.61973
-7.60977
-7.54779
-7.5951
-7.5568
-7.59939
-7.5677
-7.5849
-7.60069
-7.61832
-7.64713
-7.66376
-7.67891
-7.64744
-7.68735
-7.6396
-7.66143
-7.59793
-7.55742
-7.59894
-7.5392
-7.56439
-7.56661
-7.62345
-7.63174
-7.61821
-7.58517
-7.65464
-7.66472
-7.57272
-7.59194
-7.62393
-7.5091
-7.51775
-7.51794
-7.51212
-7.4762
-7.46555
-7.40738
-7.34168
-7.41161
-7.4235
-7.46256
-7.48941
-7.54216
-7.60211
-7.54873
-7.49529
-7.52873
-7.52517
-7.50923
-7.45718
-7.47783
-7.46507
-7.43991
-7.4125
-7.45789
-7.51021
-7.53336
-7.55673
-7.43484
-7.43079
-7.48588
-7.48807
-7.4915
-7.42698
-7.43258
-7.40592
-7.38772
-7.4924
-7.5387
-7.56124
-7.47195
-7.60289
-7.58256
-7.60357
-7.5477
-7.51634
-7.40021
-7.4845
-7.57088
-7.59635
-7.52909
-7.58209
-7.59755
-7.50094
-7.51004
-7.52125
-7.62303
-7.61629
-7.58883
-7.54395
-7.55947
-7.55107
-7.61369
-7.607
-7.59407
-7.46928
-7.51196
-7.50931
-7.48234
-7.53106
-7.54959
-7.58177
-7.59413
-7.60624
-7.64792
-7.60736
-7.59687
-7.58278
-7.59709
-7.59217
-7.56995
-7.56529
-7.52907
-7.56624
-7.62069
-7.57941
-7.68283
-7.67722
-7.63616
-7.6196
-7.5406
-7.60339
-7.6199
-7.57623
-7.55228
-7.63578
-7.63382
-7.59796
-7.56904
-7.58619
-7.6039
-7.56733
-7.56611
-7.55783
-7.45394
-7.52702
-7.49074
-7.55015
-7.55262
-7.55693
-7.56914
-7.53421
-7.5183
-7.50366
-7.56851
-7.57278
-7.6277
-7.63407
-7.57015
-7.56198
-7.56727
-7.54599
-7.59219
-7.61439
-7.50384
-7.59572
-7.48672
-7.40174
-7.43717
-7.44934
-7.48134
-7.51765
-7.4913
-7.46831
-7.4998
-7.58132
-7.52862
-7.57681
-7.49834
-7.51257
-7.49578
-7.51804
-7.46935
-7.41188
-7.34067
-7.35841
-7.41253
-7.45604
-7.52558
-7.55298
-7.54062
-7.5162
-7.54728
-7.56548
-7.55488
-7.51935
-7.53863
-7.52171
-7.56198
-7.51957
-7.4918
-7.46705
-7.45598
-7.49262
-7.51034
-7.53619
-7.5895
-7.54312
-7.58394
-7.57467
-7.64449
-7.71077
-7.66435
-7.61146
-7.61397
-7.62831
-7.6244
-7.66124
-7.6142
-7.6508
-7.61852
-7.64449
-7.5213
-7.48093
-7.5598
-7.5622
-7.44312
-7.43875
-7.4424
-7.42562
-7.51616
-7.54361
-7.51574
-7.52579
-7.52305
-7.51039
-7.5734
-7.60735
-7.55551
-7.68083
-7.65115
-7.6528
-7.60013
-7.60993
-7.56311
-7.54669
-7.64698
-7.63453
-7.64691
-7.69629
-7.67049
-7.64123
-7.59211
-7.52594
-7.51398
-7.66805
-7.65178
-7.58971
-7.66912
-7.76336
-7.70772
-7.73832
-7.6556
-7.60428
-7.64081
-7.63375
-7.6274
-7.58708
-7.59832
-7.5573
-7.54393
-7.50954
-7.56446
-7.47647
-7.49619
-7.52411
-7.63074
-7.60338
-7.51116
-7.5474
-7.55938
-7.47555
-7.463
-7.47801
-7.45403
-7.41208
-7.44149
-7.37908
-7.33802
-7.47466
-7.50251
-7.44956
-7.45997
-7.47775
-7.53896
-7.60259
-7.62071
-7.6605
-7.57778
-7.58578
-7.57308
-7.54863
-7.58068
-7.50404
-7.45422
-7.52508
-7.55866
-7.53135
-7.62395
-7.62211
-7.54232
-7.55707
-7.54075
-7.5409
-7.52483
-7.5086
-7.56801
-7.55835
-7.53758
-7.57146
-7.57575
-7.5483
-7.52146
-7.44557
-7.46217
-7.52169
-7.45795
-7.4374
-7.43005
-7.47251
-7.52502
-7.46443
-7.49751
-7.52781
-7.48792
-7.44954
-7.39823
-7.35353
-7.37072
-7.45786
-7.48362
-7.41071
-7.42262
-7.42426
-7.37576
-7.48533
-7.44282
-7.52713
-7.43958
-7.5011
-7.54356
-7.55265
-7.57084
-7.56105
-7.45776
-7.47323
-7.52513
-7.52344
-7.46636
-7.4691
-7.57656
-7.54527
-7.51355
-7.52301
-7.59397
-7.53461
-7.48153
-7.48025
-7.43451
-7.48374
-7.48554
-7.47723
-7.57432
-7.5164
-7.5013
-7.57088
-7.68982
-7.66465
-7.67799
-7.68381
-7.69658
-7.64576
-7.62498
-7.60606
-7.56803
-7.58235
-7.56707
-7.54349
-7.57968
-7.60115
-7.61506
-7.54999
-7.54952
-7.54843
-7.56247
-7.68219
-7.72474
-7.70768
-7.79285
-7.79342
-7.77743
-7.70375
-7.78279
-7.86706
-7.79305
-7.82336
-7.80516
-7.71442
-7.7333
-7.69591
-7.62105
-7.51872
-7.50402
-7.49685
-7.59232
-7.60319
-7.69697
-7.68282
-7.64737
-7.62766
-7.59305
-7.57474
-7.57334
-7.51983
-7.54013
-7.54947
-7.53679
-7.50434
-7.51511
-7.4959
-7.49775
-7.51427
-7.52902
-7.52859
-7.47991
-7.45705
-7.52116
-7.55553
-7.57347
-7.64586
-7.66754
-7.60015
-7.63443
-7.68799
-7.58252
-7.56527
-7.50405
-7.57296
-7.53512
-7.51763
-7.53425
-7.52938
-7.44294
-7.37663
-7.44037
-7.48122
-7.5012
-7.51257
-7.4836
-7.55979
-7.58503
-7.582
-7.63052
-7.59295
-7.5083
-7.50103
-7.50918
-7.5094
-7.59495
-7.60386
-7.70221
-7.6593
-7.6417
-7.53769
-7.55077
-7.5216
-7.5762
-7.42966
-7.44521
-7.46257
-7.47538
-7.39789
-7.48966
-7.523
-7.52077
-7.54973
-7.49015
-7.44475
-7.35127
-7.33628
-7.36101
-7.31861
-7.46022
-7.50304
-7.53805
-7.66865
-7.689
-7.6961
-7.65788
-7.69243
-7.70231
-7.68362
-7.60976
-7.61499
-7.5367
-7.60159
-7.55763
-7.51155
-7.49616
-7.47417
-7.47781
-7.5534
-7.57583
-7.67064
-7.65095
-7.63384
-7.62963
-7.65907
-7.69253
-7.68184
-7.69429
-7.669
-7.66645
-7.6523
-7.6245
-7.67591
-7.64116
-7.64547
-7.59547
-7.59695
-7.53474
-7.51109
-7.45468
-7.53562
-7.51537
-7.57646
-7.5631
-7.57475
-7.57203
-7.469
-7.38649
-7.44818
-7.51247
-7.56952
-7.56267
-7.54757
-7.56529
-7.54422
-7.52459
-7.46934
-7.46904
-7.50599
-7.51384
-7.46693
-7.48399
-7.50832
-7.58729
-7.61126
-7.5865
-7.65176
-7.6238
-7.66855
-7.71853
-7.63407
-7.6659
-7.53744
-7.55075
-7.59513
-7.62448
-7.66419
-7.63987
-7.60094
-7.60254
-7.60866
-7.53847
-7.61805
-7.64745
-7.60791
-7.54298
-7.51871
-7.53331
-7.58279
-7.56562
-7.54839
-7.59683
-7.56506
-7.52487
-7.54406
-7.53154
-7.60149
-7.5148
-7.48075
-7.60267
-7.60495
-7.53883
-7.63998
-7.58008
-7.49723
-7.47094
-7.48359
-7.53438
-7.5578
-7.52873
-7.56339
-7.53608
-7.65258
-7.71001
-7.71735
-7.66675
-7.63182
-7.67304
-7.66955
-7.6759
-7.70492
-7.67345
-7.68576
-7.62662
-7.61101
-7.65616
-7.63784
-7.63633
-7.59908
-7.68402
-7.63056
-7.60109
-7.59454
-7.63679
-7.62836
-7.55881
-7.66154
-7.60701
-7.67725
-7.67709
-7.73475
-7.77746
-7.75683
-7.71539
-7.73536
-7.68452
-7.65858
-7.67511
-7.68511
-7.60426
-7.6564
-7.68236
-7.63752
-7.62333
-7.58635
-7.54249
-7.53869
-7.60071
-7.5719
-7.53329
-7.59796
-7.61839
-7.73208
-7.691
-7.72505
-7.64915
-7.58126
-7.58914
-7.64285
-7.61064
-7.61681
-7.61412
-7.64315
-7.60481
-7.55765
-7.52039
-7.48766
-7.47342
-7.4622
-7.37827
-7.387
-7.4709
-7.50302
-7.50726
-7.4566
-7.47319
-7.52922
-7.60201
-7.58337
-7.58393
-7.43814
-7.44751
-7.56029
-7.52529
-7.48805
-7.52315
-7.49521
-7.45069
-7.47637
-7.43002
-7.44132
-7.43353
-7.47988
-7.51099
-7.53699
-7.61426
-7.52318
-7.50566
-7.49659
-7.44879
-7.40634
-7.40952
-7.3992
-7.48851
-7.54729
-7.39249
-7.39942
-7.49289
-7.4206
-7.52014
-7.41473
-7.50105
-7.48977
-7.48017
-7.50622
-7.5019
-7.47071
-7.4625
-7.52623
-7.47482
-7.52807
-7.48355
-7.48907
-7.53418
-7.55392
-7.61849
-7.56945
-7.58487
-7.63916
-7.65934
-7.68064
-7.64457
-7.66663
-7.70793
-7.6976
-7.66492
-7.65369
-7.62153
-7.50912
-7.52692
-7.58168
-7.53184
-7.50044
-7.52177
-7.51253
-7.47402
-7.42266
-7.45941
-7.44211
-7.44816
-7.57653
-7.59079
-7.59648
-7.56549
-7.69189
-7.58527
-7.47472
-7.47334
-7.4714
-7.5191
-7.52203
-7.57058
-7.54373
-7.56194
-7.54678
-7.56066
-7.62489
-7.69944
-7.66174
-7.62744
-7.59491
-7.62064
-7.66114
-7.62866
-7.58125
-7.55353
-7.48063
-7.5401
-7.53338
-7.50203
-7.47488
-7.49505
-7.55759
-7.63669
-7.64508
-7.54186
-7.56904
-7.53132
-7.54392
-7.50619
-7.58597
-7.66237
-7.64547
-7.59237
-7.52705
-7.62109
-7.60726
-7.58441
-7.65366
-7.62747
-7.70233
-7.69399
-7.62725
-7.61064
-7.5778
-7.54122
-7.51313
-7.57128
-7.56416
-7.62285
-7.64828
-7.57837
-7.45176
-7.51617
-7.48945
-7.55488
-7.50251
-7.46523
-7.53487
-7.50565
-7.42998
-7.41294
-7.49875
-7.54607
-7.45977
-7.46726
-7.53503
-7.48032
-7.5849
-7.5579
-7.53101
-7.5301
-7.46743
-7.49725
-7.52068
-7.50447
-7.52547
-7.49894
-7.46004
-7.4454
-7.45905
-7.38268
-7.44303
-7.40077
-7.40331
-7.39083
-7.36909
-7.40633
-7.4701
-7.55792
-7.53718
-7.56255
-7.63295
-7.5266
-7.42736
-7.42091
-7.48838
-7.49165
-7.54645
-7.58575
-7.57429
-7.58618
-7.55559
-7.56819
-7.52833
-7.5124
-7.51519
-7.57743
-7.51827
-7.56408
-7.56839
-7.52023
-7.47847
-7.52155
-7.58906
-7.61971
-7.63868
-7.65492
-7.63231
-7.62912
-7.60863
-7.67664
-7.61168
-7.59118
-7.5637
-7.5638
-7.65398
-7.55881
-7.65584
-7.53587
-7.50083
-7.52154
-7.45887
-7.49475
-7.55653
-7.62408
-7.57675
-7.48066
-7.48427
-7.54187
-7.48843
-7.55216
-7.63119
-7.63648
-7.69327
-7.63879
-7.5724
-7.55763
-7.53506
-7.54159
-7.59322
-7.58986
-7.65359
-7.64996
-7.65949
-7.6385
-7.61118
-7.68867
-7.68452
-7.62474
-7.57601
-7.54706
-7.47151
-7.46844
-7.46279
-7.42555
-7.47665
-7.50596
-7.46538
-7.47934
-7.47404
-7.55071
-7.55858
-7.45833
-7.49587
-7.56677
-7.57191
-7.46242
-7.55632
-7.60006
-7.55859
-7.61238
-7.65304
-7.67609
-7.56976
-7.63653
-7.62635
-7.67238
-7.57855
-7.60283
-7.58765
-7.55359
-7.59111
-7.65607
-7.72709
-7.69662
-7.69405
-7.61512
-7.65491
-7.64292
-7.65877
-7.61251
-7.6565
-7.66093
-7.63101
-7.66299
-7.61149
-7.61579
-7.51802
-7.52658
-7.59983
-7.65235
-7.59261
-7.57555
-7.46655
-7.46164
-7.44202
-7.49519
-7.5232
-7.50087
-7.56463
-7.62798
-7.60878
-7.6423
-7.65592
-7.61599
-7.58477
-7.63954
-7.64758
-7.73991
-7.69828
-7.70759
-7.68812
-7.65413
-7.59448
-7.52765
-7.55698
-7.50955
-7.50334
-7.52369
-7.56287
-7.55453
-7.45511
-7.48346
-7.58935
-7.58335
-7.54082
-7.55113
-7.5999
-7.51206
-7.50105
-7.57473
-7.61114
-7.55583
-7.52874
-7.53438
-7.54636
-7.55703
-7.52773
-7.58889
-7.61081
-7.58707
-7.54463
-7.50253
-7.4945
-7.50649
-7.4672
-7.5623
-7.59522
-7.55832
-7.58615
-7.5641
-7.57735
-7.63889
-7.60993
-7.58154
-7.55833
-7.43169
-7.41566
-7.4857
-7.50396
-7.58454
-7.55339
-7.59359
-7.6021
-7.6292
-7.62922
-7.61104
-7.54735
-7.53527
-7.50588
-7.60057
-7.59215
-7.71894
-7.69413
-7.70646
-7.75446
-7.77808
-7.65101
-7.62255
-7.62398
-7.54721
-7.52719
-7.51388
-7.49461
-7.50626
-7.53672
-7.54018
-7.53168
-7.55396
-7.60705
-7.62352
-7.52046
-7.56997
-7.46745
-7.46979
-7.45577
-7.56407
-7.53752
-7.57508
-7.56222
-7.57506
-7.57223
-7.52373
-7.59108
-7.51778
-7.60212
-7.57159
-7.56732
-7.54024
-7.67617
-7.67884
-7.66208
-7.66005
-7.66742
-7.57956
-7.62173
-7.57509
-7.67036
-7.64544
-7.70453
-7.59356
-7.69923
-7.65549
-7.6678
-7.64566
-7.67366
-7.64764
-7.69308
-7.70666
-7.65857
-7.61927
-7.57551
-7.63917
-7.65852
-7.68053
-7.68429
-7.62141
-7.6798
-7.60874
-7.63511
-7.59752
-7.61761
-7.63186
-7.6782
-7.70988
-7.70828
-7.66431
-7.72613
-7.77338
-7.72246
-7.70005
-7.72528
-7.67419
-7.71188
-7.65618
-7.68525
-7.66695
-7.65916
-7.69984
-7.68658
-7.6395
-7.61018
-7.57741
-7.6818
-7.58507
-7.5491
-7.53694
-7.45761
-7.47329
-7.50884
-7.50947
-7.53311
-7.54706
-7.47234
-7.48954
-7.50051
-7.57025
-7.54112
-7.45294
-7.50191
-7.52257
-7.63102
-7.55677
-7.60485
-7.58863
-7.53663
-7.56045
-7.49383
-7.54685
-7.53033
-7.42791
-7.38427
-7.40604
-7.40914
-7.42296
-7.49358
-7.47743
-7.43775
-7.41001
-7.46766
-7.37867
-7.33196
-7.3895
-7.50174
-7.46313
-7.46429
-7.48474
-7.49416
-7.49507
-7.44777
-7.42294
-7.32694
-7.34485
-7.38263
-7.44782
-7.4913
-7.39917
-7.37204
-7.42598
-7.4324
-7.40054
-7.44688
-7.51494
-7.46211
-7.41737
-7.45255
-7.42314
-7.36553
-7.39457
-7.35152
-7.37904
-7.43577
-7.44451
-7.48044
-7.50028
-7.60706
-7.55907
-7.55051
-7.56834
-7.55835
-7.6168
-7.48983
-7.4496
-7.5149
-7.44951
-7.44192
-7.48506
-7.5227
-7.61087
-7.58263
-7.59197
-7.62164
-7.62674
-7.58679
-7.55546
-7.5536
-7.59138
-7.53081
-7.58317
-7.47401
-7.53581
-7.63799
-7.55231
-7.56438
-7.58728
-7.54235
-7.61151
-7.58024
-7.48669
-7.545
-7.54885
-7.5535
-7.67571
-7.54704
-7.50714
-7.53883
-7.55069
-7.51678
-7.53428
-7.58888
-7.48813
-7.42247
-7.45693
-7.45723
-7.45405
-7.52495
-7.52877
-7.47668
-7.54225
-7.51685
-7.4785
-7.49372
-7.46099
-7.53903
-7.62108
-7.57901
-7.55862
-7.56717
-7.59873
-7.59932
-7.56995
-7.6086
-7.51496
-7.50578
-7.55346
-7.55305
-7.55975
-7.58961
-7.60944
-7.51261
-7.60258
-7.71776
-7.71698
-7.6793
-7.67294
-7.62545
-7.59934
-7.62949
-7.57289
-7.56272
-7.6144
-7.55211
-7.53587
-7.50731
-7.52526
-7.52049
-7.59331
-7.5383
-7.67616
-7.66872
-7.62478
-7.58568
-7.53406
-7.47238
-7.49615
-7.46829
-7.50895
-7.44418
-7.43545
-7.42644
-7.45899
-7.52248
-7.48907
-7.55612
-7.519
-7.53015
-7.52518
-7.52265
-7.46159
-7.50322
-7.45641
-7.52627
-7.44783
-7.45255
-7.46187
-7.44309
-7.41826
-7.46561
-7.549
-7.55726
-7.58183
-7.60729
-7.62859
-7.59494
-7.6085
-7.61757
-7.6161
-7.57263
-7.52133
-7.5488
-7.54371
-7.5682
-7.62621
-7.60202
-7.60688
-7.59156
-7.58877
-7.51742
-7.50215
-7.4927
-7.504
-7.5518
-7.57726
-7.60301
-7.70118
-7.68442
-7.65626
-7.5867
-7.62638
-7.63477
-7.66917
-7.63087
-7.65312
-7.61874
-7.59615
-7.53495
-7.54773
-7.45092
-7.50353
-7.50247
-7.52238
-7.50563
-7.52173
-7.56817
-7.59539
-7.60345
-7.62062
-7.52098
-7.57794
-7.67126
-7.62292
-7.69092
-7.67886
-7.67632
-7.61365
-7.68696
-7.58747
-7.60649
-7.63613
-7.64405
-7.61567
-7.58599
-7.47268
-7.45319
-7.43679
-7.44479
-7.46997
-7.49937
-7.44766
-7.43454
-7.49113
-7.47793
-7.56364
-7.52239
-7.48966
-7.47445
-7.40263
-7.39254
-7.37524
-7.37065
-7.35947
-7.31419
-7.30038
-7.27163
-7.26823
-7.31081
-7.30675
-7.38644
-7.3463
-7.3804
-7.45123
-7.41935
-7.40868
-7.37848
-7.35673
-7.29495
-7.35981
-7.41187
-7.41799
-7.40831
-7.44516
-7.40668
-7.39519
-7.41175
-7.50683
-7.49762
-7.48358
-7.45733
-7.55917
-7.49723
-7.49216
-7.54298
-7.55543
-7.52145
-7.53538
-7.51396
-7.48969
-7.53027
-7.46943
-7.55757
-7.58892
-7.72596
-7.74247
-7.71775
-7.62513
-7.65902
-7.64458
-7.58539
-7.6604
-7.68186
-7.66433
-7.61846
-7.60314
-7.62725
-7.56728
-7.54632
-7.65351
-7.64017
-7.70196
-7.71095
-7.64057
-7.66105
-7.75427
-7.72641
-7.70958
-7.70619
-7.6118
-7.58865
-7.51517
-7.50371
-7.53569
-7.5794
-7.6247
-7.57945
-7.55408
-7.48839
-7.52879
-7.57997
-7.54355
-7.44387
-7.42252
-7.4393
-7.371
-7.39822
-7.40526
-7.44277
-7.40073
-7.35495
-7.39877
-7.4173
-7.46549
-7.56995
-7.55945
-7.59244
-7.5655
-7.57858
-7.53584
-7.5327
-7.46348
-7.46083
-7.52409
-7.49416
-7.5106
-7.40134
-7.38812
-7.39464
-7.53191
-7.55587
-7.54538
-7.50921
-7.45532
-7.40913
-7.49904
-7.50823
-7.53114
-7.56581
-7.51057
-7.49317
-7.5297
-7.44123
-7.42332
-7.40124
-7.48299
-7.59495
-7.55069
-7.47494
-7.49301
-7.51228
-7.473
-7.49154
-7.51519
-7.46593
-7.55789
-7.59463
-7.62233
-7.63153
-7.6679
-7.73974
-7.66403
-7.64871
-7.63177
-7.59512
-7.51376
-7.53742
-7.47891
-7.48202
-7.50675
-7.56635
-7.55311
-7.5658
-7.48865
-7.44871
-7.40809
-7.41976
-7.3977
-7.47334
-7.53319
-7.52859
-7.48352
-7.44834
-7.39733
-7.35911
-7.43149
-7.49309
-7.47067
-7.47404
-7.53521
-7.58417
-7.61482
-7.63638
-7.54018
-7.56821
-7.56038
-7.57366
-7.56943
-7.59353
-7.64635
-7.65313
-7.673
-7.55849
-7.56115
-7.66255
-7.56143
-7.72966
-7.67074
-7.58973
-7.52919
-7.55415
-7.60593
-7.54683
-7.52645
-7.58224
-7.59574
-7.63306
-7.5763
-7.60018
-7.48934
-7.51936
-7.42524
-7.46441
-7.46291
-7.44912
-7.51948
-7.56982
-7.50336
-7.46205
-7.46464
-7.48795
-7.53561
-7.55668
-7.50547
-7.50811
-7.48602
-7.51284
-7.48461
-7.47564
-7.40452
-7.44118
-7.50922
-7.58113
-7.5592
-7.53006
-7.53757
-7.62662
-7.62729
-7.59112
-7.48557
-7.48402
-7.48259
-7.50894
-7.43093
-7.50674
-7.45768
-7.47474
-7.58255
-7.52756
-7.46759
-7.49756
-7.49215
-7.49692
-7.51385
-7.45826
-7.55871
-7.57182
-7.5863
-7.62714
-7.56426
-7.55555
-7.48132
-7.49753
-7.56066
-7.66864
-7.61992
-7.57942
-7.52438
-7.49826
-7.54112
-7.51552
-7.55052
-7.47269
-7.45484
-7.49731
-7.57223
-7.4817
-7.51835
-7.5276
-7.42761
-7.44264
-7.48746
-7.53569
-7.52555
-7.5111
-7.44503
-7.56781
-7.58475
-7.59907
-7.63917
-7.63383
-7.66795
-7.63273
-7.60274
-7.56042
-7.60853
-7.66039
-7.58499
-7.4909
-7.48819
-7.5233
-7.6307
-7.54664
-7.59655
-7.58488
-7.67492
-7.64348
-7.712
-7.67079
-7.6231
-7.5572
-7.62791
-7.70407
-7.61987
-7.61967
-7.61237
-7.55718
-7.6121
-7.58294
-7.59389
-7.63319
-7.6487
-7.57608
-7.56186
-7.55062
-7.60473
-7.61385
-7.63106
-7.62818
-7.57162
-7.59208
-7.60235
-7.53702
-7.61139
-7.69069
-7.65854
-7.65605
-7.6938
-7.5909
-7.68202
-7.77044
-7.74114
-7.69045
-7.72553
-7.74021
-7.71853
-7.70972
-7.57635
-7.5752
-7.58128
-7.63658
-7.59073
-7.61959
-7.62806
-7.64671
-7.57638
-7.60506
-7.65827
-7.66151
-7.58932
-7.57567
-7.58682
-7.53908
-7.56256
-7.55415
-7.55441
-7.54692
-7.53052
-7.5453
-7.55964
-7.44202
-7.40281
-7.4737
-7.35931
-7.42202
-7.43059
-7.49535
-7.57669
-7.57707
-7.51218
-7.55301
-7.54392
-7.60127
-7.59789
-7.54082
-7.52643
-7.518
-7.54077
-7.49753
-7.45813
-7.42653
-7.42105
-7.39786
-7.4457
-7.49945
-7.5211
-7.53388
-7.48403
-7.5256
-7.49761
-7.4676
-7.49037
-7.52455
-7.58023
-7.60088
-7.59337
-7.57482
-7.49311
-7.49396
-7.48483
-7.55465
-7.59883
-7.65999
-7.62121
-7.57947
-7.59969
-7.57254
-7.65087
-7.63258
-7.62823
-7.58647
-7.63007
-7.59254
-7.53546
-7.56833
-7.5734
-7.53395
-7.44813
-7.3748
-7.47286
-7.47778
-7.48432
-7.4872
-7.54051
-7.53513
-7.53542
-7.53443
-7.53668
-7.56524
-7.50679
-7.4336
-7.4907
-7.56337
-7.47957
-7.52968
-7.45166
-7.42351
-7.41375
-7.4112
-7.43382
-7.38946
-7.37118
-7.36117
-7.33838
-7.33364
-7.39698
-7.46815
-7.45418
-7.43122
-7.46789
-7.46442
-7.42386
-7.44201
-7.46017
-7.43148
-7.4449
-7.49653
-7.51971
-7.60095
-7.64353
-7.57614
-7.59442
-7.5766
-7.55876
-7.56502
-7.49265
-7.47376
-7.40153
-7.40828
-7.42386
-7.43151
-7.46305
-7.48222
-7.51499
-7.45048
-7.4543
-7.53582
-7.5609
-7.59087
-7.59573
-7.48495
-7.53592
-7.49589
-7.41635
-7.44552
-7.41089
-7.48268
-7.47319
-7.53075
-7.60355
-7.60118
-7.58276
-7.52625
-7.54633
-7.47055
-7.60634
-7.65919
-7.69148
-7.63774
-7.62325
-7.67027
-7.6193
-7.65039
-7.62606
-7.45087
-7.49162
-7.53875
-7.61501
-7.64475
-7.64353
-7.59794
-7.58059
-7.66298
-7.6919
-7.70896
-7.70509
-7.63437
-7.63142
-7.59243
-7.55202
-7.6033
-7.58041
-7.54641
-7.54169
-7.50475
-7.47957
-7.4853
-7.46561
-7.4336
-7.43151
-7.49086
-7.58628
-7.6147
-7.64064
-7.66369
-7.68939
-7.68763
-7.68044
-7.6371
-7.64421
-7.66348
-7.61708
-7.65184
-7.71902
-7.66014
-7.63943
-7.6475
-7.62461
-7.66143
-7.61831
-7.56712
-7.55225
-7.60139
-7.65039
-7.61641
-7.63764
-7.61729
-7.58597
-7.60224
-7.59673
-7.62177
-7.58506
-7.55213
-7.56997
-7.49251
-7.45555
-7.41724
-7.38195
-7.32656
-7.41944
-7.39736
-7.38301
-7.35303
-7.46403
-7.43316
-7.40422
-7.42516
-7.33328
-7.3381
-7.31162
-7.31777
-7.32552
-7.42578
-7.3054
-7.42024
-7.4373
-7.50297
-7.44146
-7.50163
-7.41737
-7.39341
-7.43036
-7.39458
-7.52506
-7.41864
-7.46574
-7.51867
-7.47079
-7.49366
-7.42987
-7.54842
-7.4855
-7.53788
-7.57494
-7.58975
-7.58457
-7.59503
-7.52743
-7.49584
-7.53889
-7.55258
-7.54826
-7.598
-7.57419
-7.58448
-7.57666
-7.56614
-7.57745
-7.63149
-7.58464
-7.6318
-7.70226
-7.65325
-7.58353
-7.51343
-7.5602
-7.47937
-7.5246
-7.50475
-7.57946
-7.56874
-7.51868
-7.57039
-7.48754
-7.48076
-7.48329
-7.41445
-7.48054
-7.51741
-7.4502
-7.46218
-7.53753
-7.50004
-7.55164
-7.59968
-7.55821
-7.54166
-7.54904
-7.64585
-7.68902
-7.75391
-7.73477
-7.66016
-7.71879
-7.76817
-7.79732
-7.75764
-7.69388
-7.6865
-7.64299
-7.6494
-7.66454
-7.66686
-7.60248
-7.53707
-7.50885
-7.4665
-7.504
-7.5448
-7.61941
-7.59864
-7.59276
-7.49533
-7.42276
-7.39833
-7.38853
-7.45182
-7.42675
-7.51671
-7.46149
-7.55588
-7.56341
-7.62258
-7.5831
-7.57117
-7.49892
-7.51014
-7.49707
-7.52518
-7.60415
-7.63575
-7.64839
-7.60675
-7.64606
-7.59293
-7.5545
-7.53595
