0.6273049287894072 0.9835219282575755
0.23943565577548082 0.9267390567066087
0.364657797986881 0.0186659285337884
0.5086028275041223 0.9999259858808445
0.004079478266845293 0.43625961936169794
0.3712140215918334 0.016870439979655927
0.5885001271453393 0.9921054028307947
0.10074409804679008 0.19901042417464215
0.4912352037185213 0.9999231724436708
0.0946450970226076 0.2072758933190012
0.8752559620348577 0.8304284536133253
0.9646079777376739 0.3152314230652054
0.2986719117510287 0.9576756503049014
0.9498818316941624 0.28181123422250776
0.8147765571463208 0.11152127590933752
0.15049660969738965 0.14244247991829173
0.013521991272607503 0.6154952251161538
0.6798721425403382 0.9665254680485817
0.6534941761122854 0.024143364131999634
0.6605351825909551 0.9735276709448865
0.7699078705246823 0.9208916029440731
0.05886196128430815 0.26463383676052166
0.874826562463763 0.16908453032292547
0.2790563463771596 0.9485352850376326
0.5003273109301156 1.0713245646165603e-07
0.4845976538668172 0.9997627114277271
0.0005894454586614084 0.5242713413867603
0.012586017074473044 0.611479187513518
0.01482800306138371 0.3791358887568551
0.004339938486581707 0.43426489963106185
