9
0.6369616873214543 0.2697867137638703
0.016527635528529094 0.8132702392002724
0.6066357757671799 0.7294965609839984
0.9350724237877682 0.8158535541215322
0.8574042765875693 0.033585575305464355
0.17565562060255901 0.8631789223498866
0.2997118905373848 0.42268722119765845
0.12428327649956394 0.6706244146936303
0.6153851114812539 0.38367755426188344
0.9808353387762301 0.6855419844806947
0.6884467305709401 0.3889214239791038
0.7214883401940817 0.5253543224757259
0.4858353588317891 0.8894878343490003
0.35779519670907023 0.5715298307297609
0.5943000301996968 0.33791122550713326
0.8902743520047923 0.22715759353337972
0.08401534358238483 0.8326441476533978
0.23936944299295215 0.8764842308107038
0.3361170605456604 0.15027946689483906
0.7963242702872942 0.23064220899374743
0.4045518398215282 0.19851304450925533
0.5803323859868507 0.2986961328189226
0.1995154439682133 0.9421131105064978
0.10549527957022953 0.6291081515397092
0.440377154715784 0.9545904936907372
0.42522862484907553 0.6202134520153778
0.9489436749377653 0.4600451393090961
0.49742269548761897 0.5293121601967704
0.4146558493556708 0.7344835717887294
0.9320596866133782 0.1149326332809052
