12.4889
12.4889
12.4889
11.819
11.819
11.8183
11.0084
11.0084
11.0084
11.0084
10.9604
10.7221
10.3416
9.88129
9.88129
9.25803
9.25803
9.25803
9.25803
9.02352
9.02352
9.00097
9.00097
8.65361
8.65361
8.65361
8.65361
8.65361
8.65361
8.65361
8.65361
8.65361
8.65361
8.65361
8.29914
8.26286
8.26286
8.26286
8.26286
8.26286
8.26286
8.26286
8.26286
8.26286
8.26286
7.93657
7.88132
7.88132
7.88132
7.88132
7.88132
7.88132
7.88132
7.88132
7.88132
7.70611
7.49806
7.49806
7.49806
7.49806
7.49806
7.49806
7.49806
7.49806
7.49806
7.44827
7.28125
7.28125
7.28125
7.28125
7.28125
7.25341
7.25341
7.25341
7.25341
7.25341
7.25341
7.25341
7.25341
7.25341
7.25341
7.25341
7.14433
7.14433
7.0807
7.0807
7.0807
7.0807
7.0807
7.0807
7.0807
7.0807
7.0807
7.0807
7.0807
7.0807
7.0807
7.0807
7.0385
7.0385
7.0385
7.0385
7.0385
7.0385
7.0385
7.0385
7.0385
7.0385
7.0385
7.0385
7.0385
7.0385
7.0385
7.0385
7.0385
7.0385
7.0385
7.0385
7.0385
7.00556
7.00556
7.00556
7.00556
7.00556
6.92084
6.92084
6.77401
6.77401
6.6555
6.6555
6.6555
6.6555
6.6555
6.46178
6.46178
6.46178
6.46178
6.46178
6.46178
6.46178
6.46178
6.46178
6.46178
6.46178
6.46178
6.46178
6.46178
6.46178
6.46178
6.46113
6.46113
6.46113
6.12863
6.12863
6.12863
6.12863
6.12863
6.12863
6.12863
6.12863
5.93552
5.93552
5.93552
5.93552
5.93552
5.93552
5.93552
5.93552
5.93552
5.93552
5.80044
5.80044
5.80044
5.80044
5.80044
5.80044
5.80044
5.74987
5.74987
5.74987
5.74987
5.74987
5.74987
5.74987
5.74987
5.74987
5.74987
5.74987
5.74987
5.74987
5.74987
5.74987
5.74987
5.74987
5.74987
5.74987
5.74987
5.74987
5.74987
5.74987
5.74987
5.74987
5.74987
5.74987
5.74987
5.74987
5.74987
5.74987
5.74987
5.74987
5.74987
5.74987
5.74987
5.74987
5.74987
5.74987
5.73962
5.73962
5.73962
5.68138
5.68138
5.68138
5.68138
5.68138
5.68138
5.68138
5.68138
5.68138
5.68138
5.68138
5.68138
5.58233
5.58233
5.58233
5.58233
5.58233
5.58233
5.58233
5.58233
5.58233
5.58233
5.58233
5.58233
5.58233
5.58233
5.58233
5.58233
5.58233
5.58233
5.58233
5.58233
5.58233
5.58233
5.58233
5.58233
5.55982
5.55982
5.55982
5.55982
5.55982
5.55982
5.55982
5.55982
5.55982
5.55982
5.55982
5.55982
5.55982
5.55982
5.55982
5.55982
5.55982
5.55982
5.55982
5.55982
5.55982
5.55982
5.55982
5.55982
5.55982
5.55982
5.55982
5.55982
5.55982
5.44721
5.44721
5.44721
5.44721
5.44721
5.44721
5.44721
5.44721
5.44721
5.44721
5.44721
5.44721
5.44721
5.44721
5.44721
5.44721
5.44721
5.44721
5.44721
5.44721
5.44721
5.44721
5.21592
4.94826
4.94826
4.94826
4.94826
4.94826
4.94826
4.94826
4.94826
4.94826
4.94826
4.94826
4.94826
4.94826
4.94826
4.94826
4.94826
4.94826
4.87566
4.87566
4.87566
4.87566
4.87566
4.87566
4.87566
4.87566
4.87566
4.87566
4.87566
4.87566
4.87566
4.87566
4.87566
4.87566
4.87566
4.87566
4.87566
4.87566
4.87566
4.87566
4.87566
4.87566
4.87566
4.87566
4.87566
4.87566
4.87566
4.87566
4.87566
4.87566
4.87566
4.87566
4.87566
4.87566
4.87566
4.87566
4.87566
4.87566
4.87566
4.87566
4.77318
4.77318
4.77318
4.77318
4.77318
4.77318
4.77318
4.77318
4.77318
4.77318
4.77318
4.77318
4.77318
4.77318
4.77318
4.77318
4.77318
4.77318
4.77318
4.77318
4.77318
4.77318
4.77318
4.77318
4.77318
4.77318
4.77318
4.77318
4.77318
4.77318
4.77318
4.77318
4.77318
4.77318
4.77318
4.77318
4.77318
4.77318
4.77318
4.77318
4.77318
4.77318
4.77318
4.77318
4.77318
4.77318
4.77318
4.77318
4.77318
4.77318
4.77318
4.77318
4.77318
4.77318
4.77318
4.77318
4.77318
4.77318
4.77318
4.70264
4.70264
4.70264
4.70264
4.70264
4.70264
4.70264
4.70264
4.70264
4.70264
4.70264
4.70264
4.70264
4.70264
4.70264
4.70264
4.70264
4.70264
4.70264
4.70264
4.70264
4.70264
4.70264
4.70264
4.70264
4.70264
4.70264
4.70264
4.70264
4.70264
4.70264
4.70264
4.70264
4.70264
4.70264
4.70264
4.70264
4.70264
4.70264
4.70264
4.70264
4.70264
4.70264
4.70264
4.70264
4.70264
4.70264
4.70264
4.70264
4.70264
4.70264
4.70264
4.70264
4.70264
4.70264
4.70264
4.70264
4.70264
4.70264
4.70264
4.70264
4.70264
4.70264
4.70264
4.70264
4.70264
4.70264
4.70264
4.70264
4.70264
4.70264
4.70264
4.70264
4.70264
4.70264
4.70264
4.70264
4.70264
4.70264
4.70264
4.70264
4.70264
4.70264
4.70264
4.70264
4.70264
4.70264
4.70264
4.70264
4.70264
4.70264
4.70264
4.70264
4.70264
4.70264
4.70264
4.70264
4.70264
4.70264
4.70264
4.70264
4.70264
4.70264
4.70264
4.70264
4.70264
4.70264
4.70264
4.70264
4.70264
4.70264
4.70264
4.70264
4.70264
4.70264
4.70264
4.70264
4.70264
4.70264
4.70264
4.70264
4.70264
4.70264
4.70264
4.70264
4.70264
4.70264
4.70264
4.70264
4.70264
4.70264
4.70264
4.70264
4.70264
4.70264
4.70264
4.70264
4.70264
4.70264
4.70264
4.70264
4.70264
4.70264
4.70264
4.70264
4.70264
4.70264
4.70264
4.6956
4.6956
4.6956
4.6956
4.6956
4.6956
4.6956
4.6956
4.6956
4.6956
4.6956
4.6956
4.6956
4.6956
4.6956
4.6956
4.6956
4.6956
4.6956
4.6956
4.6956
4.6956
4.6956
4.6956
4.6956
4.6956
4.6956
4.6956
