0 14.4506 0
1 14.1352 0.315492
2 13.9677 0.247405
3 13.6219 0.387554
4 13.3829 0.38371
5 13.2189 0.353616
6 13.0785 0.330222
7 12.91 0.331917
8 12.7034 0.358275
9 12.5369 0.361157
10 12.3462 0.378234
11 12.0859 0.432423
12 11.8655 0.454729
13 11.6767 0.461426
14 11.513 0.459696
15 11.3686 0.453604
16 11.2093 0.454892
17 11.0391 0.461397
18 10.8652 0.46983
19 10.6967 0.476489
20 10.5435 0.478421
21 10.3726 0.48712
22 10.1917 0.499365
23 10.0227 0.507108
24 9.86695 0.510732
25 9.72314 0.511334
26 9.58999 0.50973
27 9.46635 0.50651
28 9.35123 0.502107
29 9.24379 0.496837
30 9.14321 0.490955
31 9.04877 0.484656
32 8.95492 0.479024
33 8.86658 0.473042
34 8.7833 0.466818
35 8.70453 0.460452
36 8.63003 0.45399
37 8.55945 0.447483
38 8.49248 0.440972
39 8.42887 0.434488
40 8.36836 0.428057
41 8.31073 0.421698
42 8.25578 0.415424
43 8.20332 0.409248
44 8.1532 0.403178
45 8.10526 0.39722
46 8.05936 0.391377
47 8.01537 0.385654
48 7.97318 0.380051
49 7.93267 0.374569
50 7.89375 0.369208
51 7.85633 0.363967
52 7.82032 0.358845
53 7.78565 0.35384
54 7.75223 0.34895
55 7.71987 0.344188
56 7.67924 0.340528
57 7.64002 0.336896
58 7.60212 0.333298
59 7.56536 0.329751
60 7.52977 0.326248
61 7.49243 0.323107
62 7.45617 0.319998
63 7.42103 0.316912
64 7.38698 0.313852
65 7.35395 0.310819
66 7.32192 0.307817
67 7.29082 0.304846
68 7.2606 0.301912
69 7.22931 0.299209
70 7.19888 0.29653
71 7.16815 0.293993
72 7.13825 0.291475
73 7.10912 0.288981
74 7.07935 0.286652
75 7.05036 0.284337
76 7.0221 0.28204
77 6.99268 0.279951
78 6.96382 0.277886
79 6.93569 0.275829
80 6.90825 0.273781
81 6.88148 0.271744
82 6.85522 0.269731
83 6.8208 0.268713
84 6.7862 0.267779
85 6.7509 0.26699
86 6.7164 0.266149
87 6.68268 0.265259
88 6.64972 0.264325
89 6.61749 0.263351
90 6.58592 0.262348
91 6.55299 0.261561
92 6.52078 0.260731
93 6.48925 0.259862
94 6.45839 0.258958
95 6.42817 0.258022
96 6.39857 0.257058
97 6.36957 0.256068
98 6.34117 0.255055
99 6.31333 0.254022
100 6.28604 0.252971
101 6.25928 0.251903
102 6.23305 0.250821
103 6.20732 0.249727
104 6.18208 0.248621
105 6.15731 0.247507
106 6.13289 0.246397
107 6.10892 0.245279
108 6.08539 0.244155
109 6.06228 0.243025
110 6.03959 0.241892
111 6.01731 0.240756
112 5.99542 0.239618
113 5.97392 0.238478
114 5.95279 0.237338
115 5.93203 0.236197
116 5.91162 0.235058
117 5.89155 0.233919
118 5.87182 0.232783
119 5.85242 0.231648
120 5.83335 0.230517
121 5.81456 0.22939
122 5.79491 0.228365
123 5.77534 0.227359
124 5.75609 0.226353
125 5.73714 0.225347
126 5.7185 0.224342
127 5.70007 0.223344
128 5.68163 0.222372
129 5.66347 0.2214
130 5.64559 0.22043
131 5.62798 0.219462
132 5.61063 0.218495
133 5.59354 0.217531
134 5.57671 0.216569
135 5.56012 0.215609
136 5.54378 0.214653
137 5.52767 0.2137
138 5.51179 0.21275
139 5.49614 0.211804
140 5.48071 0.210861
141 5.4655 0.209923
142 5.45051 0.208989
143 5.43572 0.208059
144 5.42113 0.207133
145 5.4066 0.206222
146 5.39228 0.205315
147 5.37814 0.204412
148 5.3642 0.203514
149 5.35044 0.20262
