0 12.2339 0
1 11.9317 0.302239
2 11.6849 0.302252
3 11.3969 0.358649
4 11.0576 0.438518
5 10.7904 0.446759
6 10.5585 0.443103
7 10.3745 0.425553
8 10.2105 0.409577
9 10.0792 0.389148
10 9.96874 0.368933
11 9.85125 0.356693
12 9.73614 0.347714
13 9.61993 0.342256
14 9.5158 0.335206
15 9.41263 0.330095
16 9.31028 0.326524
17 9.20412 0.32564
18 9.0933 0.327354
19 8.98404 0.329216
20 8.8751 0.331553
21 8.76196 0.33576
22 8.65508 0.338166
23 8.55495 0.338897
24 8.46069 0.33845
25 8.37149 0.337185
26 8.28119 0.336787
27 8.19735 0.335193
28 8.11928 0.332716
29 8.04642 0.329588
30 7.97826 0.325985
31 7.91409 0.322091
32 7.84859 0.318976
33 7.78694 0.315533
34 7.72881 0.31185
35 7.67392 0.307995
36 7.62196 0.304029
37 7.57032 0.300392
38 7.52133 0.296661
39 7.47478 0.292871
40 7.43051 0.289049
41 7.38823 0.285235
42 7.34355 0.282083
43 7.3009 0.278878
44 7.26015 0.275639
45 7.22117 0.272384
46 7.18385 0.269126
47 7.14804 0.265881
48 7.1123 0.262841
49 7.07796 0.25981
50 7.04376 0.25695
51 7.00834 0.254438
52 6.97426 0.251907
53 6.94144 0.249368
54 6.90981 0.246827
55 6.87931 0.24429
56 6.84987 0.241765
57 6.82097 0.239311
58 6.79306 0.236871
59 6.76607 0.234448
60 6.73997 0.232045
61 6.71471 0.229665
62 6.69025 0.22731
63 6.66656 0.224981
64 6.64356 0.222684
65 6.61949 0.220601
66 6.59551 0.218603
67 6.57223 0.216619
68 6.54963 0.21465
69 6.52767 0.212698
70 6.50633 0.210764
71 6.48558 0.208849
72 6.4654 0.206954
73 6.44577 0.20508
74 6.42664 0.20323
75 6.40663 0.201533
76 6.38709 0.199856
77 6.36805 0.198194
78 6.34949 0.196547
79 6.3314 0.194916
80 6.31375 0.193302
81 6.29654 0.191705
82 6.27974 0.190125
83 6.26333 0.188563
84 6.24732 0.187018
85 6.23167 0.185491
86 6.21639 0.183983
87 6.20141 0.182496
88 6.18516 0.181164
89 6.16924 0.179846
90 6.15366 0.17854
91 6.13842 0.177245
92 6.12351 0.175961
93 6.10892 0.17469
94 6.09463 0.173431
95 6.08064 0.172184
96 6.06694 0.170949
97 6.05352 0.169728
98 6.04037 0.168518
99 6.02748 0.167322
100 6.01484 0.166138
101 6.00199 0.165003
102 5.98928 0.163886
103 5.97682 0.162781
104 5.96459 0.161686
105 5.9526 0.160602
106 5.94083 0.159529
107 5.92927 0.158466
108 5.91793 0.157415
109 5.90653 0.156394
110 5.89531 0.155384
111 5.88429 0.154384
112 5.87346 0.153394
113 5.86283 0.152414
114 5.85238 0.151444
115 5.84211 0.150483
116 5.83202 0.149532
117 5.8221 0.148591
118 5.81234 0.14766
119 5.80275 0.146738
120 5.79332 0.145826
121 5.78404 0.144923
122 5.77491 0.14403
123 5.76593 0.143145
124 5.75709 0.14227
125 5.74839 0.141404
126 5.73983 0.140548
127 5.7314 0.1397
128 5.72311 0.13886
129 5.71494 0.13803
130 5.7069 0.137208
131 5.69897 0.136395
132 5.69117 0.13559
133 5.68349 0.134794
134 5.67591 0.134006
135 5.66845 0.133226
136 5.6611 0.132454
137 5.65386 0.13169
138 5.64671 0.130934
139 5.63967 0.130186
140 5.63274 0.129446
141 5.62589 0.128713
142 5.61915 0.127988
143 5.6125 0.12727
144 5.60593 0.126559
145 5.59946 0.125856
146 5.59308 0.125159
147 5.58678 0.12447
148 5.58057 0.123788
149 5.57444 0.123113
