              1        0.26053        0.26053              0
              2       0.257113       0.258821      0.0012082
              3       0.256648       0.258097    0.000999291
              4       0.255378       0.257417    0.000953027
              5       0.259793       0.257892    0.000872842
              6       0.249415       0.256479      0.0014807
              7       0.252139       0.255859     0.00139295
              8       0.268635       0.257456     0.00192793
              9       0.258655        0.25759     0.00171831
             10       0.258724       0.257703     0.00155022
             11       0.259399       0.257857     0.00141694
             12       0.253406       0.257486     0.00134653
             13       0.255312       0.257319     0.00125329
             14       0.260057       0.257515     0.00117893
             15       0.255992       0.257413     0.00110469
             16       0.253121       0.257145     0.00106773
             17       0.257266       0.257152     0.00100494
             18       0.248288        0.25666     0.00106293
             19       0.258407       0.256752     0.00101096
             20       0.257704       0.256799     0.00096153
             21       0.260209       0.256962    0.000929354
             22       0.262095       0.257195    0.000915931
             23       0.262509       0.257426    0.000904778
             24       0.262465       0.257636    0.000891104
             25          0.249        0.25729    0.000919985
             26        0.25696       0.257278    0.000884689
             27        0.25692       0.257264    0.000852022
             28       0.258757       0.257318    0.000823258
             29        0.26048       0.257427    0.000802058
             30       0.256351       0.257391    0.000776124
             31       0.262688       0.257562    0.000769668
             32       0.255537       0.257499    0.000748211
             33        0.26883       0.257842    0.000800465
             34       0.251027       0.257641    0.000801623
             35       0.257448       0.257636    0.000778739
             36       0.256295       0.257599    0.000757998
             37       0.265242       0.257805    0.000765142
             38       0.253379       0.257689    0.000753822
             39       0.257995       0.257697    0.000734535
             40       0.255556       0.257643    0.000718118
             41       0.263892       0.257795    0.000716592
             42       0.257354       0.257785    0.000699607
             43       0.252235       0.257656    0.000695142
             44       0.254088       0.257575    0.000684057
             45       0.262698       0.257689    0.000678263
             46        0.25349       0.257597    0.000669631
             47       0.259238       0.257632    0.000656293
             48       0.262044       0.257724    0.000649023
             49       0.263027       0.257832    0.000644737
             50        0.25279       0.257732     0.00063968
              1       0.258278       0.258278              0
              2       0.260245       0.259262    0.000695362
              3       0.258183       0.258902    0.000548745
              4        0.25801       0.258679    0.000454587
              5       0.252397       0.257423      0.0011811
              6       0.253197       0.256719     0.00117561
              7       0.260174       0.257212     0.00110646
              8       0.263074       0.257945     0.00118623
              9       0.259938       0.258166      0.0010749
             10       0.252499         0.2576     0.00110678
             11        0.26423       0.258202     0.00115874
             12       0.254825       0.257921     0.00109583
             13       0.263606       0.258358     0.00109531
             14       0.255109       0.258126     0.00104138
             15       0.256632       0.258026    0.000976707
             16       0.250362       0.257547     0.00102642
             17       0.252678       0.257261     0.00100522
             18        0.24802       0.256748     0.00107248
             19       0.264807       0.257172     0.00109672
             20       0.263005       0.257464     0.00107998
             21       0.255795       0.257384     0.00103147
             22       0.256568       0.257347    0.000985251
             23       0.252778       0.257148    0.000962235
             24       0.266762       0.257549     0.00100206
             25       0.245782       0.257078     0.00106681
             26       0.259846       0.257185     0.00103108
             27       0.261617       0.257349     0.00100587
             28       0.250845       0.257117    0.000996407
             29       0.261486       0.257267    0.000973372
             30        0.26489       0.257521    0.000973525
             31           0.26       0.257601    0.000945397
             32       0.256738       0.257574    0.000916239
             33       0.275765       0.258125     0.00104116
             34       0.255817       0.258058     0.00101275
             35        0.25236       0.257895    0.000996817
             36       0.260449       0.257966    0.000971651
             37       0.258671       0.257985    0.000945577
             38       0.252186       0.257832    0.000932925
             39       0.251762       0.257677    0.000921896
             40       0.247822        0.25743    0.000931183
             41       0.258961       0.257468    0.000909219
             42       0.256036       0.257433     0.00088821
             43       0.249772       0.257255    0.000885246
             44       0.254866       0.257201     0.00086679
             45       0.263933       0.257351    0.000860343
             46       0.250915       0.257211     0.00085294
             47       0.268162       0.257444    0.000866032
             48       0.258254       0.257461    0.000848154
             49       0.259253       0.257497    0.000831634
             50       0.255772       0.257463    0.000815717
              1       0.257695       0.257695              0
              2       0.260245        0.25897    0.000901562
              3       0.258183       0.258708    0.000638091
              4        0.25801       0.258533    0.000501813
              5       0.252397       0.257306     0.00116874
              6       0.253197       0.256621     0.00115733
              7       0.260174       0.257129     0.00109764
              8       0.263074       0.257872     0.00118563
              9       0.259938       0.258102     0.00107589
             10       0.252499       0.257541     0.00110459
             11        0.26423       0.258149     0.00115952
             12       0.254825       0.257872     0.00109549
             13       0.263606       0.258313     0.00109641
             14       0.255109       0.258084     0.00104172
             15       0.256632       0.257988    0.000976761
             16       0.250362       0.257511      0.0010254
             17       0.252678       0.257227     0.00100373
             18        0.24802       0.256715     0.00107037
             19       0.264807       0.257141      0.0010955
             20       0.263005       0.257434     0.00107925
             21       0.255795       0.257356     0.00103068
             22       0.256568        0.25732    0.000984452
             23       0.252778       0.257123    0.000961259
             24       0.266762       0.257525     0.00100161
             25       0.245782       0.257055     0.00106601
             26       0.259846       0.257162      0.0010304
             27       0.261617       0.257327     0.00100536
             28       0.250845       0.257096    0.000995749
             29       0.261486       0.257247    0.000972852
             30        0.26489       0.257502    0.000973208
             31           0.26       0.257582    0.000945144
             32       0.256738       0.257556    0.000915977
             33       0.275765       0.258108     0.00104123
             34       0.255817        0.25804     0.00101279
             35        0.25236       0.257878     0.00099677
             36       0.260449        0.25795    0.000971637
             37       0.258671       0.257969    0.000945573
             38       0.252186       0.257817    0.000932855
             39       0.251762       0.257662    0.000921764
             40       0.247822       0.257416    0.000930962
             41       0.258961       0.257453    0.000909018
             42       0.256036        0.25742    0.000888001
             43       0.249772       0.257242    0.000884983
             44       0.254866       0.257188    0.000866515
             45       0.263933       0.257338    0.000860128
             46       0.250915       0.257198    0.000852687
             47       0.268162       0.257431    0.000865865
             48       0.258254       0.257448    0.000847996
             49       0.259253       0.257485    0.000831489
             50       0.255772       0.257451    0.000815565
              1       0.257695       0.257695              0
              2       0.260245        0.25897    0.000901562
              3       0.258183       0.258708    0.000638091
              4        0.25801       0.258533    0.000501813
              5       0.252397       0.257306     0.00116874
              6       0.253197       0.256621     0.00115733
              7       0.260174       0.257129     0.00109764
              8       0.263074       0.257872     0.00118563
              9       0.259938       0.258102     0.00107589
             10       0.252499       0.257541     0.00110459
             11        0.26423       0.258149     0.00115952
             12       0.254825       0.257872     0.00109549
             13       0.263606       0.258313     0.00109641
             14       0.255109       0.258084     0.00104172
             15       0.256632       0.257988    0.000976761
             16       0.250362       0.257511      0.0010254
             17       0.252678       0.257227     0.00100373
             18        0.24802       0.256715     0.00107037
             19       0.264807       0.257141      0.0010955
             20       0.263005       0.257434     0.00107925
             21       0.255795       0.257356     0.00103068
             22       0.256568        0.25732    0.000984452
             23       0.252778       0.257123    0.000961259
             24       0.266762       0.257525     0.00100161
             25       0.245782       0.257055     0.00106601
             26       0.259846       0.257162      0.0010304
             27       0.261617       0.257327     0.00100536
             28       0.250845       0.257096    0.000995749
             29       0.261486       0.257247    0.000972852
             30        0.26489       0.257502    0.000973208
             31           0.26       0.257582    0.000945144
             32       0.256738       0.257556    0.000915977
             33       0.275765       0.258108     0.00104123
             34       0.255817        0.25804     0.00101279
             35        0.25236       0.257878     0.00099677
             36       0.260449        0.25795    0.000971637
             37       0.258671       0.257969    0.000945573
             38       0.252186       0.257817    0.000932855
             39       0.251762       0.257662    0.000921764
             40       0.247822       0.257416    0.000930962
             41       0.258961       0.257453    0.000909018
             42       0.256036        0.25742    0.000888001
             43       0.249772       0.257242    0.000884983
             44       0.254866       0.257188    0.000866515
             45       0.263933       0.257338    0.000860128
             46       0.250915       0.257198    0.000852687
             47       0.268162       0.257431    0.000865865
             48       0.258254       0.257448    0.000847996
             49       0.259253       0.257485    0.000831489
             50       0.255772       0.257451    0.000815565
              1       0.257695       0.257695              0
              2       0.260245        0.25897    0.000901562
              3       0.258183       0.258708    0.000638091
              4        0.25801       0.258533    0.000501813
              5       0.252397       0.257306     0.00116874
              6       0.253197       0.256621     0.00115733
              7       0.260174       0.257129     0.00109764
              8       0.263074       0.257872     0.00118563
              9       0.259938       0.258102     0.00107589
             10       0.252499       0.257541     0.00110459
             11        0.26423       0.258149     0.00115952
             12       0.254825       0.257872     0.00109549
             13       0.263606       0.258313     0.00109641
             14       0.255109       0.258084     0.00104172
             15       0.256632       0.257988    0.000976761
             16       0.250362       0.257511      0.0010254
             17       0.252678       0.257227     0.00100373
             18        0.24802       0.256715     0.00107037
             19       0.264807       0.257141      0.0010955
             20       0.263005       0.257434     0.00107925
             21       0.255795       0.257356     0.00103068
             22       0.256568        0.25732    0.000984452
             23       0.252778       0.257123    0.000961259
             24       0.266762       0.257525     0.00100161
             25       0.245782       0.257055     0.00106601
             26       0.259846       0.257162      0.0010304
             27       0.261617       0.257327     0.00100536
             28       0.250845       0.257096    0.000995749
             29       0.261486       0.257247    0.000972852
             30        0.26489       0.257502    0.000973208
             31           0.26       0.257582    0.000945144
             32       0.256738       0.257556    0.000915977
             33       0.275765       0.258108     0.00104123
             34       0.255817        0.25804     0.00101279
             35        0.25236       0.257878     0.00099677
             36       0.260449        0.25795    0.000971637
             37       0.258671       0.257969    0.000945573
             38       0.252186       0.257817    0.000932855
             39       0.251762       0.257662    0.000921764
             40       0.247822       0.257416    0.000930962
             41       0.258961       0.257453    0.000909018
             42       0.256036        0.25742    0.000888001
             43       0.249772       0.257242    0.000884983
             44       0.254866       0.257188    0.000866515
             45       0.263933       0.257338    0.000860128
             46       0.250915       0.257198    0.000852687
             47       0.268162       0.257431    0.000865865
             48       0.258254       0.257448    0.000847996
             49       0.259253       0.257485    0.000831489
             50       0.255772       0.257451    0.000815565
              1       0.258165       0.258165              0
              2        0.25798       0.258072    6.53375e-05
              3        0.25836       0.258168    8.95815e-05
              4       0.257514       0.258005    0.000156852
              5       0.259107       0.258225    0.000233809
              6       0.257828       0.258159    0.000203999
              7       0.257771       0.258103    0.000182233
              8       0.259094       0.258227    0.000197111
              9       0.258628       0.258272    0.000180176
             10       0.258531       0.258298    0.000164017
             11       0.258322         0.2583    0.000149121
             12        0.25865       0.258329    0.000139514
             13       0.258363       0.258332    0.000128806
             14       0.258472       0.258342    0.000119992
             15       0.258768        0.25837    0.000115301
             16       0.259115       0.258417    0.000117117
             17       0.257788        0.25838    0.000115922
             18       0.259778       0.258457     0.00013298
             19       0.258293       0.258449    0.000126263
             20       0.259005       0.258477    0.000122979
             21       0.259242       0.258513    0.000122403
             22       0.258882        0.25853    0.000117983
             23       0.257732       0.258495    0.000117842
             24       0.257771       0.258465    0.000116726
             25       0.258691       0.258474    0.000112407
             26       0.258802       0.258487    0.000108791
             27        0.25881       0.258499    0.000105421
             28       0.258513       0.258499    0.000101657
             29       0.258986       0.258516    9.95296e-05
             30       0.257312       0.258476    0.000103987
             31        0.25737        0.25844    0.000106578
             32       0.257941       0.258425    0.000104383
             33       0.258253       0.258419    0.000101349
             34       0.257883       0.258404    9.95857e-05
             35       0.257953       0.258391    9.75699e-05
             36       0.258367        0.25839    9.48619e-05
             37       0.258449       0.258392    9.23115e-05
             38       0.258715         0.2584    9.02725e-05
             39       0.257977       0.258389    8.86071e-05
             40       0.258254       0.258386    8.64564e-05
             41       0.259783        0.25842    9.08162e-05
             42       0.257977       0.258409    8.92646e-05
             43       0.257866       0.258397    8.80796e-05
             44       0.257394       0.258374    8.89795e-05
             45       0.258703       0.258381    8.73012e-05
             46        0.25914       0.258398    8.69476e-05
             47       0.258452       0.258399    8.51053e-05
             48       0.257401       0.258378    8.58362e-05
             49       0.258842       0.258388    8.46049e-05
             50       0.258294       0.258386    8.29333e-05
             51       0.258168       0.258381    8.14166e-05
             52       0.258919       0.258392    8.05046e-05
             53        0.25868       0.258397    7.91693e-05
             54       0.258229       0.258394    7.77647e-05
             55       0.258469       0.258395    7.63627e-05
             56       0.258538       0.258398    7.50412e-05
             57       0.258406       0.258398    7.37249e-05
             58       0.258322       0.258397    7.24654e-05
             59        0.25873       0.258403    7.14569e-05
             60       0.259026       0.258413    7.10169e-05
             61        0.25862       0.258416    6.99341e-05
