              1      -0.539744      -0.539744              0
              2      -0.538624      -0.539184     0.00039598
              3      -0.542368      -0.540245    0.000905892
              4      -0.541296      -0.540508    0.000716489
              5      -0.539568       -0.54032    0.000597347
              6       -0.53752      -0.539853    0.000655191
              7      -0.534448      -0.539081     0.00090911
              8      -0.537056      -0.538828    0.000829967
              9      -0.537632      -0.538695    0.000748312
             10       -0.53824       -0.53865    0.000674863
             11      -0.542656      -0.539014    0.000704977
             12      -0.540608      -0.539147    0.000658627
             13        -0.5412      -0.539305    0.000626617
             14      -0.543808      -0.539626    0.000659272
             15      -0.541376      -0.539743    0.000625555
             16      -0.539824      -0.539748    0.000586478
             17      -0.543904      -0.539992    0.000600776
             18      -0.542144      -0.540112    0.000579168
             19      -0.540224      -0.540118    0.000548716
             20      -0.539584      -0.540091    0.000521929
             21      -0.534144      -0.539808    0.000568741
             22      -0.539904      -0.539812    0.000542906
             23      -0.537664      -0.539719    0.000527276
             24      -0.538784       -0.53968    0.000506743
             25      -0.539616      -0.539677     0.00048648
             26      -0.538848      -0.539646    0.000468814
             27      -0.545456      -0.539861    0.000498402
             28      -0.540192      -0.539873    0.000480742
             29      -0.539488      -0.539859    0.000464347
             30       -0.53688       -0.53976    0.000459366
             31       -0.53568      -0.539628    0.000463018
             32       -0.53888      -0.539605    0.000449139
             33      -0.543648      -0.539728     0.00045193
             34      -0.535584      -0.539606    0.000454773
             35      -0.535824      -0.539498    0.000454433
             36      -0.539824      -0.539507      0.0004419
             37      -0.540912      -0.539545    0.000431586
             38      -0.534576      -0.539414     0.00043959
             39      -0.533584      -0.539264    0.000453022
             40       -0.53952      -0.539271    0.000441742
             41      -0.539872      -0.539285    0.000431211
             42      -0.540448      -0.539313    0.000421831
             43      -0.536704      -0.539252    0.000416362
             44      -0.538816      -0.539243    0.000407018
             45      -0.538544      -0.539227    0.000398269
             46      -0.538528      -0.539212    0.000389901
             47      -0.541072      -0.539251    0.000383608
             48      -0.540944      -0.539287    0.000377234
             49      -0.538192      -0.539264    0.000370196
             50      -0.541472      -0.539308    0.000365416
              1      -0.539792      -0.539792              0
              2      -0.539424      -0.539608    0.000130108
              3         -0.542      -0.540405    0.000656773
              4      -0.539872      -0.540272    0.000505933
              5      -0.540176      -0.540253     0.00040511
              6      -0.537808      -0.539845    0.000502321
              7      -0.534656      -0.539104    0.000810214
              8      -0.537728      -0.538932    0.000726965
              9      -0.538656      -0.538901    0.000646838
             10      -0.537984       -0.53881    0.000588623
             11       -0.54408      -0.539289    0.000703589
             12      -0.540112      -0.539357    0.000648293
             13      -0.540576      -0.539451    0.000605164
             14       -0.54296      -0.539702    0.000611642
             15      -0.540352      -0.539745    0.000572401
             16      -0.540528      -0.539794    0.000538713
             17      -0.543488      -0.540011    0.000549102
             18      -0.542672      -0.540159    0.000538124
             19      -0.538496      -0.540072    0.000516872
             20       -0.53888      -0.540012     0.00049445
             21      -0.534464      -0.539748    0.000536865
             22      -0.542608      -0.539878    0.000527969
             23      -0.538512      -0.539818    0.000508343
             24      -0.540032      -0.539827     0.00048724
             25          -0.54      -0.539834    0.000467799
             26      -0.539328      -0.539815    0.000450212
             27      -0.545424      -0.540023    0.000479078
             28      -0.539776      -0.540014    0.000462049
             29      -0.540352      -0.540025    0.000446264
             30      -0.535584      -0.539877    0.000455283
             31       -0.53728      -0.539794     0.00044824
             32      -0.538384      -0.539749    0.000436391
             33      -0.542336      -0.539828    0.000430148
             34      -0.535616      -0.539704    0.000434969
             35      -0.535248      -0.539577     0.00044078
             36      -0.540016      -0.539589    0.000428705
             37       -0.54232      -0.539663    0.000423425
             38       -0.53568      -0.539558    0.000425056
             39      -0.536752      -0.539486    0.000420202
             40      -0.539728      -0.539492    0.000409741
             41       -0.54128      -0.539536    0.000402061
             42      -0.540896      -0.539568    0.000393791
             43      -0.538848      -0.539551    0.000384988
             44      -0.537968      -0.539515    0.000377917
             45      -0.538752      -0.539498    0.000369899
             46      -0.540256      -0.539515    0.000362224
             47      -0.540224       -0.53953    0.000354831
             48      -0.542544      -0.539593    0.000352952
             49      -0.537056      -0.539541    0.000349525
             50      -0.539248      -0.539535    0.000342583
              1      -0.539824      -0.539824              0
              2      -0.539424      -0.539624    0.000141421
              3         -0.542      -0.540416    0.000653502
              4      -0.539872       -0.54028    0.000504079
              5      -0.540176      -0.540259    0.000403692
              6      -0.537808      -0.539851     0.00050225
              7      -0.534656      -0.539109    0.000810779
              8      -0.537728      -0.538936    0.000727566
              9      -0.538656      -0.538905     0.00064739
             10      -0.537984      -0.538813    0.000589164
             11       -0.54408      -0.539292    0.000703784
             12      -0.540112       -0.53936    0.000648447
             13      -0.540576      -0.539454    0.000605275
             14       -0.54296      -0.539704     0.00061167
             15      -0.540352      -0.539747    0.000572416
             16      -0.540528      -0.539796    0.000538716
             17      -0.543488      -0.540013    0.000549061
             18      -0.542672      -0.540161     0.00053806
             19      -0.538496      -0.540073    0.000516827
             20       -0.53888      -0.540014    0.000494417
             21      -0.534464      -0.539749    0.000536874
             22      -0.542608      -0.539879    0.000527961
             23      -0.538512       -0.53982    0.000508342
             24      -0.540032      -0.539829    0.000487238
             25          -0.54      -0.539836    0.000467796
             26      -0.539328      -0.539816    0.000450211
             27      -0.545424      -0.540024    0.000479059
             28      -0.539776      -0.540015    0.000462031
             29      -0.540352      -0.540026    0.000446245
             30      -0.535584      -0.539878    0.000455278
             31       -0.53728      -0.539795    0.000448241
             32      -0.538384      -0.539751    0.000436395
             33      -0.542336      -0.539829    0.000430147
             34      -0.535616      -0.539705    0.000434976
             35      -0.535248      -0.539578    0.000440794
             36      -0.540016       -0.53959    0.000428718
             37       -0.54232      -0.539664    0.000423433
             38       -0.53568      -0.539559    0.000425069
             39      -0.536752      -0.539487    0.000420218
             40      -0.539728      -0.539493    0.000409756
             41       -0.54128      -0.539536    0.000402074
             42      -0.540896      -0.539569    0.000393802
             43      -0.538848      -0.539552       0.000385
             44      -0.537968      -0.539516    0.000377929
             45      -0.538752      -0.539499    0.000369912
             46      -0.540256      -0.539515    0.000362236
             47      -0.540224      -0.539531    0.000354843
             48      -0.542544      -0.539593     0.00035296
             49      -0.537056      -0.539542    0.000349535
             50      -0.539248      -0.539536    0.000342593
              1      -0.539824      -0.539824              0
              2      -0.539424      -0.539624    0.000141421
              3         -0.542      -0.540416    0.000653502
              4      -0.539872       -0.54028    0.000504079
              5      -0.540176      -0.540259    0.000403692
              6      -0.537808      -0.539851     0.00050225
              7      -0.534656      -0.539109    0.000810779
              8      -0.537728      -0.538936    0.000727566
              9      -0.538656      -0.538905     0.00064739
             10      -0.537984      -0.538813    0.000589164
             11       -0.54408      -0.539292    0.000703784
             12      -0.540112       -0.53936    0.000648447
             13      -0.540576      -0.539454    0.000605275
             14       -0.54296      -0.539704     0.00061167
             15      -0.540352      -0.539747    0.000572416
             16      -0.540528      -0.539796    0.000538716
             17      -0.543488      -0.540013    0.000549061
             18      -0.542672      -0.540161     0.00053806
             19      -0.538496      -0.540073    0.000516827
             20       -0.53888      -0.540014    0.000494417
             21      -0.534464      -0.539749    0.000536874
             22      -0.542608      -0.539879    0.000527961
             23      -0.538512       -0.53982    0.000508342
             24      -0.540032      -0.539829    0.000487238
             25          -0.54      -0.539836    0.000467796
             26      -0.539328      -0.539816    0.000450211
             27      -0.545424      -0.540024    0.000479059
             28      -0.539776      -0.540015    0.000462031
             29      -0.540352      -0.540026    0.000446245
             30      -0.535584      -0.539878    0.000455278
             31       -0.53728      -0.539795    0.000448241
             32      -0.538384      -0.539751    0.000436395
             33      -0.542336      -0.539829    0.000430147
             34      -0.535616      -0.539705    0.000434976
             35      -0.535248      -0.539578    0.000440794
             36      -0.540016       -0.53959    0.000428718
             37       -0.54232      -0.539664    0.000423433
             38       -0.53568      -0.539559    0.000425069
             39      -0.536752      -0.539487    0.000420218
             40      -0.539728      -0.539493    0.000409756
             41       -0.54128      -0.539536    0.000402074
             42      -0.540896      -0.539569    0.000393802
             43      -0.538848      -0.539552       0.000385
             44      -0.537968      -0.539516    0.000377929
             45      -0.538752      -0.539499    0.000369912
             46      -0.540256      -0.539515    0.000362236
             47      -0.540224      -0.539531    0.000354843
             48      -0.542544      -0.539593     0.00035296
             49      -0.537056      -0.539542    0.000349535
             50      -0.539248      -0.539536    0.000342593
              1      -0.539824      -0.539824              0
              2      -0.539424      -0.539624    0.000141421
              3         -0.542      -0.540416    0.000653502
              4      -0.539872       -0.54028    0.000504079
              5      -0.540176      -0.540259    0.000403692
              6      -0.537808      -0.539851     0.00050225
              7      -0.534656      -0.539109    0.000810779
              8      -0.537728      -0.538936    0.000727566
              9      -0.538656      -0.538905     0.00064739
             10      -0.537984      -0.538813    0.000589164
             11       -0.54408      -0.539292    0.000703784
             12      -0.540112       -0.53936    0.000648447
             13      -0.540576      -0.539454    0.000605275
             14       -0.54296      -0.539704     0.00061167
             15      -0.540352      -0.539747    0.000572416
             16      -0.540528      -0.539796    0.000538716
             17      -0.543488      -0.540013    0.000549061
             18      -0.542672      -0.540161     0.00053806
             19      -0.538496      -0.540073    0.000516827
             20       -0.53888      -0.540014    0.000494417
             21      -0.534464      -0.539749    0.000536874
             22      -0.542608      -0.539879    0.000527961
             23      -0.538512       -0.53982    0.000508342
             24      -0.540032      -0.539829    0.000487238
             25          -0.54      -0.539836    0.000467796
             26      -0.539328      -0.539816    0.000450211
             27      -0.545424      -0.540024    0.000479059
             28      -0.539776      -0.540015    0.000462031
             29      -0.540352      -0.540026    0.000446245
             30      -0.535584      -0.539878    0.000455278
             31       -0.53728      -0.539795    0.000448241
             32      -0.538384      -0.539751    0.000436395
             33      -0.542336      -0.539829    0.000430147
             34      -0.535616      -0.539705    0.000434976
             35      -0.535248      -0.539578    0.000440794
             36      -0.540016       -0.53959    0.000428718
             37       -0.54232      -0.539664    0.000423433
             38       -0.53568      -0.539559    0.000425069
             39      -0.536752      -0.539487    0.000420218
             40      -0.539728      -0.539493    0.000409756
             41       -0.54128      -0.539536    0.000402074
             42      -0.540896      -0.539569    0.000393802
             43      -0.538848      -0.539552       0.000385
             44      -0.537968      -0.539516    0.000377929
             45      -0.538752      -0.539499    0.000369912
             46      -0.540256      -0.539515    0.000362236
             47      -0.540224      -0.539531    0.000354843
             48      -0.542544      -0.539593     0.00035296
             49      -0.537056      -0.539542    0.000349535
             50      -0.539248      -0.539536    0.000342593
              1      -0.539893      -0.539893              0
              2      -0.539558      -0.539726    0.000118511
              3      -0.540209      -0.539887    0.000153474
              4      -0.540322      -0.539996    0.000148716
              5      -0.539742      -0.539945    0.000127321
              6      -0.539342      -0.539845    0.000140243
              7      -0.540279      -0.539907    0.000133247
              8       -0.53992      -0.539908    0.000116602
              9      -0.539573      -0.539871    0.000109444
             10      -0.539701      -0.539854    9.98176e-05
             11      -0.539723      -0.539842    9.14473e-05
             12      -0.539353      -0.539801    9.24511e-05
             13      -0.539783        -0.5398    8.53503e-05
             14      -0.539586      -0.539785     8.0612e-05
             15      -0.539991      -0.539798    7.64061e-05
             16      -0.539402      -0.539774    7.55377e-05
             17      -0.539638      -0.539766    7.15174e-05
             18      -0.539466      -0.539749    6.94525e-05
             19       -0.54055      -0.539791    7.75394e-05
             20      -0.539672      -0.539785    7.38893e-05
             21      -0.539574      -0.539775    7.10551e-05
             22      -0.539716      -0.539773    6.78757e-05
             23      -0.539981      -0.539782    6.55249e-05
             24      -0.539908      -0.539787    6.30071e-05
             25      -0.540161      -0.539802    6.22355e-05
             26      -0.539603      -0.539794    6.03081e-05
             27      -0.539982      -0.539801    5.84759e-05
             28      -0.539914      -0.539805     5.6526e-05
             29      -0.540032      -0.539813    5.51153e-05
             30      -0.539646      -0.539807    5.35577e-05
             31      -0.540021      -0.539814    5.22711e-05
             32      -0.539884      -0.539817    5.06831e-05
             33      -0.539847      -0.539817    4.91557e-05
             34      -0.539687      -0.539814    4.78605e-05
             35      -0.539646      -0.539809    4.67321e-05
             36      -0.539948      -0.539813    4.55934e-05
             37      -0.539515      -0.539805    4.50673e-05
             38       -0.54031      -0.539818    4.58036e-05
             39      -0.539929      -0.539821    4.47178e-05
             40      -0.539478      -0.539812    4.44144e-05
             41      -0.539851      -0.539813    4.33413e-05
             42      -0.539792      -0.539813    4.23122e-05
             43      -0.539688       -0.53981    4.14266e-05
             44      -0.539585      -0.539805    4.07984e-05
             45      -0.539463      -0.539797    4.05906e-05
             46      -0.539847      -0.539798    3.97229e-05
             47      -0.539627      -0.539795    3.90436e-05
             48      -0.539588       -0.53979    3.84661e-05
             49       -0.53993      -0.539793    3.77864e-05
             50      -0.539691      -0.539791    3.70855e-05
             51      -0.540177      -0.539799    3.71218e-05
             52      -0.539998      -0.539802    3.66059e-05
             53      -0.539766      -0.539802    3.59216e-05
             54        -0.5397        -0.5398    3.53061e-05
             55      -0.539246       -0.53979    3.60713e-05
             56      -0.539969      -0.539793    3.55683e-05
             57      -0.539439      -0.539787    3.54822e-05
             58      -0.539576      -0.539783     3.5056e-05
             59      -0.539996      -0.539787    3.46476e-05
             60      -0.539884      -0.539788    3.41077e-05
             61      -0.539673      -0.539786    3.36007e-05
