# Temperature ----- Mean Value ----- Variance
0.256 195.291 0.00388634
0.312 159.901 0.0168603
0.368 133.771 0.032429
0.424 110.687 0.0591149
0.48 87.3733 0.0793808
0.536 64.9172 0.0784985
0.592 46.3446 0.0557816
0.648 33.0776 0.0380075
0.704 24.1341 0.0274541
0.76 18.2349 0.0180998
0.816 14.2029 0.012697
0.872 11.3522 0.00919297
0.928 9.29933 0.00735225
0.984 7.75454 0.00544706
1.04 6.57933 0.00412963
1.096 5.66249 0.00334287
1.152 4.92765 0.00249717
1.208 4.33243 0.00202843
1.264 3.84969 0.00198747
1.32 3.44727 0.00171341
1.376 3.10927 0.00146663
1.432 2.82354 0.00113663
1.488 2.57698 0.0010471
1.544 2.36443 0.00100931
1.6 2.1812 0.00062339
