# Temperature ----- Mean Value ----- Variance
0.256 -0.999987 2.0841e-06
0.312 -0.999738 1.05987e-05
0.368 -0.998179 2.40228e-05
0.424 -0.99269 5.13864e-05
0.48 -0.980363 7.72568e-05
0.536 -0.961249 8.79183e-05
0.592 -0.93835 6.98954e-05
0.648 -0.914488 5.47223e-05
0.704 -0.890255 5.24783e-05
0.76 -0.865876 4.96484e-05
0.816 -0.841288 4.11184e-05
0.872 -0.816675 3.97585e-05
0.928 -0.792276 3.61757e-05
0.984 -0.768328 3.15187e-05
1.04 -0.744954 3.24352e-05
1.096 -0.722338 3.27e-05
1.152 -0.700406 2.91029e-05
1.208 -0.679317 2.8179e-05
1.264 -0.65906 2.69787e-05
1.32 -0.639652 2.54012e-05
1.376 -0.62104 2.44904e-05
1.432 -0.603281 2.40127e-05
1.488 -0.586309 2.56827e-05
1.544 -0.570065 2.57336e-05
1.6 -0.554613 2.42092e-05
