# Temperature ----- Mean Value ----- Variance
0.256 0.000808226 0.000127058
0.312 0.0107377 0.00043324
0.368 0.052874 0.000681782
0.424 0.152506 0.000975744
0.48 0.286923 0.000868548
0.536 0.38485 0.000435829
0.592 0.421425 0.000333242
0.648 0.429384 0.000340255
0.704 0.433606 0.000311808
0.76 0.438139 0.000270432
0.816 0.440273 0.000230797
0.872 0.438195 0.000188713
0.928 0.432516 0.000162182
0.984 0.42315 0.000158725
1.04 0.411579 0.00014256
1.096 0.398344 0.000123621
1.152 0.384055 0.000128891
1.208 0.368994 0.000108014
1.264 0.353948 9.18071e-05
1.32 0.339137 8.27159e-05
1.376 0.324391 9.29512e-05
1.432 0.31012 7.92421e-05
1.488 0.296397 6.87038e-05
1.544 0.283102 6.79415e-05
1.6 0.270423 6.67287e-05
