              1       0.005096       0.005096              0
              2      -0.000752       0.002172     0.00206758
              3          0.013     0.00578133     0.00325343
              4       -0.00256       0.003696     0.00303569
              5      -0.020664      -0.001176     0.00498868
              6      -0.010336    -0.00270267     0.00438462
              7       0.006952    -0.00132343     0.00396925
              8       0.001472      -0.000974     0.00348844
              9      -0.001584    -0.00104178     0.00310149
             10       0.008216      -0.000116     0.00292625
             11      -0.024832    -0.00236291     0.00341562
             12       0.002752    -0.00193667     0.00315747
             13      -0.000728    -0.00184369     0.00291596
             14      -0.005616    -0.00211314     0.00272009
             15       0.013136    -0.00109653     0.00272211
             16        0.00108     -0.0009605     0.00255537
             17      -0.016376    -0.00186729      0.0025609
             18       0.005824       -0.00144     0.00245402
             19       -0.00136    -0.00143579     0.00232486
             20      -0.004232     -0.0015756     0.00221282
             21      -0.004576    -0.00171848     0.00211205
             22        0.00636    -0.00135127     0.00204772
             23      -0.006928    -0.00159374     0.00197299
             24       0.002704    -0.00141467      0.0018989
             25      -0.000152    -0.00136416     0.00182361
             26       -0.01056    -0.00171785     0.00178744
             27      -0.004136    -0.00180741     0.00172348
             28      -0.001776    -0.00180629     0.00166193
             29        0.00968    -0.00141021     0.00165114
             30       0.001176      -0.001324     0.00159836
             31      -0.000488    -0.00129703     0.00154702
             32      -0.004432      -0.001395     0.00150178
             33      -0.003048    -0.00144509      0.0014571
             34      -0.012168    -0.00176047     0.00144798
             35       0.004808     -0.0015728     0.00141872
             36       0.014176    -0.00113533     0.00144518
             37        -0.0034    -0.00119654     0.00140742
             38        0.00148    -0.00112611     0.00137214
             39       0.016584      -0.000672      0.0014101
             40       0.017104     -0.0002276     0.00144318
             41      -0.002616   -0.000285854     0.00140915
             42      -0.000656   -0.000294667     0.00137563
             43      -0.006208   -0.000432186     0.00135049
             44      -0.002256   -0.000473636     0.00132044
             45       0.008072   -0.000283733     0.00130468
             46      -0.006592    -0.00042087      0.0012835
             47      -0.002008   -0.000454638     0.00125664
             48        0.01348   -0.000164333     0.00126355
             49       0.000992   -0.000140735     0.00123798
             50        0.00316     -7.472e-05     0.00121498
              1      -0.009304      -0.009304              0
              2       0.000288      -0.004508     0.00339128
              3      -0.014944    -0.00798667     0.00363027
              4       0.002416      -0.005386     0.00353351
              5        0.01884     -0.0005408     0.00517413
              6       0.010448     0.00129067     0.00462457
              7      -0.007872   -1.82857e-05     0.00414502
              8      -0.003312       -0.00043     0.00364729
              9         0.0032   -2.66667e-05     0.00326426
             10       -0.01112      -0.001136     0.00312064
             11       0.026008     0.00133164     0.00368564
             12       -0.00408    0.000880667     0.00340598
             13       0.000472    0.000849231     0.00314413
             14       0.006008     0.00121771     0.00294106
             15      -0.012744    0.000286933     0.00288852
             16       -4.8e-05       0.000266     0.00270807
             17       0.017784     0.00129647     0.00273781
             18      -0.003584     0.00102533      0.0025991
             19        0.00268     0.00111242     0.00246377
             20       0.002344       0.001174     0.00234135
             21       0.004392     0.00132724     0.00223487
             22      -0.005088     0.00103564     0.00215222
             23         0.0072     0.00130365     0.00207527
             24      -0.005152     0.00103467     0.00200615
             25      -0.001872      0.0009184     0.00192927
             26       0.009784     0.00125938     0.00188496
             27       0.004368     0.00137452     0.00181866
             28       0.000784     0.00135343     0.00175383
             29      -0.009304    0.000985931     0.00173143
             30      -0.001816    0.000892533     0.00167623
             31       0.000984    0.000895484     0.00162216
             32       0.004072     0.00099475     0.00157451
             33       0.004976     0.00111539     0.00153141
             34       0.014864     0.00151976     0.00153883
             35      -0.004344     0.00135223     0.00150395
             36      -0.013152    0.000949333     0.00151518
             37       0.003832     0.00102724     0.00147623
             38      -0.001336    0.000965053     0.00143869
             39      -0.017088    0.000502154     0.00147439
             40      -0.018776       2.02e-05     0.00151426
             41       0.002624    8.37073e-05     0.00147866
             42        0.00344    0.000163619     0.00144561
             43       0.008704    0.000362233     0.00142557
             44       0.001016    0.000377091     0.00139325
             45      -0.009272    0.000162667     0.00137869
             46       0.005536    0.000279478     0.00135365
             47        0.00032     0.00028034     0.00132485
             48      -0.012664    1.06667e-05     0.00132441
             49       0.000264    1.58367e-05      0.0012974
             50      -0.005184     -8.816e-05     0.00127561
              1       0.009152       0.009152              0
              2      -0.000288       0.004432     0.00333754
              3       0.014944       0.007936     0.00362438
              4      -0.002416       0.005348     0.00352312
              5       -0.01884      0.0005104      0.0051639
              6      -0.010448      -0.001316     0.00461494
              7       0.007872   -3.42857e-06     0.00413812
              8       0.003312       0.000411     0.00364155
              9        -0.0032    9.77778e-06     0.00325896
             10        0.01112      0.0011208     0.00311669
             11      -0.026008    -0.00134545     0.00368204
             12        0.00408   -0.000893333     0.00340284
             13      -0.000472   -0.000860923     0.00314124
             14      -0.006008    -0.00122857      0.0029383
             15       0.012744   -0.000297067      0.0028863
             16        4.8e-05     -0.0002755     0.00270598
             17      -0.017784    -0.00130541     0.00273579
             18       0.003584    -0.00103378     0.00259725
             19       -0.00268    -0.00112042       0.002462
             20      -0.002344     -0.0011816     0.00233966
             21      -0.004392    -0.00133448     0.00223324
             22       0.005088    -0.00104255     0.00215072
             23        -0.0072    -0.00131026     0.00207381
             24       0.005152      -0.001041      0.0020048
             25       0.001872    -0.00092448     0.00192799
             26      -0.009784    -0.00126523     0.00188371
             27      -0.004368    -0.00138015     0.00181745
             28      -0.000784    -0.00135886     0.00175266
             29       0.009304   -0.000991172     0.00173036
             30       0.001816     -0.0008976     0.00167521
             31      -0.000984   -0.000900387     0.00162118
             32      -0.004072     -0.0009995     0.00157354
             33      -0.004976       -0.00112     0.00153046
             34      -0.014864    -0.00152424     0.00153791
             35       0.004344    -0.00135657     0.00150308
             36       0.013152   -0.000953556     0.00151439
             37      -0.003832    -0.00103135     0.00147546
             38       0.001336   -0.000969053     0.00143795
             39       0.017088   -0.000506051     0.00147373
             40       0.018776       -2.4e-05     0.00151368
             41      -0.002624   -8.74146e-05     0.00147809
             42       -0.00344   -0.000167238     0.00144505
             43      -0.008704   -0.000365767     0.00142501
             44      -0.001016   -0.000380545      0.0013927
             45       0.009272   -0.000166044     0.00137817
             46      -0.005536   -0.000282783     0.00135315
             47       -0.00032   -0.000283574     0.00132436
             48       0.012664   -1.38333e-05     0.00132395
             49      -0.000264   -1.89388e-05     0.00129694
             50       0.005184      8.512e-05     0.00127517
              1      -0.009152      -0.009152              0
              2       0.000288      -0.004432     0.00333754
              3      -0.014944      -0.007936     0.00362438
              4       0.002416      -0.005348     0.00352312
              5        0.01884     -0.0005104      0.0051639
              6       0.010448       0.001316     0.00461494
              7      -0.007872    3.42857e-06     0.00413812
              8      -0.003312      -0.000411     0.00364155
              9         0.0032   -9.77778e-06     0.00325896
             10       -0.01112     -0.0011208     0.00311669
             11       0.026008     0.00134545     0.00368204
             12       -0.00408    0.000893333     0.00340284
             13       0.000472    0.000860923     0.00314124
             14       0.006008     0.00122857      0.0029383
             15      -0.012744    0.000297067      0.0028863
             16       -4.8e-05      0.0002755     0.00270598
             17       0.017784     0.00130541     0.00273579
             18      -0.003584     0.00103378     0.00259725
             19        0.00268     0.00112042       0.002462
             20       0.002344      0.0011816     0.00233966
             21       0.004392     0.00133448     0.00223324
             22      -0.005088     0.00104255     0.00215072
             23         0.0072     0.00131026     0.00207381
             24      -0.005152       0.001041      0.0020048
             25      -0.001872     0.00092448     0.00192799
             26       0.009784     0.00126523     0.00188371
             27       0.004368     0.00138015     0.00181745
             28       0.000784     0.00135886     0.00175266
             29      -0.009304    0.000991172     0.00173036
             30      -0.001816      0.0008976     0.00167521
             31       0.000984    0.000900387     0.00162118
             32       0.004072      0.0009995     0.00157354
             33       0.004976        0.00112     0.00153046
             34       0.014864     0.00152424     0.00153791
             35      -0.004344     0.00135657     0.00150308
             36      -0.013152    0.000953556     0.00151439
             37       0.003832     0.00103135     0.00147546
             38      -0.001336    0.000969053     0.00143795
             39      -0.017088    0.000506051     0.00147373
             40      -0.018776        2.4e-05     0.00151368
             41       0.002624    8.74146e-05     0.00147809
             42        0.00344    0.000167238     0.00144505
             43       0.008704    0.000365767     0.00142501
             44       0.001016    0.000380545      0.0013927
             45      -0.009272    0.000166044     0.00137817
             46       0.005536    0.000282783     0.00135315
             47        0.00032    0.000283574     0.00132436
             48      -0.012664    1.38333e-05     0.00132395
             49       0.000264    1.89388e-05     0.00129694
             50      -0.005184     -8.512e-05     0.00127517
              1       0.009152       0.009152              0
              2      -0.000288       0.004432     0.00333754
              3       0.014944       0.007936     0.00362438
              4      -0.002416       0.005348     0.00352312
              5       -0.01884      0.0005104      0.0051639
              6      -0.010448      -0.001316     0.00461494
              7       0.007872   -3.42857e-06     0.00413812
              8       0.003312       0.000411     0.00364155
              9        -0.0032    9.77778e-06     0.00325896
             10        0.01112      0.0011208     0.00311669
             11      -0.026008    -0.00134545     0.00368204
             12        0.00408   -0.000893333     0.00340284
             13      -0.000472   -0.000860923     0.00314124
             14      -0.006008    -0.00122857      0.0029383
             15       0.012744   -0.000297067      0.0028863
             16        4.8e-05     -0.0002755     0.00270598
             17      -0.017784    -0.00130541     0.00273579
             18       0.003584    -0.00103378     0.00259725
             19       -0.00268    -0.00112042       0.002462
             20      -0.002344     -0.0011816     0.00233966
             21      -0.004392    -0.00133448     0.00223324
             22       0.005088    -0.00104255     0.00215072
             23        -0.0072    -0.00131026     0.00207381
             24       0.005152      -0.001041      0.0020048
             25       0.001872    -0.00092448     0.00192799
             26      -0.009784    -0.00126523     0.00188371
             27      -0.004368    -0.00138015     0.00181745
             28      -0.000784    -0.00135886     0.00175266
             29       0.009304   -0.000991172     0.00173036
             30       0.001816     -0.0008976     0.00167521
             31      -0.000984   -0.000900387     0.00162118
             32      -0.004072     -0.0009995     0.00157354
             33      -0.004976       -0.00112     0.00153046
             34      -0.014864    -0.00152424     0.00153791
             35       0.004344    -0.00135657     0.00150308
             36       0.013152   -0.000953556     0.00151439
             37      -0.003832    -0.00103135     0.00147546
             38       0.001336   -0.000969053     0.00143795
             39       0.017088   -0.000506051     0.00147373
             40       0.018776       -2.4e-05     0.00151368
             41      -0.002624   -8.74146e-05     0.00147809
             42       -0.00344   -0.000167238     0.00144505
             43      -0.008704   -0.000365767     0.00142501
             44      -0.001016   -0.000380545      0.0013927
             45       0.009272   -0.000166044     0.00137817
             46      -0.005536   -0.000282783     0.00135315
             47       -0.00032   -0.000283574     0.00132436
             48       0.012664   -1.38333e-05     0.00132395
             49      -0.000264   -1.89388e-05     0.00129694
             50       0.005184      8.512e-05     0.00127517
              1      -0.001218      -0.001218              0
              2     0.00138272      8.236e-05    0.000919493
              3      -4.48e-05    3.99733e-05    0.000613972
              4      0.0029356     0.00076388    0.000777863
              5    -0.00069976    0.000471152    0.000675128
              6    -0.00085824    0.000249587    0.000597859
              7    -0.00062144    0.000125154     0.00052524
              8     0.00058344     0.00018244    0.000462698
              9     0.00253968    0.000444356    0.000479724
             10       4.92e-05     0.00040484    0.000433376
             11     0.00297512    0.000638502    0.000452607
             12       7.92e-06    0.000585953    0.000417929
             13    -0.00015416    0.000529022    0.000389639
             14     0.00261896    0.000678303    0.000389356
             15     0.00074608    0.000682821    0.000363425
             16      0.0004992    0.000671345    0.000340892
             17    -0.00054616    0.000599727    0.000328277
             18     0.00119648     0.00063288    0.000311709
             19     0.00138912    0.000672682    0.000297833
             20     0.00040536    0.000659316    0.000283241
             21     0.00149512    0.000699116    0.000272536
             22     0.00103752    0.000714498    0.000260581
             23      0.0014168    0.000745033    0.000251034
             24    -0.00040744    0.000697013    0.000245124
             25      0.0002184    0.000677869    0.000236066
             26     0.00197768    0.000727862     0.00023222
             27    -0.00150944    0.000644999    0.000237944
             28     0.00014024    0.000626971    0.000230128
             29     0.00013088    0.000609865    0.000222827
             30     0.00156552     0.00064172    0.000217665
             31    -0.00103448    0.000587649    0.000217256
             32    -0.00015296    0.000564505    0.000211696
             33    -0.00051432    0.000531813    0.000207789
             34     0.00190704    0.000572261    0.000205577
             35     0.00092416    0.000582315    0.000199949
             36     -0.0001904    0.000560851    0.000195544
             37    -0.00183528    0.000496091    0.000200696
             38     0.00124976    0.000515924    0.000196392
             39     0.00135112    0.000537339    0.000192521
             40    -0.00094664     0.00050024    0.000191249
             41    -0.00098304    0.000464062    0.000189975
             42      0.0009416    0.000475432    0.000185792
             43    -0.00065392    0.000449168    0.000183318
             44     -7.776e-05    0.000437193    0.000179542
             45      0.0006232    0.000441326      0.0001756
             46     0.00037792    0.000439948    0.000171788
             47    -0.00198728    0.000388305    0.000175724
             48     0.00139744    0.000409328    0.000173316
             49    -0.00183896    0.000363445    0.000175748
             50     0.00088296    0.000373835     0.00017254
             51    -0.00120944    0.000342791    0.000171927
             52    -0.00237072    0.000290608    0.000176362
             53    -0.00181184    0.000250939     0.00017744
             54     0.00126576    0.000269732    0.000175146
             55     -0.0014936    0.000237671    0.000174872
             56     0.00051312     0.00024259    0.000171818
             57     0.00066408    0.000249985    0.000168963
             58     0.00066624    0.000257161    0.000166202
             59    -0.00084384      0.0002385    0.000164429
             60     -0.0015556    0.000208599    0.000164385
             61     -6.096e-05     0.00020418     0.00016175
