              1        2.03589        2.03589              0
              2         2.0338        2.03485    0.000741267
              3        2.00386        2.02452     0.00844897
              4        2.11086         2.0461      0.0197389
              5        1.99155        2.03519      0.0185635
              6        1.89304         2.0115      0.0265901
              7        1.95757         2.0038      0.0238813
              8         2.0955        2.01526      0.0234866
              9         1.9759        2.01089      0.0212801
             10        1.92685        2.00248      0.0207452
             11        1.92226        1.99519      0.0201003
             12         2.0228        1.99749      0.0185565
             13        2.00335        1.99794      0.0171346
             14        2.05413        2.00195      0.0163739
             15        2.06259          2.006      0.0157734
             16        2.06871        2.00992      0.0152667
             17        2.09529        2.01494      0.0151723
             18        1.91355        2.00931      0.0153394
             19        2.05134        2.01152      0.0146908
             20        1.94362        2.00812      0.0143431
             21        2.04715        2.00998        0.01378
             22        1.95046        2.00728      0.0134165
             23        2.00332         2.0071      0.0128343
             24        2.09687        2.01084       0.012833
             25        1.91282        2.00692      0.0129048
             26        1.95038        2.00475      0.0125904
             27        2.10621        2.00851      0.0126725
             28        1.88939        2.00425      0.0129142
             29        1.97038        2.00308      0.0125216
             30        1.89243         1.9994      0.0126358
             31         1.9836        1.99889      0.0122384
             32        2.04499        2.00033      0.0119405
             33        2.11879        2.00392      0.0121062
             34        1.91021        2.00116      0.0120598
             35         1.9813        2.00059      0.0117286
             36        2.00269        2.00065      0.0114029
             37        2.06194        2.00231      0.0112144
             38        1.92414        2.00025      0.0111063
             39        1.96299         1.9993      0.0108626
             40        1.98589        1.99896      0.0105962
             41        2.03798        1.99991      0.0103804
             42        2.04742        2.00104      0.0101947
             43        1.97372        2.00041     0.00997738
             44        2.03857        2.00128     0.00978824
             45        2.09012        2.00325     0.00976779
             46        2.13397        2.00609     0.00996025
             47        2.07986        2.00766     0.00987121
             48        2.12867        2.01018     0.00998227
             49         1.9737        2.00944     0.00980628
             50        1.93276         2.0079     0.00972932
              1         2.0026         2.0026              0
              2        2.04756        2.02508      0.0158945
              3        1.99617        2.01544      0.0131971
              4        2.08692        2.03331      0.0183695
              5        2.00901        2.02845      0.0153248
              6        1.92931        2.01193      0.0197636
              7        1.96004        2.00452      0.0182776
              8        2.08738        2.01487      0.0186991
              9        1.96184        2.00898      0.0175254
             10        1.94756        2.00284      0.0168149
             11        1.95674        1.99865      0.0157998
             12        2.02174        2.00057      0.0145999
             13        1.98731        1.99955      0.0135124
             14        2.05394        2.00344      0.0130938
             15        2.03584         2.0056      0.0123977
             16        2.07434        2.00989      0.0123449
             17        2.08745        2.01446      0.0124331
             18        1.90676        2.00847      0.0131031
             19        2.03257        2.00974      0.0124747
             20        1.93709        2.00611      0.0123685
             21        2.07462        2.00937      0.0122022
             22        1.98205        2.00813      0.0117106
             23        2.01183        2.00829      0.0112025
             24        2.06734        2.01075      0.0110027
             25        1.87428        2.00529      0.0118395
             26        1.94776        2.00308      0.0115891
             27        2.07965        2.00591      0.0115016
             28        1.91349        2.00261      0.0115549
             29        1.98845        2.00213      0.0111667
             30        1.87122        1.99776      0.0116158
             31        1.97224        1.99694      0.0112703
             32        2.08212         1.9996       0.011228
             33        2.11729        2.00317      0.0114402
             34        1.90272        2.00021      0.0114788
             35        1.97701        1.99955      0.0111699
             36        1.98473        1.99914      0.0108672
             37        2.03885        2.00021      0.0106264
             38        1.90241        1.99764      0.0106539
             39          1.996         1.9976      0.0103808
             40        1.96828        1.99686      0.0101471
             41        2.05378        1.99825     0.00999415
             42        2.03308        1.99908     0.00979054
             43        1.98982        1.99887     0.00956522
             44        2.03922        1.99978     0.00939169
             45        2.11686        2.00238     0.00953655
             46        2.15177        2.00563     0.00986669
             47        2.05113         2.0066     0.00970413
             48        2.10965        2.00875     0.00973656
             49         1.9747        2.00805     0.00956262
             50        1.92483        2.00639     0.00951511
              1        2.00033        2.00033              0
              2        2.04756        2.02394      0.0166973
              3        1.99617        2.01469      0.0134546
              4        2.08692        2.03274      0.0186117
              5        2.00901          2.028      0.0154826
              6        1.92931        2.01155      0.0197964
              7        1.96004        2.00419       0.018285
              8        2.08738        2.01459      0.0187242
              9        1.96184        2.00873      0.0175373
             10        1.94756        2.00261      0.0168166
             11        1.95674        1.99844      0.0157964
             12        2.02174        2.00038      0.0145988
             13        1.98731        1.99938      0.0135104
             14        2.05394        2.00328      0.0130955
             15        2.03584        2.00545       0.012401
             16        2.07434        2.00975      0.0123509
             17        2.08745        2.01432      0.0124413
             18        1.90676        2.00835      0.0131068
             19        2.03257        2.00962      0.0124788
             20        1.93709          2.006      0.0123706
             21        2.07462        2.00926      0.0122055
             22        1.98205        2.00803      0.0117132
             23        2.01183        2.00819      0.0112051
             24        2.06734        2.01066       0.011006
             25        1.87428         2.0052      0.0118407
             26        1.94776        2.00299      0.0115895
             27        2.07965        2.00583      0.0115028
             28        1.91349        2.00253      0.0115551
             29        1.98845        2.00205      0.0111669
             30        1.87122        1.99769       0.011615
             31        1.97224        1.99687      0.0112693
             32        2.08212        1.99953      0.0112276
             33        2.11729         2.0031      0.0114405
             34        1.90272        2.00015      0.0114786
             35        1.97701        1.99949      0.0111696
             36        1.98473        1.99908      0.0108669
             37        2.03885        2.00015      0.0106262
             38        1.90241        1.99758      0.0106533
             39          1.996        1.99754      0.0103803
             40        1.96828        1.99681      0.0101465
             41        2.05378         1.9982     0.00999371
             42        2.03308        1.99903     0.00979022
             43        1.98982        1.99881     0.00956489
             44        2.03922        1.99973     0.00939148
             45        2.11686        2.00233     0.00953666
             46        2.15177        2.00558     0.00986714
             47        2.05113        2.00655     0.00970467
             48        2.10965         2.0087     0.00973729
             49         1.9747        2.00801     0.00956327
             50        1.92483        2.00634     0.00951558
              1        2.00033        2.00033              0
              2        2.04756        2.02394      0.0166973
              3        1.99617        2.01469      0.0134546
              4        2.08692        2.03274      0.0186117
              5        2.00901          2.028      0.0154826
              6        1.92931        2.01155      0.0197964
              7        1.96004        2.00419       0.018285
              8        2.08738        2.01459      0.0187242
              9        1.96184        2.00873      0.0175373
             10        1.94756        2.00261      0.0168166
             11        1.95674        1.99844      0.0157964
             12        2.02174        2.00038      0.0145988
             13        1.98731        1.99938      0.0135104
             14        2.05394        2.00328      0.0130955
             15        2.03584        2.00545       0.012401
             16        2.07434        2.00975      0.0123509
             17        2.08745        2.01432      0.0124413
             18        1.90676        2.00835      0.0131068
             19        2.03257        2.00962      0.0124788
             20        1.93709          2.006      0.0123706
             21        2.07462        2.00926      0.0122055
             22        1.98205        2.00803      0.0117132
             23        2.01183        2.00819      0.0112051
             24        2.06734        2.01066       0.011006
             25        1.87428         2.0052      0.0118407
             26        1.94776        2.00299      0.0115895
             27        2.07965        2.00583      0.0115028
             28        1.91349        2.00253      0.0115551
             29        1.98845        2.00205      0.0111669
             30        1.87122        1.99769       0.011615
             31        1.97224        1.99687      0.0112693
             32        2.08212        1.99953      0.0112276
             33        2.11729         2.0031      0.0114405
             34        1.90272        2.00015      0.0114786
             35        1.97701        1.99949      0.0111696
             36        1.98473        1.99908      0.0108669
             37        2.03885        2.00015      0.0106262
             38        1.90241        1.99758      0.0106533
             39          1.996        1.99754      0.0103803
             40        1.96828        1.99681      0.0101465
             41        2.05378         1.9982     0.00999371
             42        2.03308        1.99903     0.00979022
             43        1.98982        1.99881     0.00956489
             44        2.03922        1.99973     0.00939148
             45        2.11686        2.00233     0.00953666
             46        2.15177        2.00558     0.00986714
             47        2.05113        2.00655     0.00970467
             48        2.10965         2.0087     0.00973729
             49         1.9747        2.00801     0.00956327
             50        1.92483        2.00634     0.00951558
              1        2.00033        2.00033              0
              2        2.04756        2.02394      0.0166973
              3        1.99617        2.01469      0.0134546
              4        2.08692        2.03274      0.0186117
              5        2.00901          2.028      0.0154826
              6        1.92931        2.01155      0.0197964
              7        1.96004        2.00419       0.018285
              8        2.08738        2.01459      0.0187242
              9        1.96184        2.00873      0.0175373
             10        1.94756        2.00261      0.0168166
             11        1.95674        1.99844      0.0157964
             12        2.02174        2.00038      0.0145988
             13        1.98731        1.99938      0.0135104
             14        2.05394        2.00328      0.0130955
             15        2.03584        2.00545       0.012401
             16        2.07434        2.00975      0.0123509
             17        2.08745        2.01432      0.0124413
             18        1.90676        2.00835      0.0131068
             19        2.03257        2.00962      0.0124788
             20        1.93709          2.006      0.0123706
             21        2.07462        2.00926      0.0122055
             22        1.98205        2.00803      0.0117132
             23        2.01183        2.00819      0.0112051
             24        2.06734        2.01066       0.011006
             25        1.87428         2.0052      0.0118407
             26        1.94776        2.00299      0.0115895
             27        2.07965        2.00583      0.0115028
             28        1.91349        2.00253      0.0115551
             29        1.98845        2.00205      0.0111669
             30        1.87122        1.99769       0.011615
             31        1.97224        1.99687      0.0112693
             32        2.08212        1.99953      0.0112276
             33        2.11729         2.0031      0.0114405
             34        1.90272        2.00015      0.0114786
             35        1.97701        1.99949      0.0111696
             36        1.98473        1.99908      0.0108669
             37        2.03885        2.00015      0.0106262
             38        1.90241        1.99758      0.0106533
             39          1.996        1.99754      0.0103803
             40        1.96828        1.99681      0.0101465
             41        2.05378         1.9982     0.00999371
             42        2.03308        1.99903     0.00979022
             43        1.98982        1.99881     0.00956489
             44        2.03922        1.99973     0.00939148
             45        2.11686        2.00233     0.00953666
             46        2.15177        2.00558     0.00986714
             47        2.05113        2.00655     0.00970467
             48        2.10965         2.0087     0.00973729
             49         1.9747        2.00801     0.00956327
             50        1.92483        2.00634     0.00951558
              1        2.02112        2.02112              0
              2        2.01103        2.01607     0.00356768
              3        2.02978        2.02064     0.00442525
              4        2.02022        2.02054      0.0033202
              5        2.01348        2.01912     0.00294123
              6         2.0167        2.01872      0.0024786
              7        2.03775        2.02144      0.0032936
              8        2.03052        2.02257      0.0030711
              9        2.02172        2.02248     0.00273133
             10        2.01639        2.02187     0.00252509
             11        2.01259        2.02103     0.00243251
             12        2.02275        2.02117     0.00223404
             13        2.01126        2.02041     0.00218844
             14        2.01506        2.02002     0.00206523
             15        2.01522         2.0197     0.00195221
             16        2.00516         2.0188     0.00203091
             17        2.02194        2.01898     0.00191984
             18         2.0157         2.0188     0.00182181
             19        2.03442        2.01962     0.00190238
             20        2.02233        2.01976     0.00181207
             21        2.01389        2.01948     0.00174719
             22        2.01848        2.01943     0.00166837
             23        2.03272        2.02001     0.00169299
             24        2.00989        2.01959     0.00167415
             25        2.03273        2.02011     0.00168768
             26        2.02459        2.02029     0.00163155
             27        2.01708        2.02017     0.00157544
             28         2.0334        2.02064     0.00158851
             29        2.02817         2.0209     0.00155481
             30        2.01141        2.02058     0.00153482
             31        2.02871        2.02084     0.00150756
             32        2.02403        2.02094     0.00146373
             33        2.02696        2.02113     0.00143067
             34          2.006        2.02068     0.00145615
             35        2.01845        2.02062     0.00141594
             36         2.0157        2.02048     0.00138318
             37          2.022        2.02052      0.0013464
             38        2.01622        2.02041     0.00131572
             39        2.01523        2.02028     0.00128866
             40        2.02436        2.02038     0.00126048
             41         2.0259        2.02051     0.00123692
             42         2.0349        2.02086     0.00125398
             43        2.01415         2.0207     0.00123449
             44        2.02607        2.02082     0.00121245
             45        2.03379        2.02111     0.00121926
             46        2.01738        2.02103     0.00119544
             47        2.00478        2.02068     0.00121894
             48        2.02982        2.02087     0.00120832
             49        2.01426        2.02074     0.00119116
             50        2.01761        2.02068     0.00116898
             51        2.01685         2.0206     0.00114847
             52        2.02072         2.0206     0.00112639
             53         2.0163        2.02052     0.00110805
             54        2.01545        2.02043     0.00109151
             55        2.02129        2.02044     0.00107178
             56        2.01197        2.02029     0.00106327
             57        2.02756        2.02042     0.00105224
             58        2.02929        2.02057     0.00104515
             59         2.0192        2.02055      0.0010277
             60        2.01899        2.02052     0.00101089
             61        2.02424        2.02058    0.000996153
