-0.486829   0.49195   -0.49696
-0.358539   -0.324674   -0.493001
-0.495248   -0.327987   -0.332715
-0.341376   0.49585   -0.319175
-0.165668   -0.498048   -0.490344
0.000975936   -0.336104   -0.496679
-0.161832   -0.330521   -0.325664
0.00224506   -0.489748   -0.330936
0.174005   0.499521   -0.49571
0.338398   -0.340455   0.492658
0.173341   -0.338101   -0.333317
0.348053   0.498904   -0.342312
0.491753   -0.160531   0.491326
-0.332056   0.0223573   0.488824
0.499524   0.00781389   -0.336991
-0.331881   -0.151282   -0.312265
-0.19377   -0.172721   -0.497589
0.00245055   0.00426196   0.498518
-0.170002   0.00246638   -0.334911
-0.00171652   -0.176256   -0.325703
0.1801   -0.170413   0.456924
0.3479   0.0191556   0.495186
0.173871   -0.00785008   -0.337228
0.331056   -0.169739   -0.354955
0.489046   0.17882   -0.498094
-0.342125   0.322371   0.491098
0.497472   0.337873   -0.330832
-0.337101   0.170192   -0.331987
-0.158032   0.176858   0.499168
0.0210069   0.314076   -0.480029
-0.16806   0.343676   -0.349681
0.00577928   0.159176   -0.319656
0.181497   0.157491   -0.484419
0.33525   0.335042   -0.488657
0.161989   0.352083   -0.321431
0.338203   0.162006   -0.318909
0.497825   0.49404   -0.156538
-0.357923   -0.325643   -0.14204
0.485103   -0.331537   0.0191579
-0.342405   0.490518   -0.00711991
-0.176629   -0.477148   -0.171028
0.0182185   -0.326368   -0.1627
-0.177   -0.357315   0.0126556
-0.00534281   0.490995   -0.00847831
0.167168   -0.486664   -0.163173
0.332772   -0.338812   -0.162526
0.176116   -0.339926   0.00893999
0.345869   0.495021   -0.00108835
-0.497446   -0.158709   -0.179357
-0.342506   -0.00139798   -0.154028
0.488491   -0.00280244   0.0097202
-0.348484   -0.143631   0.00409536
-0.166377   -0.173554   -0.158316
0.0157054   0.00453829   -0.173466
-0.164225   -0.0169806   -0.0145588
-0.000282138   -0.177253   0.00319925
0.19072   -0.16916   -0.176986
0.334889   -0.00175358   -0.159453
0.160906   0.00508039   -0.0158506
0.335278   -0.170938   0.00364058
0.49281   0.171617   -0.167813
-0.316031   0.32676   -0.180246
-0.481927   0.334717   -0.00477938
-0.321154   0.161912   0.00104592
-0.159064   0.165187   -0.173726
-0.0147289   0.331846   -0.181168
-0.154171   0.333255   -0.0216678
0.00765335   0.169463   -0.0097283
0.175461   0.171313   -0.16924
0.323095   0.336586   -0.175806
0.159587   0.329073   -0.0137836
0.320216   0.170651   0.00460002
0.492515   -0.495151   0.166538
-0.341476   -0.330475   0.162427
-0.490996   -0.331861   0.325256
-0.34727   -0.490324   0.344946
-0.157641   0.488268   0.172315
0.00437924   -0.353585   0.157106
-0.182819   -0.336212   0.316232
0.0148555   0.487058   0.351637
0.177141   0.479715   0.159294
0.341295   -0.34367   0.179576
0.175777   -0.346658   0.315018
0.336806   0.479811   0.351111
0.490778   -0.175261   0.166998
-0.355005   0.00623574   0.162344
0.497231   0.00342715   0.339683
-0.303969   -0.14304   0.329112
-0.168959   -0.183271   0.155407
-0.000262767   -0.00129803   0.166791
-0.158973   0.006221   0.336805
-0.00819699   -0.184057   0.330192
0.160331   -0.160451   0.176457
0.304814   -0.000874093   0.167135
0.165053   0.00573234   0.333449
0.348308   -0.144851   0.322015
-0.498905   0.168852   0.166109
-0.331889   0.360681   0.175477
-0.49768   0.31866   0.333074
-0.330007   0.163884   0.331756
-0.16138   0.143056   0.144883
-0.0212378   0.328243   0.161522
-0.16623   0.350177   0.341079
-0.0108248   0.170248   0.351473
0.139725   0.180203   0.183077
0.353891   0.3319   0.158227
0.17223   0.33934   0.346051
0.325471   0.178428   0.344495
