-0.487007   0.492065   -0.496893
-0.35855   -0.324652   -0.493181
-0.495393   -0.328216   -0.332666
-0.341365   0.495683   -0.319191
-0.165789   -0.498077   -0.490362
0.00108992   -0.336086   -0.496769
-0.161879   -0.330504   -0.325704
0.00214878   -0.489923   -0.331257
0.174038   0.499436   -0.495619
0.338377   -0.340388   0.492575
0.173275   -0.338044   -0.33323
0.34787   0.498753   -0.342258
0.491818   -0.160639   0.491318
-0.331975   0.0223726   0.488761
0.499678   0.00774662   -0.336992
-0.332048   -0.151395   -0.312314
-0.193768   -0.172684   -0.497759
0.00247851   0.0041551   0.498625
-0.169818   0.00244494   -0.334891
-0.00191459   -0.17628   -0.325776
0.17997   -0.170547   0.456953
0.347999   0.0193456   0.495021
0.173831   -0.00791271   -0.337237
0.33113   -0.169623   -0.354898
0.489148   0.178896   -0.498074
-0.342196   0.322335   0.491151
0.497612   0.337865   -0.330674
-0.337221   0.170232   -0.331829
-0.158088   0.176793   0.499075
0.0209438   0.314104   -0.480122
-0.167898   0.343659   -0.349796
0.00569955   0.159233   -0.319553
0.181461   0.157416   -0.484431
0.335165   0.334935   -0.488529
0.161942   0.352185   -0.321311
0.338185   0.162224   -0.318992
0.497906   0.494135   -0.156547
-0.357987   -0.325628   -0.142063
0.485034   -0.331668   0.0192222
-0.3423   0.49045   -0.00724987
-0.176751   -0.477029   -0.171095
0.0182381   -0.326387   -0.162672
-0.177131   -0.35724   0.0127208
-0.00527363   0.491134   -0.00845215
0.167091   -0.486696   -0.163198
0.33287   -0.338947   -0.162452
0.176243   -0.339947   0.00881975
0.345882   0.494993   -0.00100355
-0.497512   -0.158683   -0.179379
-0.342413   -0.00126059   -0.154013
0.488472   -0.0028449   0.00974783
-0.348391   -0.143622   0.0040785
-0.166443   -0.173704   -0.158298
0.0159072   0.00437503   -0.173467
-0.164143   -0.0171521   -0.0145644
-0.000102439   -0.177215   0.00316524
0.190558   -0.168971   -0.176842
0.334646   -0.00187852   -0.159312
0.160747   0.00524222   -0.015713
0.335154   -0.170869   0.00368633
0.492761   0.171459   -0.167898
-0.315942   0.326745   -0.180371
-0.481841   0.334667   -0.00486365
-0.321216   0.16175   0.000913249
-0.158975   0.165329   -0.173843
-0.0148486   0.331853   -0.181127
-0.154126   0.33312   -0.0217462
0.00735835   0.169494   -0.00966246
0.175479   0.171232   -0.169236
0.323165   0.336563   -0.175844
0.159467   0.329142   -0.0136918
0.320046   0.17061   0.00465418
0.492454   -0.495096   0.1665
-0.341566   -0.330544   0.162479
-0.490994   -0.33189   0.325197
-0.347163   -0.490361   0.344833
-0.157683   0.488242   0.172383
0.00432409   -0.353481   0.157227
-0.182915   -0.33614   0.316276
0.0150738   0.487138   0.351705
0.177287   0.479811   0.159446
0.3413   -0.343514   0.17964
0.175791   -0.3464   0.3149
0.336811   0.479798   0.351004
0.490838   -0.175176   0.166945
-0.354919   0.00619673   0.162435
0.497356   0.00332028   0.339732
-0.303806   -0.142925   0.329292
-0.169019   -0.183163   0.155391
-0.000173007   -0.00117469   0.166662
-0.158839   0.00611798   0.336858
-0.00822306   -0.184054   0.330261
0.160403   -0.160439   0.176512
0.304904   -0.000946602   0.167122
0.165101   0.00563996   0.33346
0.348331   -0.144844   0.322035
-0.498929   0.168796   0.165988
-0.331824   0.360605   0.175485
-0.497572   0.318851   0.333113
-0.32997   0.164037   0.331609
-0.161229   0.143093   0.144729
-0.0212882   0.328255   0.161524
-0.166253   0.350208   0.34117
-0.0108813   0.170217   0.351526
0.139813   0.180155   0.183174
0.353883   0.332005   0.158265
0.172338   0.339371   0.346048
0.325392   0.178427   0.344496
