1.19039
1.1575
1.10253
1.02723
0.934275
0.827831
0.71361
0.598761
0.491401
0.399585
0.329985
0.286625
0.270145
0.277891
0.304751
0.344361
0.390328
0.437082
0.480344
0.51724
0.546219
0.566841
0.579531
0.5853
0.585613
0.582118
0.576501
0.570371
0.565175
0.562009
0.561593
0.564255
0.569938
0.578313
0.588709
0.600405
0.612652
0.624758
0.636136
0.646278
0.654835
0.661476
0.665893
0.667863
0.667157
0.663648
0.657322
0.648469
0.637748
0.626171
1.17856
1.14552
1.10485
1.06032
1.01576
0.974663
0.939731
0.912566
0.893681
0.88273
0.878705
0.880075
0.885055
0.891769
0.898564
0.904213
0.908057
0.909807
0.909263
0.905927
0.899249
0.888805
0.874884
0.858818
0.842966
0.830164
0.823163
0.823836
0.832511
0.8476
0.866104
0.884835
0.901552
0.915452
0.92685
0.936524
0.945068
0.952476
0.958141
0.961229
0.96117
0.957798
0.951502
0.942993
0.932931
0.921754
0.90945
0.895837
0.880872
0.865024
1.17756
1.14804
1.11573
1.08449
1.05797
1.03882
1.02816
1.02551
1.02935
1.0378
1.04912
1.06201
1.0753
1.08786
1.09856
1.10627
1.10997
1.10907
1.10363
1.09448
1.08339
1.07302
1.0663
1.06566
1.0723
1.08579
1.10418
1.12451
1.14329
1.15744
1.16473
1.16434
1.15682
1.14399
1.12842
1.11286
1.09948
1.08944
1.0827
1.07833
1.07478
1.07058
1.06485
1.05757
1.04944
1.04166
1.03539
1.03128
1.02942
1.02917
1.19674
1.18797
1.17318
1.15319
1.13037
1.10847
1.09176
1.08377
1.08648
1.0998
1.12183
1.14943
1.17918
1.2081
1.23427
1.25671
1.27535
1.29063
1.303
1.31248
1.3187
1.32082
1.31791
1.30933
1.2951
1.27595
1.25313
1.22778
1.20066
1.17223
1.14338
1.11591
1.09243
1.07532
1.06571
1.06285
1.06472
1.06907
1.07426
1.07928
1.08363
1.08716
1.08982
1.09165
1.09272
1.09317
1.09336
1.09383
1.09524
1.09835
1.20281
1.20676
1.21339
1.22431
1.24043
1.26164
1.28676
1.31402
1.34145
1.36718
1.38951
1.40685
1.41777
1.42118
1.41631
1.40308
1.38186
1.35358
1.31972
1.28236
1.24419
1.2085
1.17872
1.15754
1.14612
1.14404
1.14979
1.16137
1.17664
1.19324
1.20875
1.22075
1.22729
1.2272
1.22047
1.20858
1.19461
1.18268
1.17658
1.17827
1.18724
1.20126
1.21763
1.23424
1.24974
1.26331
1.2744
1.28251
1.28734
1.28884
1.19746
1.19417
1.19021
1.18557
1.18056
1.17606
1.17328
1.17323
1.17611
1.18104
1.1862
1.18932
1.18819
1.18129
1.16826
1.15013
1.12951
1.11008
1.09584
1.08987
1.09368
1.10672
1.12678
1.15072
1.1754
1.19836
1.2182
1.23459
1.24797
1.25916
1.26887
1.27709
1.28311
1.28577
1.28381
1.27633
1.26286
1.24368
1.21969
1.19263
1.16501
1.13991
1.12051
1.10957
1.10878
1.11835
1.13689
1.16165
1.1892
1.2161
1.22001
1.23545
1.24315
1.24179
1.23115
1.21252
1.18876
1.16386
1.14191
1.12611
1.1183
1.11878
1.12659
1.14002
1.15688
1.17477
1.19119
1.2036
1.20971
1.20797
1.19784
1.18038
1.15836
1.13588
1.11756
1.10714
1.10624
1.11395
1.12747
1.14322
1.15787
1.16905
1.17582
1.17879
1.1799
1.18162
1.18622
1.19466
1.20618
1.21852
1.22903
1.23557
1.23692
1.23334
1.2268
1.22031
1.21664
1.21698
1.22028
1.22425
1.20067
1.19872
1.19352
1.18569
1.17655
1.16783
1.16114
1.15756
1.15717
1.15919
1.16226
1.16508
1.16652
1.16591
1.16302
1.15789
1.15088
1.14238
1.13279
1.12263
1.1126
1.10343
1.0961
1.09169
1.091
1.09452
1.10231
1.11439
1.13071
1.15099
1.17415
1.19845
1.22188
1.24247
1.25851
1.26856
1.27135
1.26627
1.25366
1.23483
1.21221
1.18889
1.16822
1.15301
1.14481
1.14341
1.14705
1.15297
1.15857
1.16241
1.16463
1.16662
1.17
1.17546
1.18232
1.18869
1.19215
1.19075
1.18329
1.16999
1.15266
1.13432
1.1185
1.1083
1.10579
1.11152
1.12471
1.14348
1.16526
1.18744
1.2077
1.22434
1.2364
1.24358
1.24598
1.24405
1.23824
1.22907
1.2169
1.20204
1.18464
1.16489
1.14313
1.11996
1.09626
1.07301
1.05118
1.0316
1.01503
1.00217
0.99358
0.989553
0.989943
0.994367
1.00259
1.01487
1.03219
1.0559
1.08729
1.12666
1.17275
1.22261
1.27209
1.31657
1.35195
1.37534
1.38524
1.38173
1.36612
1.34051
1.30758
1.27047
1.23224
1.19579
1.16358
1.13746
1.11832
1.1061
1.10008
1.09929
1.10279
1.10991
1.11985
1.13145
1.14304
1.15272
1.15909
1.16178
1.16153
1.15991
1.1588
1.16011
1.16521
1.17477
1.18849
1.20482
1.22129
1.235
1.24351
1.24554
1.2412
1.23158
1.21816
1.20229
1.18474
1.16591
1.14606
1.12552
1.10492
1.08526
1.06787
1.05426
1.04595
1.04397
1.04869
1.05995
1.07729
1.10009
1.12731
1.15721
1.18723
1.21448
1.2364
1.25157
1.25987
1.26221
1.25972
1.25326
1.24348
1.23145
1.21871
1.20717
1.19836
1.19282
1.18987
1.18798
1.18516
1.1795
1.16965
1.15541
1.13783
1.1193
1.10329
1.09352
1.09296
1.10289
1.12247
1.14897
1.17868
1.20782
1.23307
1.25179
1.26187
1.26193
1.25115
1.22972
1.19896
1.16132
1.1205
1.08128
1.04893
1.02845
1.02319
1.03357
1.05657
1.08651
1.11692
1.14231
1.15937
1.16725
1.16727
1.16214
1.15536
1.1501
1.14856
1.15139
1.15776
1.16578
1.17313
1.17791
1.17895
1.17595
1.16932
1.16002
1.14914
1.13782
1.12714
1.11824
1.11252
1.11166
1.11699
1.12877
1.14551
1.16418
1.18119
1.19309
1.19735
1.19292
1.18036
1.16179
1.14045
1.12013
1.10466
1.09765
1.10211
1.11928
1.14738
1.18173
1.21624
1.24527
1.26483
1.2728
1.26914
1.25573
1.23607
1.21496
1.19719
1.18647
1.18435
1.19013
1.20146
1.2153
1.22847
1.23829
1.24289
1.2413
1.23381
1.22197
1.20843
1.19652
1.18901
1.18704
1.18984
1.19521
1.20046
1.20329
1.20215
1.19659
1.18738
1.17567
1.16246
1.14841
1.13383
1.11933
1.10596
1.09471
1.08633
1.081
1.07833
1.07764
1.07843
1.08043
1.08358
1.08776
1.09294
1.09978
1.10998
1.12547
1.14702
1.17299
1.19994
1.22418
1.24308
1.25522
1.26007
1.258
1.25014
1.23836
1.22475
1.21072
1.1968
1.18326
1.17077
1.16082
1.15521
1.15523
1.16067
1.16937
1.17771
1.18159
1.17779
1.165
1.1441
1.11793
1.09061
1.06668
1.05032
1.04457
1.05052
1.06693
1.09038
1.11615
1.13951
1.15718
1.16806
1.17335
1.17598
1.17971
1.18769
1.20141
1.21998
1.24061
1.25969
1.27391
1.2812
1.28117
1.27524
1.26612
1.25696
1.25018
1.24679
1.24618
1.24648
1.2452
1.2399
1.22863
1.21018
1.18426
1.15188
1.11538
1.07845
1.0458
1.02245
1.01208
1.01541
1.02974
1.0505
1.07361
1.09639
1.11735
1.13548
1.14993
1.16032
1.16687
1.17047
1.17247
1.17437
1.17727
1.18158
1.18712
1.19331
1.19966
1.20608
1.21259
1.21886
1.22388
1.22621
1.22437
1.21739
1.20512
1.18828
1.16834
1.14734
1.12767
1.11173
1.10148
1.09823
1.10238
1.11345
1.13049
1.15219
1.17699
1.20277
1.22709
1.24747
1.2619
1.26946
1.27036
1.26552
1.25628
1.24386
1.22912
1.2127
1.1952
1.17758
1.16139
1.14842
1.14019
1.13698
1.13771
1.14054
1.14351
1.14521
1.1449
1.14264
1.1393
1.13634
1.13539
1.13762
1.14317
1.1514
1.16151
1.17256
1.18348
1.19276
1.19843
1.19849
1.1915
1.17747
1.15844
1.13796
1.11969
1.10631
1.09985
1.10231
1.11523
1.13856
1.1702
1.20635
1.24209
1.27248
1.29325
1.30152
1.29638
1.27907
1.25305
1.22321
1.19465
1.17134
1.15534
1.14676
1.14417
1.14544
1.14853
1.15203
1.15511
1.1572
1.15805
1.15782
1.15723
1.15757
1.1601
1.16565
1.17408
1.18446
1.19539
1.20544
1.21355
1.21901
1.22151
1.221
1.21753
1.21104
1.20121
1.18801
1.1722
1.15546
1.13997
1.12775
1.12
1.11715
1.11913
1.12556
1.13596
1.14987
1.16681
1.18614
1.20701
1.22827
1.24844
1.2658
1.27861
1.28539
1.28529
1.27808
1.26352
1.24089
1.2094
1.16923
1.12256
1.07409
1.03077
0.999937
0.986901
0.99264
1.01364
1.04395
1.07797
1.11197
1.1441
1.17356
1.19969
1.22142
1.23734
1.24629
1.24801
1.24321
1.23319
1.21902
1.20116
1.17965
1.15511
1.12926
1.105
1.08591
1.07538
1.07582
1.08782
1.10985
1.1385
1.16934
1.1982
1.22217
1.24011
1.2526
1.26135
1.26824
1.2743
1.27903
1.28073
1.27705
1.26616
1.24748
1.22196
1.19181
1.16022
1.13076
1.10682
1.09074
1.08323
1.08335
1.0889
1.09723
1.10607
1.11373
1.11908
1.12135
1.12018
1.11574
1.10873
1.10041
1.09238
1.08649
1.08452
1.08795
1.09765
1.1141
1.13743
1.16731
1.20278
1.24207
1.28245
1.3205
1.35288
1.3765
1.38885
1.388
1.37273
1.34303
1.30055
1.24897
1.19318
1.13852
1.08963
1.04966
1.02016
1.00131
0.992576
0.993088
1.00201
1.01871
1.04274
1.07337
1.10906
1.14714
1.18402
1.21571
1.23869
1.25039
1.24972
1.23715
1.21495
1.18687
1.15741
1.1311
1.11176
1.10169
1.1014
1.10917
1.12162
1.13488
1.14602
1.15386
1.15891
1.16257
1.16639
1.17147
1.17808
1.18566
1.19314
1.19934
1.20325
1.20427
1.20227
1.19757
1.19071
1.18237
1.17336
1.16477
1.15823
1.15615
1.16127
1.17531
1.19733
1.22304
1.24623
1.26146
1.26579
1.25928
1.2441
1.22367
1.20172
1.1816
1.1658
1.15552
1.15082
1.15064
1.15337
1.15738
1.16124
1.16353
1.16278
1.15788
1.14873
1.13636
1.12265
1.10967
1.09935
1.09308
1.09142
1.09405
1.10006
1.10829
1.11754
1.12681
1.13546
1.14328
1.15068
1.15832
1.16686
1.17659
1.18737
1.19863
1.20945
1.21871
1.22528
1.22827
1.22741
1.22325
1.21715
1.21102
1.20689
1.206
1.20837
1.21278
1.21749
1.22102
1.22253
1.22207
1.22046
1.21875
1.2178
1.21782
1.21828
1.21815
1.21645
1.21258
1.20663
1.19904
1.18996
1.17912
1.16628
1.1516
1.13571
1.11969
1.10488
1.09268
1.08451
1.08144
1.084
1.09197
1.10456
1.12048
1.13808
1.15537
1.17001
1.17971
1.18263
1.17776
1.16495
1.14526
1.12077
1.09471
1.07111
1.05406
1.04667
1.05008
1.06329
1.08401
1.10933
1.13663
1.16392
1.18987
1.21356
1.23432
1.25169
1.26536
1.27507
1.28079
1.28241
1.27973
1.27225
1.25929
1.24065
1.21697
1.1901
1.16247
1.13604
1.11174
1.08994
1.07119
1.05704
1.05002
1.05301
1.06773
1.09337
1.12639
1.16189
1.19548
1.2242
1.24678
1.26314
1.27364
1.27843
1.27718
1.26909
1.25336
1.22982
1.19954
1.16484
1.1292
1.09676
1.07179
1.05793
1.05722
1.06938
1.09167
1.11976
1.14892
1.17514
1.19577
1.20958
1.21637
1.21678
1.21222
1.20482
1.19706
1.19113
1.1883
1.1884
1.1901
1.19149
1.19084
1.18722
1.18077
1.17258
1.16414
1.15726
1.15344
1.1534
1.1567
1.16201
1.16751
1.17155
1.17317
1.17225
1.16937
1.16555
1.16182
1.15887
1.15685
1.15559
1.15497
1.15543
1.15796
1.16349
1.17215
1.18303
1.19439
1.20437
1.21176
1.21613
1.21724
1.21446
1.207
1.19451
1.17758
1.15793
1.138
1.12026
1.10635
1.09649
1.08965
1.08483
1.08161
1.08019
1.08071
1.08284
1.08573
1.08863
1.09174
1.09644
1.10495
1.11928
1.14042
1.16744
1.19772
1.22767
1.25387
1.27379
1.28622
1.29087
1.28806
1.27826
1.26202
1.23988
1.21276
1.18212
1.15011
1.1196
1.0937
1.07537
1.06698
1.06985
1.08396
1.10758
1.1372
1.16811
1.19562
1.21617
1.22779
1.2302
1.22438
1.21255
1.19786
1.1834
1.17156
1.16315
1.15765
1.15408
1.15215
1.15273
1.15722
1.1661
1.17812
1.19052
1.20004
1.20417
1.20199
1.19434
1.18341
1.17197
1.16256
1.15683
1.15497
1.15581
1.15745
1.15814
1.15702
1.15447
1.15185
1.15104
1.15369
1.1606
1.17162
1.18548
1.20013
1.21314
1.22205
1.22489
1.22068
1.20957
1.19289
1.17305
1.15282
1.1346
1.11983
1.10882
1.10136
1.0977
1.09919
1.10806
1.1258
1.15134
1.18074
1.20883
1.23105
1.24447
1.24787
1.24151
1.22676
1.20554
1.18032
1.15385
1.12934
1.10995
1.09827
1.09555
1.10147
1.11433
1.1313
1.14901
1.16413
1.17392
1.1767
1.17205
1.16101
1.14602
1.13063
1.11892
1.11447
1.11913
1.13241
1.15171
1.17307
1.19226
1.20591
1.21209
1.21079
1.20357
1.19295
1.18164
1.17166
1.16399
1.15859
1.155
1.15279
1.15201
1.15278
1.15495
1.15795
1.16132
1.16536
1.17132
1.18078
1.19448
1.21156
1.22973
1.24642
1.2594
1.26688
1.26757
1.26054
1.24542
1.22277
1.19452
1.1638
1.13418
1.1087
1.08913
