-7.83859
-7.79792
-7.7253
-7.63674
-7.53187
-7.41497
-7.29516
-7.1768
-7.06869
-6.97688
-6.90719
-6.86493
-6.85007
-6.85869
-6.8881
-6.9283
-6.97459
-7.01954
-7.0626
-7.09908
-7.12528
-7.14508
-7.15961
-7.16574
-7.16495
-7.16019
-7.1538
-7.14932
-7.14623
-7.14429
-7.14579
-7.14779
-7.15214
-7.16172
-7.17002
-7.18148
-7.19471
-7.20742
-7.21772
-7.22675
-7.23643
-7.2435
-7.24898
-7.25328
-7.25262
-7.24883
-7.24126
-7.23251
-7.22262
-7.212
-7.18419
-7.14991
-7.10543
-7.06267
-7.01669
-6.97707
-6.94286
-6.9149
-6.89619
-6.88307
-6.87934
-6.87953
-6.88639
-6.89286
-6.89991
-6.90378
-6.90807
-6.91025
-6.90978
-6.90581
-6.89974
-6.88989
-6.87406
-6.85757
-6.84221
-6.82922
-6.82195
-6.82312
-6.83254
-6.84812
-6.8697
-6.88895
-6.90637
-6.92064
-6.93215
-6.94202
-6.9469
-6.95417
-6.96058
-6.96273
-6.96558
-6.96059
-6.95307
-6.94373
-6.93419
-6.92194
-6.91016
-6.89835
-6.8797
-6.86349
-6.83714
-6.80555
-6.77317
-6.74127
-6.71474
-6.69578
-6.6837
-6.68145
-6.68551
-6.69368
-6.70715
-6.72142
-6.73502
-6.74615
-6.75887
-6.76816
-6.77142
-6.76973
-6.76354
-6.7528
-6.74068
-6.73087
-6.72563
-6.72731
-6.73533
-6.75006
-6.76881
-6.78816
-6.80694
-6.82145
-6.82734
-6.82521
-6.81804
-6.80545
-6.79073
-6.77564
-6.7632
-6.75124
-6.74641
-6.74252
-6.73929
-6.734
-6.72907
-6.71874
-6.71157
-6.70162
-6.69522
-6.692
-6.69001
-6.68923
-6.68419
-6.67548
-6.65913
-6.63775
-6.61549
-6.59165
-6.57567
-6.57128
-6.57476
-6.58875
-6.61246
-6.6401
-6.66989
-6.69764
-6.72281
-6.74454
-6.76476
-6.77877
-6.79117
-6.79906
-6.8062
-6.80948
-6.80894
-6.79816
-6.78307
-6.76349
-6.74231
-6.7145
-6.68625
-6.65838
-6.63021
-6.60464
-6.57943
-6.5624
-6.55386
-6.55254
-6.55412
-6.55926
-6.56382
-6.56846
-6.57403
-6.57845
-6.58133
-6.58341
-6.58441
-6.58514
-6.58241
-6.58262
-6.58352
-6.58522
-6.58936
-6.59188
-6.59855
-6.61125
-6.62694
-6.64731
-6.67532
-6.70366
-6.73101
-6.75938
-6.7829
-6.80064
-6.81247
-6.81378
-6.80742
-6.79531
-6.77431
-6.74409
-6.70913
-6.67156
-6.63477
-6.59888
-6.56564
-6.54347
-6.53206
-6.52889
-6.53662
-6.54737
-6.56321
-6.58013
-6.59507
-6.60531
-6.61123
-6.60884
-6.60183
-6.58924
-6.57527
-6.5641
-6.55938
-6.5625
-6.57242
-6.58809
-6.60424
-6.62111
-6.63743
-6.65109
-6.66255
-6.6697
-6.67322
-6.67503
-6.67163
-6.67086
-6.66619
-6.66084
-6.65421
-6.6495
-6.64728
-6.64786
-6.65262
-6.65702
-6.66144
-6.66423
-6.66419
-6.65732
-6.64371
-6.62519
-6.60289
-6.58218
-6.5693
-6.56362
-6.57133
-6.58455
-6.60677
-6.63156
-6.65487
-6.67691
-6.69706
-6.71474
-6.72721
-6.7392
-6.74942
-6.75682
-6.76158
-6.76351
-6.76233
-6.75394
-6.7402
-6.71951
-6.6948
-6.66561
-6.63745
-6.61278
-6.59476
-6.58769
-6.58763
-6.59754
-6.61879
-6.64399
-6.66968
-6.69537
-6.71925
-6.73302
-6.74212
-6.73983
-6.72863
-6.70932
-6.68785
-6.66566
-6.64323
-6.62396
-6.61699
-6.61696
-6.62477
-6.63898
-6.65638
-6.67262
-6.68843
-6.69868
-6.70374
-6.70213
-6.69152
-6.6741
-6.65247
-6.62955
-6.61253
-6.604
-6.60469
-6.61443
-6.62801
-6.64606
-6.66013
-6.66927
-6.67301
-6.67764
-6.67868
-6.68061
-6.68524
-6.69471
-6.70676
-6.71903
-6.72923
-6.73399
-6.73221
-6.73114
-6.72607
-6.72203
-6.71874
-6.71622
-6.71938
-6.72199
-6.72193
-6.719
-6.71155
-6.70287
-6.69595
-6.68769
-6.68096
-6.67739
-6.67761
-6.68141
-6.68484
-6.68757
-6.6885
-6.68929
-6.68649
-6.68149
-6.67398
-6.66536
-6.65568
-6.64518
-6.63617
-6.62519
-6.61811
-6.61404
-6.61376
-6.61738
-6.62722
-6.63746
-6.6529
-6.67645
-6.69948
-6.72412
-6.74702
-6.76561
-6.78241
-6.79276
-6.79477
-6.78793
-6.77495
-6.75723
-6.7331
-6.71054
-6.69127
-6.67543
-6.666
-6.66456
-6.67051
-6.67844
-6.68423
-6.68755
-6.69031
-6.69108
-6.69498
-6.70193
-6.70885
-6.71535
-6.71711
-6.71546
-6.70772
-6.69325
-6.67437
-6.65612
-6.64139
-6.63091
-6.6289
-6.63478
-6.64702
-6.66653
-6.68912
-6.71184
-6.73117
-6.7477
-6.75928
-6.76565
-6.76662
-6.76331
-6.75746
-6.74927
-6.73424
-6.71976
-6.70211
-6.68214
-6.66118
-6.64019
-6.61357
-6.58945
-6.5691
-6.55076
-6.53777
-6.52596
-6.51782
-6.5149
-6.51571
-6.52084
-6.52879
-6.54088
-6.55877
-6.58417
-6.61605
-6.65488
-6.70377
-6.7538
-6.80428
-6.84575
-6.87972
-6.90213
-6.91228
-6.90651
-6.88883
-6.86268
-6.83016
-6.79215
-6.75397
-6.71816
-6.68552
-6.65942
-6.64067
-6.62748
-6.62366
-6.62333
-6.62723
-6.63499
-6.64419
-6.65393
-6.66638
-6.67481
-6.67919
-6.68283
-6.68139
-6.68005
-6.67943
-6.6801
-6.68724
-6.69726
-6.71165
-6.72845
-6.7451
-6.75838
-6.76693
-6.76927
-6.76369
-6.75201
-6.73861
-6.72319
-6.70582
-6.68526
-6.66468
-6.64345
-6.62256
-6.60242
-6.58761
-6.57252
-6.56351
-6.56154
-6.5679
-6.58109
-6.59674
-6.62263
-6.65248
-6.68219
-6.71142
-6.74051
-6.76277
-6.77788
-6.78586
-6.78637
-6.78215
-6.77501
-6.76559
-6.75535
-6.74038
-6.72971
-6.72122
-6.71404
-6.71322
-6.71101
-6.70702
-6.70227
-6.69068
-6.67669
-6.65887
-6.63946
-6.6239
-6.61559
-6.61606
-6.62768
-6.64777
-6.67282
-6.70362
-6.73251
-6.75722
-6.77353
-6.78267
-6.78134
-6.76947
-6.74703
-6.71448
-6.6773
-6.63382
-6.59666
-6.56593
-6.54654
-6.54385
-6.55763
-6.58193
-6.61156
-6.64202
-6.66571
-6.68185
-6.69144
-6.69081
-6.68438
-6.67794
-6.6707
-6.66734
-6.6709
-6.67786
-6.68592
-6.69082
-6.69624
-6.69752
-6.69608
-6.68816
-6.67832
-6.66961
-6.6609
-6.64808
-6.63651
-6.63282
-6.63221
-6.63852
-6.65154
-6.66797
-6.68536
-6.70233
-6.71291
-6.71567
-6.7107
-6.69873
-6.67972
-6.65506
-6.63473
-6.6206
-6.61461
-6.62194
-6.64132
-6.67062
-6.70592
-6.74011
-6.76769
-6.78745
-6.79293
-6.78981
-6.77429
-6.75361
-6.73068
-6.71542
-6.70779
-6.7075
-6.71363
-6.72698
-6.74186
-6.75449
-6.76548
-6.76948
-6.76759
-6.76153
-6.74678
-6.73098
-6.71876
-6.71276
-6.71165
-6.71612
-6.72128
-6.72573
-6.72855
-6.72566
-6.72033
-6.71083
-6.69666
-6.68334
-6.66793
-6.65559
-6.6405
-6.62763
-6.61729
-6.60921
-6.60385
-6.60206
-6.60089
-6.6018
-6.60328
-6.60556
-6.61113
-6.61546
-6.6206
-6.62865
-6.6467
-6.6688
-6.69666
-6.72415
-6.74731
-6.76752
-6.77894
-6.78404
-6.78068
-6.77298
-6.76093
-6.74723
-6.73449
-6.7193
-6.70581
-6.69512
-6.68682
-6.68173
-6.68039
-6.68596
-6.69319
-6.70094
-6.7032
-6.69788
-6.68259
-6.66133
-6.6316
-6.60603
-6.5856
-6.57116
-6.56656
-6.57366
-6.59031
-6.61552
-6.64157
-6.66609
-6.68406
-6.69106
-6.69528
-6.69591
-6.70155
-6.71138
-6.72566
-6.74134
-6.76134
-6.78233
-6.79528
-6.80247
-6.80241
-6.79699
-6.78741
-6.7784
-6.77322
-6.77114
-6.7704
-6.77034
-6.77006
-6.76327
-6.75424
-6.73244
-6.70483
-6.67256
-6.63616
-6.59813
-6.56424
-6.54206
-6.53406
-6.53672
-6.5519
-6.57307
-6.59657
-6.62116
-6.63994
-6.65903
-6.67599
-6.68793
-6.69218
-6.69361
-6.69521
-6.69686
-6.69924
-6.70401
-6.71159
-6.71781
-6.72319
-6.73092
-6.73776
-6.7417
-6.74781
-6.7501
-6.7481
-6.74188
-6.72717
-6.70897
-6.69043
-6.67043
-6.64908
-6.63428
-6.62631
-6.62444
-6.62705
-6.63844
-6.65665
-6.6794
-6.70342
-6.72917
-6.75418
-6.77308
-6.78813
-6.79435
-6.79365
-6.78961
-6.77774
-6.76505
-6.75108
-6.73323
-6.71567
-6.69649
-6.68119
-6.67058
-6.66448
-6.66367
-6.66406
-6.66666
-6.66859
-6.66979
-6.66927
-6.66556
-6.66347
-6.66
-6.65932
-6.66222
-6.66743
-6.67783
-6.68872
-6.69982
-6.71032
-6.71837
-6.72357
-6.72135
-6.71233
-6.69865
-6.67606
-6.65403
-6.63549
-6.6266
-6.62029
-6.62602
-6.64033
-6.66721
-6.69886
-6.73713
-6.77224
-6.80184
-6.82341
-6.8284
-6.82228
-6.80325
-6.77759
-6.74539
-6.71461
-6.69196
-6.67479
-6.66625
-6.66609
-6.66892
-6.67243
-6.67527
-6.67892
-6.68186
-6.68226
-6.68325
-6.68269
-6.68222
-6.68503
-6.69121
-6.70054
-6.71137
-6.72324
-6.73347
-6.74037
-6.74359
-6.74546
-6.74336
-6.73961
-6.73441
-6.72327
-6.71137
-6.6957
-6.67575
-6.66018
-6.64998
-6.64304
-6.63873
-6.64247
-6.64965
-6.66107
-6.67271
-6.6909
-6.7114
-6.73365
-6.7565
-6.77549
-6.79021
-6.80183
-6.80794
-6.80778
-6.79986
-6.78388
-6.76137
-6.72865
-6.68834
-6.64188
-6.59391
-6.55152
-6.52196
-6.51019
-6.51865
-6.5399
-6.57081
-6.60431
-6.63884
-6.66975
-6.69956
-6.72725
-6.74749
-6.76244
-6.77098
-6.76876
-6.76468
-6.75387
-6.73932
-6.72239
-6.69956
-6.67447
-6.64831
-6.62472
-6.60634
-6.59423
-6.59648
-6.6096
-6.63214
-6.66122
-6.69301
-6.7231
-6.74617
-6.76319
-6.7736
-6.78338
-6.7921
-6.79678
-6.80227
-6.80516
-6.80212
-6.79045
-6.7707
-6.7433
-6.71253
-6.67937
-6.65096
-6.62708
-6.61056
-6.60161
-6.60271
-6.60898
-6.61746
-6.6269
-6.63469
-6.63944
-6.64332
-6.64504
-6.6403
-6.6318
-6.62279
-6.61489
-6.60898
-6.60685
-6.61217
-6.62188
-6.63999
-6.66303
-6.69449
-6.72818
-6.76771
-6.80932
-6.84922
-6.8815
-6.90345
-6.91521
-6.9149
-6.89913
-6.8674
-6.82187
-6.76995
-6.71015
-6.65718
-6.60647
-6.56912
-6.54134
-6.52127
-6.51415
-6.51521
-6.52462
-6.5411
-6.56615
-6.59737
-6.63409
-6.67352
-6.71233
-6.74298
-6.76266
-6.77315
-6.76961
-6.75692
-6.73653
-6.70972
-6.68135
-6.65429
-6.63677
-6.62865
-6.62896
-6.63543
-6.64879
-6.66194
-6.67342
-6.67996
-6.68448
-6.68679
-6.68908
-6.69529
-6.70074
-6.70674
-6.71318
-6.72081
-6.7238
-6.72711
-6.72644
-6.72214
-6.71477
-6.70665
-6.69828
-6.68916
-6.68522
-6.68374
-6.6897
-6.70463
-6.72857
-6.75398
-6.77627
-6.78919
-6.79143
-6.78198
-6.76676
-6.74536
-6.72216
-6.70011
-6.68678
-6.67804
-6.67579
-6.67372
-6.67664
-6.68265
-6.68707
-6.68815
-6.68734
-6.68038
-6.6702
-6.65793
-6.64257
-6.62849
-6.61949
-6.61626
-6.61506
-6.61776
-6.62307
-6.63211
-6.64172
-6.65128
-6.66081
-6.66662
-6.67304
-6.68139
-6.69069
-6.70087
-6.71043
-6.72137
-6.73306
-6.74048
-6.74575
-6.74641
-6.74648
-6.74206
-6.73715
-6.73211
-6.72891
-6.73031
-6.73328
-6.73813
-6.74245
-6.74711
-6.75002
-6.74519
-6.7419
-6.73829
-6.73777
-6.73754
-6.73832
-6.73839
-6.73811
-6.73305
-6.73047
-6.72209
-6.71285
-6.69923
-6.68749
-6.67168
-6.6554
-6.63846
-6.62417
-6.61393
-6.6072
-6.60338
-6.6065
-6.61563
-6.62894
-6.64479
-6.66051
-6.677
-6.69028
-6.70099
-6.70349
-6.69748
-6.68489
-6.66623
-6.64206
-6.61573
-6.59195
-6.57382
-6.56685
-6.57066
-6.58702
-6.60833
-6.63396
-6.66101
-6.68692
-6.71268
-6.73675
-6.7559
-6.77097
-6.78716
-6.79809
-6.80405
-6.80494
-6.8018
-6.7938
-6.7806
-6.76302
-6.73957
-6.71316
-6.68395
-6.65836
-6.63591
-6.61179
-6.59277
-6.5792
-6.57273
-6.57782
-6.59566
-6.62159
-6.65411
-6.68767
-6.72087
-6.74901
-6.7716
-6.78898
-6.79664
-6.79956
-6.79863
-6.78982
-6.77329
-6.74642
-6.71525
-6.67996
-6.64444
-6.6145
-6.59049
-6.57886
-6.58046
-6.5938
-6.61494
-6.6427
-6.67173
-6.69813
-6.71876
-6.73025
-6.73603
-6.73749
-6.73189
-6.72952
-6.72088
-6.71523
-6.71434
-6.71468
-6.71514
-6.71413
-6.71353
-6.70992
-6.70292
-6.69657
-6.69014
-6.68124
-6.67876
-6.67813
-6.68299
-6.68711
-6.69188
-6.69603
-6.6961
-6.69461
-6.69127
-6.68904
-6.68536
-6.67992
-6.67765
-6.67646
-6.67722
-6.67815
-6.68095
-6.68777
-6.69736
-6.70773
-6.71709
-6.7262
-6.73265
-6.73768
-6.74168
-6.73652
-6.73019
-6.71688
-6.69894
-6.67914
-6.66256
-6.64353
-6.62875
-6.61762
-6.60909
-6.60573
-6.60203
-6.60047
-6.60086
-6.60473
-6.60894
-6.6115
-6.61501
-6.61869
-6.629
-6.64464
-6.66515
-6.6949
-6.7237
-6.75309
-6.782
-6.80153
-6.81318
-6.8161
-6.81223
-6.80307
-6.78718
-6.76676
-6.73435
-6.70282
-6.67211
-6.63997
-6.61438
-6.5963
-6.58965
-6.59464
-6.61013
-6.63291
-6.66483
-6.69788
-6.72386
-6.7439
-6.75492
-6.75676
-6.7473
-6.73471
-6.7212
-6.70886
-6.69736
-6.68831
-6.68369
-6.67833
-6.6753
-6.67719
-6.68277
-6.69139
-6.70328
-6.71359
-6.72429
-6.7265
-6.72371
-6.71626
-6.70515
-6.6951
-6.68407
-6.68003
-6.67657
-6.67791
-6.6792
-6.6794
-6.67713
-6.67482
-6.67262
-6.67371
-6.67806
-6.68347
-6.69452
-6.70661
-6.7209
-6.73457
-6.74651
-6.74771
-6.74376
-6.73201
-6.71391
-6.6939
-6.6699
-6.65101
-6.63467
-6.62499
-6.62016
-6.61725
-6.61905
-6.62909
-6.65031
-6.67482
-6.70563
-6.733
-6.75541
-6.76624
-6.76798
-6.76071
-6.74651
-6.72607
-6.69994
-6.67416
-6.65002
-6.63034
-6.6192
-6.61835
-6.62669
-6.64074
-6.65568
-6.67101
-6.687
-6.6968
-6.6998
-6.69412
-6.68385
-6.66929
-6.65375
-6.64198
-6.63936
-6.64332
-6.65736
-6.67738
-6.69774
-6.71651
-6.72947
-6.73487
-6.73418
-6.72747
-6.71601
-6.70281
-6.69175
-6.68464
-6.67977
-6.67633
-6.6749
-6.67427
-6.67714
-6.67975
-6.6828
-6.68782
-6.68972
-6.69596
-6.70422
-6.71897
-6.73628
-6.75215
-6.76824
-6.78236
-6.78954
-6.79013
-6.7823
-6.76703
-6.74208
-6.71247
-6.68363
-6.6569
-6.63097
-6.60979
