0.793591
0.771664
0.735023
0.684817
0.62285
0.551887
0.47574
0.399174
0.3276
0.26639
0.21999
0.191083
0.180096
0.185261
0.203167
0.229574
0.260219
0.291388
0.320229
0.344826
0.364146
0.377894
0.386354
0.3902
0.390409
0.388079
0.384334
0.380247
0.376784
0.374673
0.374395
0.37617
0.379959
0.385542
0.392473
0.40027
0.408435
0.416505
0.42409
0.430852
0.436557
0.440984
0.443929
0.445242
0.444771
0.442432
0.438215
0.432313
0.425166
0.417447
0.785708
0.763683
0.736565
0.706879
0.677175
0.649775
0.626487
0.608377
0.595787
0.588487
0.585804
0.586717
0.590037
0.594513
0.599042
0.602809
0.605371
0.606538
0.606176
0.603951
0.599499
0.592537
0.583256
0.572545
0.561977
0.553443
0.548775
0.549224
0.555007
0.565067
0.577403
0.58989
0.601034
0.610301
0.6179
0.624349
0.630045
0.634984
0.63876
0.640819
0.64078
0.638532
0.634335
0.628662
0.621954
0.614503
0.6063
0.597225
0.587248
0.576683
0.785041
0.765358
0.743821
0.722993
0.705312
0.69255
0.685443
0.683675
0.686233
0.691868
0.699416
0.708005
0.716868
0.725238
0.732375
0.737513
0.739978
0.739382
0.735754
0.729653
0.722262
0.715347
0.710865
0.710441
0.714868
0.723858
0.736123
0.749672
0.762193
0.771624
0.776489
0.776224
0.771215
0.762657
0.752278
0.741909
0.732989
0.726293
0.721798
0.718885
0.716517
0.713721
0.709901
0.705044
0.699628
0.694437
0.690259
0.687522
0.686279
0.686117
0.797825
0.791982
0.78212
0.768791
0.753581
0.738979
0.727843
0.722514
0.724318
0.733201
0.747888
0.766288
0.786121
0.805402
0.822849
0.837809
0.850234
0.860423
0.868664
0.874989
0.879132
0.880545
0.878604
0.872884
0.863399
0.850633
0.835417
0.818522
0.800441
0.781487
0.762252
0.74394
0.728286
0.71688
0.710473
0.708568
0.709816
0.712715
0.716175
0.71952
0.722422
0.724775
0.726544
0.727765
0.728478
0.728778
0.728905
0.729218
0.730158
0.732233
0.801871
0.804508
0.808925
0.816205
0.826952
0.841091
0.857839
0.876015
0.894301
0.911452
0.926339
0.937902
0.945182
0.947452
0.94421
0.935388
0.921242
0.902387
0.87981
0.854908
0.82946
0.80567
0.785812
0.771691
0.764079
0.762691
0.766526
0.774248
0.784426
0.795491
0.805831
0.813832
0.818194
0.818137
0.813649
0.805722
0.796408
0.788454
0.78439
0.785512
0.791494
0.800838
0.811753
0.822825
0.833161
0.842209
0.849597
0.855008
0.858226
0.859226
0.79831
0.796113
0.793474
0.790382
0.787037
0.784041
0.782186
0.782155
0.784076
0.787362
0.790802
0.792882
0.792125
0.787525
0.778838
0.766752
0.753004
0.740054
0.730558
0.726578
0.729122
0.737817
0.751189
0.767148
0.783599
0.798907
0.812134
0.82306
0.831978
0.839442
0.845916
0.851396
0.855405
0.857177
0.855876
0.850888
0.841906
0.829118
0.813126
0.795088
0.776675
0.759939
0.747006
0.73971
0.739185
0.745567
0.757924
0.774432
0.7928
0.810732
0.813342
0.823635
0.828765
0.827858
0.82077
0.808345
0.792504
0.775905
0.761276
0.750741
0.745532
0.745852
0.751058
0.760013
0.771256
0.783182
0.794126
0.802397
0.806474
0.80531
0.798563
0.78692
0.772237
0.757253
0.745043
0.738092
0.737493
0.742634
0.751645
0.762149
0.771916
0.779369
0.783877
0.785862
0.786597
0.787746
0.79081
0.796437
0.804122
0.812346
0.819352
0.823713
0.824612
0.822225
0.817864
0.813541
0.811095
0.811321
0.813523
0.816169
0.80045
0.799149
0.795683
0.79046
0.784365
0.778553
0.774091
0.771707
0.771447
0.772791
0.77484
0.776719
0.777678
0.777273
0.775343
0.771929
0.767251
0.761586
0.75519
0.748422
0.741737
0.735618
0.730733
0.727791
0.727336
0.729681
0.734876
0.742925
0.753804
0.767329
0.782765
0.79897
0.814588
0.828314
0.839007
0.845706
0.847566
0.844178
0.835774
0.823222
0.808143
0.792597
0.778814
0.768676
0.763207
0.762276
0.764703
0.768647
0.77238
0.774942
0.776422
0.777748
0.779999
0.783639
0.788216
0.792459
0.794768
0.793832
0.788863
0.779992
0.768437
0.756213
0.745668
0.738866
0.737193
0.741013
0.749808
0.76232
0.776843
0.791626
0.805135
0.816227
0.824268
0.829057
0.830655
0.829365
0.825492
0.819377
0.811269
0.80136
0.789758
0.776592
0.762085
0.746639
0.730838
0.715342
0.700785
0.687733
0.676685
0.668112
0.662387
0.659702
0.659962
0.662911
0.66839
0.67658
0.688127
0.703935
0.724863
0.75111
0.78183
0.815076
0.848059
0.877714
0.9013
0.91689
0.92349
0.921151
0.910749
0.893673
0.87172
0.846983
0.821493
0.797192
0.77572
0.758306
0.74555
0.737398
0.733389
0.73286
0.735196
0.73994
0.746568
0.754301
0.762025
0.768482
0.772728
0.77452
0.774356
0.773272
0.772534
0.773407
0.776808
0.783182
0.792325
0.803213
0.814193
0.82333
0.829005
0.830362
0.827464
0.821056
0.812108
0.801525
0.789826
0.777273
0.764043
0.750347
0.736612
0.723506
0.711915
0.702843
0.697301
0.695978
0.699127
0.706636
0.718196
0.733393
0.751539
0.771473
0.791484
0.809651
0.824266
0.834378
0.839915
0.841475
0.83981
0.835508
0.828984
0.820964
0.812475
0.804783
0.798908
0.795212
0.793248
0.791989
0.790109
0.786333
0.779765
0.770276
0.758552
0.746201
0.735524
0.729012
0.72864
0.735262
0.748314
0.76598
0.785786
0.805214
0.822047
0.834525
0.841247
0.841283
0.834102
0.819812
0.799306
0.774212
0.747001
0.720855
0.699285
0.685634
0.682129
0.689048
0.70438
0.724339
0.744615
0.761542
0.772912
0.778167
0.778179
0.774762
0.770238
0.766732
0.76571
0.767593
0.771842
0.777185
0.782087
0.785272
0.785967
0.783969
0.779549
0.773345
0.766091
0.758544
0.751427
0.745493
0.74168
0.741107
0.74466
0.752511
0.76367
0.776122
0.787462
0.795392
0.798232
0.795277
0.786909
0.77453
0.760297
0.746754
0.73644
0.731765
0.734739
0.746186
0.76492
0.787822
0.810824
0.830178
0.843218
0.848531
0.846095
0.837153
0.82405
0.809973
0.798128
0.790977
0.789565
0.793417
0.800975
0.810198
0.81898
0.82553
0.828591
0.827532
0.822543
0.814644
0.805618
0.797679
0.792671
0.791361
0.793224
0.796805
0.800307
0.802193
0.801432
0.797726
0.791585
0.783778
0.774976
0.765605
0.755886
0.746222
0.737307
0.729808
0.72422
0.720667
0.718885
0.718427
0.718953
0.720289
0.722387
0.725172
0.728624
0.733187
0.739984
0.750314
0.764679
0.781991
0.799957
0.816122
0.828721
0.83681
0.84005
0.838666
0.833425
0.825573
0.816501
0.807147
0.797867
0.788837
0.780515
0.773881
0.770142
0.770153
0.773777
0.77958
0.78514
0.787726
0.78519
0.776669
0.762736
0.745288
0.727073
0.711123
0.700215
0.69638
0.700349
0.711288
0.726923
0.744101
0.759671
0.771451
0.778705
0.782233
0.783989
0.786472
0.791795
0.800942
0.813318
0.827075
0.839793
0.849272
0.854132
0.854113
0.850158
0.844082
0.837976
0.83345
0.83119
0.830786
0.830988
0.830133
0.826599
0.819088
0.806787
0.789505
0.76792
0.74359
0.718968
0.697203
0.681632
0.674718
0.676943
0.68649
0.700335
0.71574
0.730926
0.744901
0.756984
0.766617
0.773546
0.777911
0.780311
0.781646
0.782917
0.784848
0.787721
0.791412
0.795537
0.799771
0.804054
0.808394
0.812577
0.81592
0.817471
0.816244
0.811591
0.803412
0.792189
0.77889
0.764892
0.75178
0.741153
0.734322
0.732155
0.734922
0.742303
0.753658
0.768129
0.784657
0.801846
0.818063
0.83165
0.841267
0.846306
0.846904
0.843678
0.837521
0.829242
0.819412
0.808467
0.796802
0.785056
0.774259
0.765614
0.760127
0.757984
0.758472
0.760358
0.762339
0.763476
0.763267
0.761762
0.759532
0.757559
0.756925
0.758413
0.762112
0.767601
0.774338
0.781707
0.788985
0.795176
0.798955
0.798994
0.794335
0.784983
0.772295
0.758639
0.746461
0.737542
0.733231
0.734875
0.743488
0.759037
0.780136
0.804232
0.828063
0.848319
0.862165
0.867679
0.864253
0.852711
0.835367
0.815476
0.796435
0.780891
0.770229
0.764506
0.762782
0.763628
0.765688
0.768021
0.770073
0.77147
0.772032
0.771881
0.771489
0.771711
0.773399
0.777097
0.782721
0.789643
0.796926
0.803628
0.809035
0.812675
0.814338
0.813999
0.81169
0.807362
0.80081
0.792005
0.781466
0.770309
0.759983
0.751832
0.746668
0.744763
0.746085
0.750373
0.757305
0.766578
0.777873
0.79076
0.804672
0.81885
0.832292
0.843865
0.852403
0.856924
0.856857
0.852054
0.842345
0.827262
0.806265
0.779486
0.748371
0.716059
0.687178
0.666625
0.657934
0.66176
0.675762
0.695969
0.718649
0.741316
0.762733
0.782373
0.799791
0.814279
0.824896
0.830859
0.832006
0.82881
0.822124
0.812679
0.800774
0.786433
0.770072
0.752841
0.736665
0.723937
0.716917
0.717211
0.725216
0.739901
0.758999
0.779563
0.798802
0.814782
0.826741
0.835069
0.840903
0.845494
0.849531
0.852687
0.853817
0.851366
0.844108
0.831656
0.814642
0.794542
0.773482
0.753839
0.73788
0.727161
0.722152
0.722234
0.725932
0.731487
0.737383
0.742487
0.74605
0.747565
0.746786
0.743824
0.739152
0.733609
0.728255
0.724325
0.723016
0.725302
0.731765
0.742734
0.75829
0.778204
0.801857
0.828044
0.854965
0.880337
0.901921
0.917667
0.925902
0.925335
0.915153
0.895354
0.867036
0.832647
0.795453
0.759016
0.726418
0.699774
0.680104
0.667542
0.661717
0.662059
0.66801
0.679143
0.695163
0.715578
0.739371
0.76476
0.789345
0.810475
0.825794
0.833597
0.833147
0.824764
0.809968
0.791246
0.771606
0.754067
0.741175
0.734457
0.734266
0.739445
0.747749
0.756589
0.764015
0.769237
0.772609
0.775044
0.777591
0.780983
0.785387
0.790438
0.795426
0.79956
0.802168
0.802846
0.801516
0.798381
0.793804
0.788247
0.782239
0.776511
0.772155
0.77077
0.77418
0.78354
0.798222
0.815359
0.830819
0.84097
0.843862
0.839517
0.829401
0.81578
0.801146
0.787734
0.777203
0.770347
0.76721
0.767091
0.768912
0.771586
0.77416
0.775689
0.775186
0.771918
0.765822
0.757574
0.748431
0.739782
0.732897
0.728718
0.727613
0.72937
0.733376
0.738862
0.745025
0.751209
0.75697
0.762187
0.767123
0.772216
0.777904
0.784394
0.791583
0.799086
0.806302
0.812476
0.816853
0.818845
0.818275
0.815503
0.811432
0.807347
0.804594
0.803997
0.805581
0.808521
0.811662
0.814015
0.815021
0.814716
0.813641
0.812499
0.811869
0.811882
0.81219
0.812098
0.810964
0.808385
0.804419
0.799362
0.793304
0.786081
0.777522
0.767735
0.757142
0.74646
0.736586
0.728453
0.723009
0.720959
0.722664
0.727979
0.736371
0.746989
0.758718
0.770245
0.780007
0.786472
0.788421
0.785171
0.776635
0.763505
0.747179
0.729806
0.714071
0.702707
0.697781
0.70005
0.708863
0.722674
0.739557
0.757752
0.775947
0.793247
0.809042
0.822883
0.834463
0.843572
0.850046
0.853859
0.85494
0.853154
0.848165
0.839529
0.827101
0.811314
0.793402
0.774979
0.757358
0.741158
0.726624
0.714128
0.704693
0.700011
0.702006
0.711822
0.728916
0.750926
0.774596
0.796988
0.816135
0.831188
0.842091
0.849094
0.85229
0.851452
0.846063
0.835574
0.819882
0.799694
0.776563
0.7528
0.731175
0.714525
0.705284
0.704813
0.712921
0.727781
0.746509
0.765945
0.783427
0.797179
0.806387
0.810916
0.811189
0.80815
0.803213
0.798041
0.794087
0.792199
0.792267
0.793402
0.794328
0.793896
0.791479
0.787181
0.781722
0.776092
0.771504
0.768957
0.768937
0.771133
0.774674
0.778338
0.781031
0.782116
0.781497
0.779581
0.777036
0.774545
0.77258
0.771231
0.770391
0.769982
0.770286
0.771976
0.775659
0.781434
0.788686
0.796259
0.802911
0.807838
0.810754
0.811491
0.809637
0.80467
0.796338
0.785056
0.771952
0.758669
0.74684
0.737568
0.730991
0.726436
0.723223
0.721076
0.720128
0.720475
0.721896
0.723821
0.725752
0.727824
0.730962
0.736633
0.74619
0.760282
0.778296
0.798483
0.818445
0.835917
0.849196
0.857479
0.86058
0.858705
0.852176
0.841346
0.826588
0.808507
0.78808
0.766741
0.746399
0.729132
0.716914
0.711318
0.713231
0.722638
0.738384
0.758131
0.778743
0.797083
0.810782
0.81853
0.820137
0.81625
0.808367
0.798572
0.788936
0.781043
0.775435
0.771769
0.769386
0.768101
0.768488
0.771483
0.777398
0.785413
0.79368
0.800029
0.802778
0.80133
0.796224
0.788939
0.781313
0.775043
0.771222
0.769979
0.77054
0.771635
0.772092
0.771344
0.769645
0.767903
0.767363
0.769125
0.773736
0.781081
0.790318
0.800089
0.808758
0.814697
0.816594
0.813789
0.806382
0.79526
0.78203
0.768545
0.756403
0.746552
0.739213
0.73424
0.731799
0.732794
0.738708
0.750536
0.767558
0.787158
0.805888
0.820698
0.829644
0.831911
0.827672
0.817839
0.803693
0.786878
0.769232
0.752891
0.739969
0.732183
0.730367
0.734316
0.742885
0.754203
0.766008
0.776087
0.782614
0.784464
0.781367
0.77401
0.764016
0.753755
0.745948
0.742982
0.746086
0.75494
0.76781
0.782044
0.794841
0.803937
0.808063
0.807194
0.802381
0.795301
0.787759
0.781107
0.775993
0.772393
0.769999
0.768527
0.768006
0.768518
0.769968
0.771966
0.774212
0.776904
0.78088
0.787189
0.796321
0.807705
0.81982
0.83095
0.839603
0.844589
0.845045
0.840358
0.830278
0.815177
0.796349
0.775864
0.756121
0.73913
0.726087
