3.20608
3.39922
3.72613
4.14483
4.64572
5.20545
5.78659
6.35922
6.88252
7.32313
7.65264
7.85084
7.91762
7.86924
7.7252
7.52375
7.29194
7.06072
6.8431
6.65748
6.51672
6.41418
6.34669
6.31849
6.32237
6.34718
6.38277
6.41651
6.44518
6.46572
6.47059
6.4648
6.44403
6.40272
6.35649
6.29755
6.23114
6.16451
6.10391
6.04882
5.99682
5.9565
5.92693
5.90827
5.90949
5.92692
5.96159
6.00663
6.05978
6.11708
6.67227
6.84461
7.05868
7.27802
7.50276
7.7026
7.87248
8.00631
8.09619
8.15128
8.16645
8.15808
8.12552
8.08965
8.05325
8.02824
8.00919
8.00289
8.01143
8.03737
8.07829
8.13745
8.21738
8.30186
8.38046
8.44313
8.47601
8.46909
8.42257
8.34512
8.24413
8.14512
8.05245
7.97163
7.90224
7.8414
7.79633
7.75194
7.71718
7.70149
7.69541
7.7176
7.75537
7.80534
7.86215
7.93008
8.00155
8.07723
8.17091
8.26026
8.64711
8.80616
8.97153
9.13054
9.26348
9.35918
9.41633
9.42939
9.40952
9.36609
9.30102
9.2283
9.15489
9.08833
9.02334
8.97415
8.94902
8.94693
8.96662
9.00573
9.05271
9.09325
9.11561
9.10927
9.07306
9.00729
8.92236
8.83237
8.74744
8.68243
8.65153
8.65529
8.68592
8.74035
8.80591
8.87315
8.93109
8.98244
9.01301
9.03855
9.06274
9.09425
9.12917
9.17951
9.22433
9.27349
9.31052
9.33466
9.35006
9.35826
9.51062
9.55815
9.6356
9.73462
9.83995
9.94419
10.0171
10.0426
10.0245
9.95756
9.84775
9.71474
9.57026
9.43041
9.30141
9.18795
9.08684
9.00851
8.94307
8.89756
8.86535
8.85527
8.8691
8.92161
8.99893
9.0987
9.21096
9.34319
9.47916
9.61483
9.74865
9.86978
9.97742
10.05
10.0855
10.0894
10.0762
10.05
10.0244
10.0007
9.97869
9.96375
9.95676
9.95581
9.96072
9.96852
9.98441
9.99225
9.99446
9.98825
10.0483
10.0327
9.99796
9.9364
9.85309
9.74539
9.61031
9.46884
9.32955
9.19371
9.07946
8.99353
8.93997
8.93162
8.96357
9.03149
9.14034
9.28736
9.458
9.64141
9.82265
9.99307
10.1408
10.2415
10.2936
10.3038
10.2704
10.2155
10.1407
10.0606
9.98826
9.93545
9.90586
9.91055
9.94074
9.99422
10.0542
10.1023
10.1224
10.1074
10.061
9.9902
9.91246
9.83226
9.75593
9.69052
9.63693
9.601
9.5819
9.57559
9.5256
9.53632
9.55674
9.57924
9.60396
9.62188
9.62942
9.62432
9.60395
9.58096
9.55922
9.54777
9.55414
9.59012
9.65573
9.74362
9.84468
9.93834
10.002
10.0301
10.0059
9.94802
9.85361
9.74349
9.63338
9.52836
9.4332
9.3504
9.28546
9.22709
9.17761
9.13998
9.11573
9.1081
9.12048
9.16384
9.23468
9.33538
9.4565
9.59401
9.72909
9.84835
9.93679
9.97835
9.97766
9.92808
9.83038
9.70765
9.57617
9.44604
9.31299
9.23894
9.19589
9.20181
9.25146
9.33944
9.44558
9.55708
9.663
9.74778
9.78662
9.7898
9.75699
9.69524
9.61689
9.53778
9.46298
9.41017
9.38416
9.39196
9.43934
9.51848
9.61675
9.71797
9.796
9.83705
9.83621
9.79595
9.73377
9.65616
9.58902
9.53961
9.51091
9.48795
9.47658
9.46189
9.43563
9.39179
9.33752
9.28277
9.23793
9.21466
9.21733
9.22901
9.25543
9.27919
9.2954
9.30233
9.29154
9.28143
9.26652
9.28248
9.31538
9.35686
9.39742
9.44017
9.47536
9.49719
9.50388
9.49734
9.48878
9.48164
9.48042
9.48274
9.4966
9.51888
9.54979
9.58569
9.62553
9.6678
9.70605
9.74584
9.77203
9.78416
9.77851
9.75375
9.70452
9.64365
9.56113
9.45215
9.33862
9.22054
9.11036
9.01862
8.94397
8.89995
8.89293
8.92471
8.98792
9.07545
9.18491
9.29144
9.38384
9.45588
9.49801
9.50757
9.49002
9.46284
9.44014
9.42523
9.41347
9.40544
9.38739
9.35896
9.32924
9.30367
9.29708
9.31105
9.35341
9.42409
9.51327
9.60249
9.67705
9.7279
9.7411
9.71641
9.65906
9.57151
9.46891
9.36405
9.27028
9.19047
9.13198
9.09657
9.08476
9.09363
9.1184
9.15765
9.22023
9.28924
9.37217
9.46645
9.56802
9.67307
9.79152
9.90322
10.003
10.0926
10.1628
10.2211
10.2606
10.2772
10.2739
10.2498
10.2082
10.1451
10.0545
9.92999
9.77203
9.58022
9.352
9.11459
8.87982
8.6792
8.51908
8.41512
8.37214
8.39798
8.4808
8.60756
8.76674
8.94885
9.13448
9.31058
9.46892
9.5974
9.69176
9.75561
9.78204
9.78597
9.76805
9.73126
9.68352
9.63033
9.5715
9.52611
9.49726
9.47841
9.47715
9.47853
9.47672
9.46626
9.4327
9.38268
9.31423
9.23557
9.15832
9.09617
9.05766
9.04911
9.07433
9.12709
9.19464
9.2748
9.36523
9.46716
9.57229
9.68027
9.78655
9.88708
9.96787
10.0368
10.076
10.0808
10.0473
9.97952
9.88876
9.76094
9.61381
9.46208
9.31368
9.17538
9.06783
8.99493
8.95652
8.95111
8.96987
9.00626
9.05634
9.11381
9.1832
9.24068
9.28777
9.32556
9.34465
9.36541
9.39283
9.42835
9.48732
9.55965
9.64488
9.73181
9.80027
9.83455
9.82509
9.76473
9.66227
9.53241
9.38277
9.23973
9.11701
9.03105
8.98469
8.98873
9.04454
9.15076
9.30191
9.47858
9.67434
9.84964
9.99153
10.0781
10.0912
10.0317
9.92083
9.7832
9.64341
9.53017
9.4526
9.4104
9.4086
9.43104
9.45719
9.48144
9.48878
9.47105
9.43797
9.39897
9.36856
9.34337
9.33641
9.3455
9.37789
9.42154
9.46693
9.51346
9.56703
9.61279
9.63284
9.63423
9.60633
9.55023
9.47728
9.4
9.32976
9.28713
9.28023
9.31042
9.37374
9.46438
9.57101
9.66254
9.72564
9.74775
9.71188
9.61996
9.4824
9.3195
9.16091
9.03141
8.94275
8.9134
8.93071
8.99799
9.09053
9.19079
9.266
9.3082
9.3148
9.2895
9.23594
9.17378
9.11854
9.07497
9.05887
9.06944
9.10176
9.16164
9.22596
9.2775
9.30493
9.30928
9.29145
9.26739
9.24629
9.23569
9.24781
9.27637
9.32379
9.38852
9.45612
9.53132
9.60122
9.67649
9.74371
9.79944
9.84244
9.87125
9.88468
9.89039
9.88629
9.87625
9.86001
9.83249
9.80337
9.7664
9.71359
9.62606
9.51646
9.38567
9.25505
9.1415
9.04818
8.99136
8.9669
8.97883
9.01532
9.07192
9.13801
9.20432
9.27615
9.3427
9.39901
9.44219
9.46657
9.46894
9.44394
9.40871
9.37453
9.3637
9.38747
9.45339
9.55009
9.67624
9.79487
9.89355
9.96105
9.98255
9.952
9.87731
9.76859
9.65308
9.54585
9.46462
9.42107
9.3945
9.38022
9.35167
9.30445
9.23568
9.15447
9.0606
8.9691
8.90661
8.87234
8.86995
8.89212
8.93063
8.96893
8.99521
9.00945
9.01719
9.02408
9.03732
9.0756
9.13346
9.23585
9.36714
9.52154
9.69161
9.86289
10.0121
10.1121
10.1506
10.135
10.0679
9.97372
9.86924
9.76338
9.67508
9.59358
9.52586
9.47871
9.45666
9.44637
9.4377
9.42751
9.41184
9.38628
9.35075
9.31589
9.28202
9.24314
9.20709
9.17976
9.15277
9.14262
9.15337
9.18651
9.25109
9.33404
9.42461
9.52006
9.6142
9.68406
9.72422
9.73334
9.71421
9.65856
9.5732
9.4667
9.35067
9.22964
9.11524
9.02523
8.95912
8.92999
8.93334
8.95918
9.01427
9.0803
9.15562
9.24358
9.33258
9.42356
9.50053
9.55752
9.59225
9.6029
9.60105
9.5888
9.57681
9.56843
9.56732
9.57644
9.58341
9.59164
9.58866
9.57083
9.54093
9.49423
9.44321
9.3909
9.34192
9.30413
9.2827
9.29162
9.33173
9.39701
9.49116
9.58521
9.66457
9.70947
9.7302
9.70172
9.629
9.50455
9.35112
9.17428
9.00697
8.86597
8.76674
8.73439
8.75896
8.84095
8.95864
9.10068
9.23836
9.34802
9.43045
9.47801
9.49371
9.49348
9.4865
9.47883
9.46933
9.46264
9.46341
9.46436
9.46834
9.46902
9.45682
9.43026
9.3905
9.3435
9.29342
9.24914
9.2167
9.19837
9.18987
9.19711
9.21506
9.24366
9.29313
9.35172
9.42384
9.50653
9.57597
9.62563
9.65725
9.67095
9.65492
9.61976
9.5645
9.49901
9.41105
9.3117
9.20474
9.09602
8.99932
8.92023
8.86082
8.83007
8.83203
8.87111
8.94872
9.06251
9.22086
9.41574
9.63685
9.86162
10.0585
10.1954
10.2508
10.2183
10.1219
9.98122
9.82408
9.66272
9.51257
9.37154
9.24478
9.14711
9.077
9.03911
9.04332
9.06843
9.12194
9.19457
9.28168
9.38951
9.50752
9.62809
9.7361
9.81773
9.86345
9.85113
9.78806
9.68179
9.54689
9.40171
9.26506
9.15487
9.07149
9.01502
8.96911
8.9312
8.90622
8.88507
8.8794
8.90123
8.9598
9.05436
9.18117
9.3252
9.47662
9.61143
9.72265
9.79914
9.83919
9.83995
9.81714
9.78311
9.74581
9.71491
9.69627
9.68697
9.69053
9.71575
9.75463
9.79662
9.83372
9.85906
9.8641
9.83693
9.78161
9.68819
9.56455
9.40484
9.22622
9.02684
8.82309
8.63244
8.47698
8.37057
8.31933
8.33209
8.4185
8.57839
8.80122
9.0608
9.34728
9.61481
9.86127
10.0537
10.1956
10.2893
10.3245
10.3137
10.259
10.1661
10.0344
9.8732
9.68967
9.49792
9.31488
9.16677
9.06812
9.02065
9.0368
9.10348
9.21084
9.3461
9.48683
9.61514
9.70363
9.74679
9.74594
9.71024
9.64611
9.57803
9.51633
9.47163
9.43753
9.41217
9.38805
9.35486
9.32268
9.28997
9.25932
9.23159
9.22153
9.21944
9.23458
9.2649
9.30711
9.35361
9.40043
9.44516
9.4704
9.47656
9.44747
9.37738
9.27009
9.1526
9.04864
8.98344
8.96604
8.99876
9.06396
9.15506
9.25438
9.34816
9.4145
9.4593
9.47816
9.48686
9.47819
9.45983
9.44528
9.44175
9.44943
9.47985
9.5267
9.58519
9.65341
9.71712
9.76358
9.78812
9.79745
9.78791
9.76411
9.72622
9.68367
9.64008
9.59688
9.56247
9.52673
9.48538
9.43929
9.38807
9.33566
9.27951
9.22352
9.18165
9.15214
9.14238
9.14417
9.16461
9.19156
9.21954
9.23956
9.2425
9.23457
9.21711
9.19859
9.1802
9.16811
9.17543
9.18081
9.1867
9.18463
9.18087
9.17547
9.17469
9.18013
9.20267
9.22634
9.26865
9.31844
9.38346
9.44985
9.52942
9.6119
9.69445
9.76607
9.81974
9.85304
9.86466
9.84491
9.79694
9.72753
9.64443
9.55857
9.47403
9.40591
9.35878
9.34944
9.38075
9.448
9.54675
9.66944
9.79997
9.91764
10.0057
10.0447
10.0325
9.96715
9.87011
9.74911
9.61656
9.48319
9.35098
9.2265
9.11935
9.02976
8.94797
8.88895
8.85277
8.84016
8.84963
8.88428
8.94599
9.03304
9.14645
9.27523
9.4134
9.54214
9.65937
9.77356
9.86703
9.93418
9.9649
9.94314
9.8634
9.73885
9.5813
9.41407
9.25058
9.10855
8.99309
8.90512
8.8549
8.83219
8.83635
8.87796
8.95771
9.08039
9.22899
9.39638
9.56506
9.71214
9.82677
9.88693
9.88683
9.83119
9.73517
9.61141
9.48236
9.3655
9.27368
9.21722
9.18904
9.18452
9.20615
9.22651
9.26072
9.28404
9.2905
9.28869
9.28433
9.28512
9.29043
9.30926
9.34175
9.37638
9.41073
9.44587
9.45918
9.45941
9.43977
9.41705
9.39221
9.37151
9.36471
9.36675
9.37724
9.38773
9.4017
9.41854
9.42711
9.43223
9.43171
9.42806
9.41534
9.38692
9.3453
9.297
9.24977
9.20589
9.17351
9.15159
9.14076
9.16058
9.19559
9.25897
9.34371
9.43947
9.52936
9.62012
9.69335
9.74948
9.7921
9.81725
9.83755
9.84737
9.84722
9.8348
9.81872
9.80423
9.78471
9.75849
9.70686
9.62874
9.52422
9.38678
9.24546
9.10551
8.97755
8.88701
8.83392
8.8211
8.84372
8.89714
8.98253
9.09249
9.23977
9.39143
9.54123
9.68678
9.80309
9.88136
9.9084
9.88172
9.80519
9.6912
9.54484
9.3948
9.26961
9.17478
9.12126
9.11
9.14303
9.19715
9.26045
9.32105
9.37449
9.41517
9.43947
9.46005
9.47038
9.46319
9.43912
9.39956
9.34757
9.30011
9.25996
9.25142
9.26829
9.3075
9.36184
9.41477
9.4652
9.4924
9.51003
9.51124
9.5102
9.51231
9.52176
9.53205
9.53971
9.53392
9.51151
9.47589
9.4182
9.35201
9.28013
9.21483
9.16437
9.1529
9.17046
9.2222
9.30147
9.39301
9.49498
9.58194
9.656
9.70677
9.73772
9.75365
9.74492
9.6993
9.60839
9.49301
9.35588
9.22985
9.12854
9.07339
9.062
9.09384
9.16151
9.25882
9.37863
9.50058
9.61391
9.70476
9.75825
9.7677
9.73633
9.67597
9.60404
9.5298
9.46068
9.41798
9.40673
9.43147
9.48032
9.54641
9.61381
9.66287
9.67432
9.65027
9.58474
9.49297
9.3965
9.30905
9.24751
9.21971
9.22251
9.25224
9.30054
9.35509
9.40302
9.43809
9.46358
9.4816
9.49093
9.49376
9.48371
9.4692
9.44974
9.42281
9.39894
9.35967
9.30786
9.23367
9.14887
9.06773
8.99288
8.93454
8.9076
8.91424
8.96021
9.04331
9.16578
9.31115
9.45955
9.59941
9.72626
9.82678
