-6.64821
-6.64042
-6.62276
-6.60952
-6.59759
-6.58714
-6.58155
-6.57803
-6.57729
-6.5773
-6.5772
-6.5783
-6.57992
-6.5808
-6.58335
-6.58394
-6.58426
-6.58246
-6.58226
-6.58184
-6.57906
-6.57824
-6.58008
-6.58044
-6.57933
-6.57807
-6.5773
-6.57895
-6.58106
-6.58228
-6.58419
-6.58353
-6.5822
-6.58341
-6.58131
-6.58107
-6.58206
-6.58266
-6.58159
-6.58047
-6.58159
-6.58203
-6.58309
-6.58542
-6.58547
-6.58518
-6.58394
-6.58404
-6.58487
-6.58583
-6.00563
-6.00438
-6.00058
-6.00235
-6.00093
-6.00241
-6.00313
-6.00233
-6.00251
-6.00034
-6.00063
-5.99946
-6.00134
-6.00109
-6.00134
-5.99957
-6.00001
-6.00044
-6.00051
-5.99988
-6.00049
-6.00108
-5.99917
-5.99875
-5.99924
-5.99906
-5.99879
-5.99928
-6.00003
-6.00052
-6.00359
-6.00412
-6.00482
-6.00519
-6.0053
-6.0055
-6.00183
-6.00169
-6.00244
-6.0015
-6.00441
-6.00279
-6.00157
-6.00074
-6.00126
-6.00018
-6.00071
-6.00251
-5.99883
-5.99847
-5.65957
-5.65751
-5.65744
-5.65678
-5.65678
-5.65695
-5.65553
-5.65594
-5.65616
-5.65588
-5.65802
-5.65941
-5.65972
-5.65829
-5.66031
-5.66189
-5.66145
-5.66065
-5.65991
-5.65832
-5.65729
-5.65785
-5.65933
-5.66165
-5.66303
-5.66428
-5.66462
-5.66365
-5.66365
-5.66401
-5.66261
-5.66088
-5.66122
-5.66146
-5.66231
-5.66277
-5.66372
-5.6618
-5.66371
-5.66419
-5.66451
-5.66342
-5.66422
-5.66118
-5.66213
-5.65996
-5.65984
-5.66071
-5.66059
-5.66005
-5.48746
-5.48751
-5.48595
-5.48457
-5.48512
-5.48318
-5.48391
-5.48751
-5.48828
-5.48894
-5.49063
-5.49067
-5.49071
-5.48953
-5.48854
-5.48783
-5.48941
-5.48813
-5.48817
-5.48658
-5.48751
-5.48866
-5.49103
-5.48883
-5.48797
-5.48754
-5.48919
-5.48672
-5.48559
-5.48615
-5.48683
-5.48873
-5.487
-5.48708
-5.48815
-5.48969
-5.48939
-5.49019
-5.48955
-5.48918
-5.4904
-5.49128
-5.49152
-5.49177
-5.49169
-5.49197
-5.48906
-5.4888
-5.48828
-5.48687
-5.38655
-5.38512
-5.38516
-5.38694
-5.38651
-5.38567
-5.38856
-5.38964
-5.38956
-5.3922
-5.3934
-5.39379
-5.3947
-5.3926
-5.39111
-5.39223
-5.39244
-5.39051
-5.38941
-5.3892
-5.39058
-5.39038
-5.38692
-5.38593
-5.38594
-5.38486
-5.38683
-5.386
-5.38657
-5.3869
-5.38633
-5.38456
-5.38394
-5.38164
-5.38135
-5.38065
-5.38066
-5.38142
-5.38279
-5.38423
-5.38518
-5.38683
-5.38661
-5.38687
-5.38769
-5.38778
-5.38815
-5.38719
-5.38588
-5.38619
-5.47416
-5.47669
-5.47598
-5.47527
-5.47365
-5.47344
-5.474
-5.47463
-5.47651
-5.47598
-5.47524
-5.47491
-5.476
-5.47603
-5.47545
-5.47506
-5.47338
-5.4721
-5.47346
-5.47375
-5.47765
-5.47783
-5.47999
-5.48084
-5.47947
-5.47855
-5.47886
-5.48015
-5.47924
-5.48004
-5.48055
-5.47973
-5.47847
-5.47774
-5.47852
-5.47761
-5.47734
-5.47583
-5.47511
-5.47298
-5.47244
-5.47287
-5.47425
-5.47812
-5.47885
-5.47919
-5.4819
-5.48234
-5.48048
-5.47928
-5.49923
-5.49757
-5.49898
-5.49804
-5.49747
-5.49681
-5.49909
-5.5018
-5.50132
-5.49785
-5.49869
-5.49818
-5.49819
-5.49896
-5.4995
-5.49784
-5.49724
-5.49508
-5.49403
-5.49417
-5.49368
-5.49372
-5.49411
-5.49367
-5.49497
-5.49686
-5.49845
-5.50048
-5.50054
-5.50284
-5.50226
-5.50021
-5.49719
-5.49884
-5.49879
-5.49899
-5.49903
-5.50005
-5.50058
-5.50051
-5.5002
-5.49842
-5.4953
-5.4978
-5.49928
-5.50172
-5.5021
-5.49924
-5.4991
-5.49773
-5.52125
-5.52028
-5.51803
-5.51718
-5.51941
-5.51986
-5.51982
-5.51983
-5.52044
-5.52223
-5.52258
-5.52249
-5.52199
-5.52338
-5.52348
-5.52359
-5.52311
-5.52298
-5.5229
-5.52255
-5.52357
-5.52176
-5.52201
-5.52235
-5.52276
-5.52286
-5.52491
-5.52307
-5.52219
-5.52546
-5.52534
-5.52566
-5.52514
-5.52314
-5.5239
-5.5242
-5.52342
-5.52166
-5.52129
-5.5224
-5.52088
-5.52165
-5.52305
-5.52241
-5.52119
-5.52115
-5.52345
-5.52547
-5.52566
-5.52514
-5.52568
-5.52446
-5.52498
-5.52647
-5.52652
-5.52667
-5.52496
-5.52472
-5.52442
-5.52326
-5.52172
-5.5218
-5.52289
-5.52261
-5.52311
-5.52326
-5.52231
-5.52305
-5.52385
-5.52441
-5.52346
-5.52336
-5.52288
-5.52206
-5.52064
-5.51926
-5.51922
-5.5202
-5.51733
-5.51772
-5.51747
-5.51726
-5.51805
-5.52023
-5.51731
-5.51644
-5.51792
-5.51916
-5.52274
-5.52379
-5.52424
-5.52534
-5.52576
-5.52647
-5.52621
-5.52601
-5.52658
-5.52827
-5.52876
-5.52822
-5.53102
-5.53119
-5.53219
-5.52918
-5.52777
-5.52679
-5.52704
-5.52479
-5.52271
-5.52217
-5.52258
-5.52168
-5.52173
-5.52237
-5.52194
-5.52196
-5.52235
-5.52139
-5.52358
-5.52404
-5.52443
-5.52508
-5.52433
-5.52248
-5.52334
-5.52209
-5.5201
-5.52105
-5.51986
-5.52015
-5.52063
-5.51999
-5.52203
-5.52248
-5.52316
-5.52363
-5.5238
-5.52338
-5.52342
-5.52372
-5.52249
-5.52042
-5.52045
-5.5209
-5.52108
-5.51935
-5.51861
-5.51793
-5.51765
-5.51716
-5.51973
-5.51826
-5.51755
-5.51757
-5.51921
-5.52114
-5.51945
-5.52254
-5.52517
-5.52498
-5.52419
-5.52603
-5.52637
-5.52631
-5.52599
-5.52416
-5.52244
-5.52175
-5.52211
-5.52391
-5.52167
-5.52253
-5.52286
-5.52122
-5.52335
-5.52303
-5.52185
-5.52277
-5.52103
-5.52127
-5.52105
-5.52016
-5.52062
-5.52207
-5.5231
-5.52478
-5.5253
-5.52385
-5.52494
-5.52469
-5.52415
-5.52175
-5.5208
-5.51941
-5.51832
-5.51731
-5.51552
-5.51598
-5.51332
-5.51538
-5.517
-5.51809
-5.52066
-5.52406
-5.52536
-5.52505
-5.52509
-5.5234
-5.52248
-5.52419
-5.52354
-5.52223
-5.52258
-5.52061
-5.51877
-5.51951
-5.5201
-5.52014
-5.51769
-5.51833
-5.51857
-5.52012
-5.51883
-5.5183
-5.52048
-5.52308
-5.52094
-5.51827
-5.5203
-5.52055
-5.52153
-5.52277
-5.52247
-5.52118
-5.52114
-5.51982
-5.51833
-5.51779
-5.51836
-5.51792
-5.51461
-5.5146
-5.51593
-5.51696
-5.51984
-5.52204
-5.52324
-5.52418
-5.52387
-5.52243
-5.52263
-5.52014
-5.52067
-5.51856
-5.51754
-5.51572
-5.51823
-5.52132
-5.52315
-5.5235
-5.52552
-5.52657
-5.52602
-5.52719
-5.52659
-5.52629
-5.52771
-5.52481
-5.52255
-5.52224
-5.52375
-5.52461
-5.52628
-5.52607
-5.52527
-5.52526
-5.52352
-5.52375
-5.52345
-5.52099
-5.52088
-5.51952
-5.52176
-5.52117
-5.52167
-5.52258
-5.52288
-5.52285
-5.52373
-5.52325
-5.52337
-5.52284
-5.52198
-5.52337
-5.52252
-5.52082
-5.51868
-5.52122
-5.52178
-5.52367
-5.52421
-5.52313
-5.52444
-5.52372
-5.52397
-5.52268
-5.52284
-5.52257
-5.52247
-5.52377
-5.5225
-5.52256
-5.52435
-5.526
-5.52652
-5.52516
-5.52529
-5.52382
-5.52323
-5.52161
-5.52009
-5.51759
-5.51722
-5.51367
-5.51542
-5.51891
-5.52084
-5.52199
-5.52313
-5.52337
-5.52513
-5.52542
-5.52658
-5.52689
-5.523
-5.52193
-5.51992
-5.52184
-5.52368
-5.52425
-5.52136
-5.52073
-5.52265
-5.52137
-5.52127
-5.52124
-5.52175
-5.52129
-5.52143
-5.52305
-5.52436
-5.52422
-5.52386
-5.52486
-5.52337
-5.5256
-5.52226
-5.52057
-5.52068
-5.52077
-5.51967
-5.51844
-5.51961
-5.52198
-5.52131
-5.52217
-5.52257
-5.52296
-5.52477
-5.52259
-5.52355
-5.52607
-5.52761
-5.52531
-5.52315
-5.52275
-5.52248
-5.52197
-5.52243
-5.52447
-5.5245
-5.52354
-5.52484
-5.52517
-5.52283
-5.52393
-5.52389
-5.52374
-5.52449
-5.52205
-5.52069
-5.5221
-5.52309
-5.52141
-5.52255
-5.52482
-5.52621
-5.52467
-5.52499
-5.52617
-5.5272
-5.52644
-5.5264
-5.52709
-5.5256
-5.52623
-5.52489
-5.5233
-5.52409
-5.52145
-5.52119
-5.52196
-5.52053
-5.52047
-5.51891
-5.5198
-5.52216
-5.52429
-5.5267
-5.52635
-5.52613
-5.52508
-5.52458
-5.52437
-5.52291
-5.52418
-5.52366
-5.52394
-5.5246
-5.52426
-5.52643
-5.52721
-5.52725
-5.52685
-5.52561
-5.52513
-5.52286
-5.52083
-5.52117
-5.51762
-5.51607
-5.5158
-5.52029
-5.52044
-5.5237
-5.5251
-5.52865
-5.52866
-5.53079
-5.53015
-5.52937
-5.53016
-5.52688
-5.5259
-5.52419
-5.52454
-5.52218
-5.51996
-5.52063
-5.51945
-5.51949
-5.52192
-5.52348
-5.5239
-5.52324
-5.52381
-5.52466
-5.52422
-5.52543
-5.52546
-5.52465
-5.52493
-5.52556
-5.52646
-5.52691
-5.52785
-5.52802
-5.52681
-5.52458
-5.52396
-5.52236
-5.52207
-5.52337
-5.52205
-5.52336
-5.5235
-5.52029
-5.5202
-5.52223
-5.52304
-5.52159
-5.52335
-5.52409
-5.52511
-5.52285
-5.52409
-5.52526
-5.52665
-5.52823
-5.52706
-5.52441
-5.52322
-5.52256
-5.5225
-5.52178
-5.52037
-5.52048
-5.51926
-5.51911
-5.51932
-5.51982
-5.52075
-5.52202
-5.52329
-5.52601
-5.52626
-5.52686
-5.52634
-5.52686
-5.52565
-5.526
-5.52756
-5.52607
-5.52509
-5.52469
-5.52075
-5.52146
-5.52068
-5.52031
-5.52123
-5.51991
-5.51936
-5.51905
-5.51972
-5.52043
-5.51885
-5.52067
-5.52177
-5.52229
-5.52272
-5.52367
-5.5249
-5.524
-5.52308
-5.521
-5.52202
-5.52386
-5.52248
-5.52324
-5.52443
-5.52507
-5.52429
-5.52322
-5.52134
-5.52071
-5.51914
-5.5202
-5.52026
-5.51982
-5.51838
-5.51936
-5.52008
-5.52023
-5.52082
-5.52096
-5.52036
-5.52197
-5.52486
-5.52456
-5.52307
-5.52238
-5.5225
-5.52249
-5.52233
-5.52422
-5.52423
-5.52589
-5.5256
-5.52718
-5.5254
-5.52564
-5.52687
-5.52872
-5.52862
-5.52695
-5.52636
-5.5269
-5.5264
-5.52437
-5.52132
-5.52098
-5.51697
-5.51865
-5.51684
-5.51946
-5.52118
-5.51996
-5.52157
-5.52212
-5.5226
-5.52238
-5.52341
-5.524
-5.52503
-5.52638
-5.52831
-5.52726
-5.52397
-5.52275
-5.51989
-5.51977
-5.52158
-5.52285
-5.52394
-5.52319
-5.525
-5.52697
-5.52757
-5.52627
-5.52716
-5.52706
-5.5274
-5.52611
-5.52557
-5.52422
-5.5227
-5.52382
-5.52266
-5.52108
-5.52004
-5.52147
-5.52055
-5.52284
-5.52416
-5.52457
-5.52407
-5.52428
-5.52492
-5.52439
-5.52698
-5.52758
-5.52843
-5.52932
-5.53123
-5.53095
-5.53004
-5.52774
-5.52564
-5.5227
-5.52266
-5.52169
-5.52044
-5.51851
-5.52097
-5.52252
-5.52497
-5.52308
-5.52327
-5.52527
-5.52583
-5.52462
-5.52456
-5.52251
-5.52147
-5.52157
-5.51993
-5.51881
-5.52014
-5.52318
-5.52364
-5.52371
-5.52301
-5.52381
-5.52418
-5.52446
-5.52535
-5.52334
-5.52236
-5.52307
-5.52383
-5.52428
-5.52306
-5.52274
-5.52361
-5.52177
-5.52047
-5.51815
-5.51907
-5.5188
-5.52
-5.52109
-5.52202
-5.52431
-5.52491
-5.52534
-5.52496
-5.52608
-5.52749
-5.52312
-5.52144
-5.51954
-5.51996
-5.51972
-5.52004
-5.52024
-5.52166
-5.52047
-5.52385
-5.52305
-5.52289
-5.52011
-5.52121
-5.52007
-5.51968
-5.51877
-5.51929
-5.52125
-5.52269
-5.52194
-5.52251
-5.52366
-5.52439
-5.52431
-5.52243
-5.52163
-5.52026
-5.52128
-5.52086
-5.51973
-5.51994
-5.52097
-5.52129
-5.52102
-5.52085
-5.51976
-5.52018
-5.52058
-5.52372
-5.52432
-5.52462
-5.52438
-5.523
-5.52281
-5.52319
-5.52158
-5.51927
-5.5218
-5.52302
-5.52327
-5.52253
-5.52207
-5.52155
-5.52131
-5.52237
-5.5226
-5.52306
-5.52148
-5.52232
-5.52418
-5.52185
-5.52157
-5.52216
-5.52271
-5.52481
-5.52793
-5.52822
-5.52772
-5.52577
-5.52539
-5.52481
-5.52482
-5.52584
-5.523
-5.52113
-5.52145
-5.52072
-5.51993
-5.5166
-5.51571
-5.51511
-5.51524
-5.51774
-5.5187
-5.52093
-5.52324
-5.52442
-5.52327
-5.52294
-5.52281
-5.52299
-5.52299
-5.52067
-5.51966
-5.52071
-5.51967
-5.5247
-5.52382
-5.5241
-5.52604
-5.52628
-5.52504
-5.52264
-5.52269
-5.52271
-5.52215
-5.52399
-5.526
-5.52398
-5.52532
-5.52472
-5.52629
-5.5251
-5.52437
-5.52448
-5.52292
-5.52237
-5.5219
-5.52349
-5.52354
-5.52105
-5.52081
-5.52087
-5.52225
-5.52272
-5.52299
-5.52428
-5.52521
-5.5247
-5.5227
-5.52183
-5.52089
-5.52155
-5.52444
-5.52206
-5.52318
-5.52237
-5.52136
-5.52121
-5.52456
-5.52327
-5.5224
-5.52114
-5.51944
-5.52089
-5.52041
-5.52028
-5.52014
-5.52188
-5.5232
-5.52287
-5.52327
-5.52225
-5.52405
-5.52535
-5.52472
-5.52746
-5.52597
-5.52542
-5.52813
-5.52774
-5.52696
-5.52523
-5.52418
-5.52481
-5.52516
-5.52688
-5.52159
-5.52069
-5.522
-5.52038
-5.52068
-5.52093
-5.52267
-5.52479
-5.52617
-5.52534
-5.52764
-5.52977
-5.52824
-5.52773
-5.52712
-5.52656
-5.52292
-5.52216
-5.52334
-5.52546
-5.52579
-5.52516
-5.52604
-5.52425
-5.52315
-5.52445
-5.52555
-5.5253
-5.52516
-5.52307
-5.52424
-5.52233
-5.52172
-5.52192
-5.52174
-5.52313
-5.5215
-5.5232
-5.5216
-5.5221
-5.52175
-5.52126
-5.52011
-5.52035
-5.52077
-5.52267
-5.52437
-5.52286
-5.5229
-5.52114
-5.52076
-5.52143
-5.52447
-5.52282
-5.52307
-5.52243
-5.52102
-5.52086
-5.51708
-5.5164
-5.51484
-5.51617
-5.5188
-5.51955
-5.51986
-5.52103
-5.5245
-5.52349
-5.52489
-5.52416
-5.52436
-5.52177
-5.52011
-5.5192
-5.51975
-5.52053
-5.51963
-5.52032
-5.52069
-5.52039
-5.52093
-5.5228
-5.52521
-5.52641
-5.52438
-5.522
-5.52287
-5.52288
-5.5231
-5.52207
-5.52284
-5.52326
-5.52312
-5.52305
-5.52489
-5.52419
-5.52495
-5.52567
-5.52467
-5.52425
-5.52356
-5.52278
-5.52339
-5.5239
-5.52306
-5.52117
-5.52009
-5.52065
-5.52118
-5.52133
-5.52211
-5.52227
-5.52436
-5.5248
-5.52485
-5.5265
-5.52436
-5.52464
-5.52344
-5.52449
-5.52472
-5.52242
-5.52182
-5.52296
-5.52265
-5.52256
-5.52176
-5.52161
-5.51932
-5.51794
-5.51983
-5.52272
-5.52228
-5.52066
