1 13.0016
3 12.7752
5 12.7752
7 12.7398
9 12.4774
11 13.3112
13 13.4525
15 13.493
17 13.3572
19 13.1337
21 13.1144
23 13.1337
25 13.1039
27 13.3751
29 13.3751
31 13.0761
33 13.0761
35 12.5269
37 12.5269
39 12.5343
41 12.8208
43 12.8208
45 12.8208
47 12.7569
49 12.7569
51 12.8385
53 12.8385
55 12.7507
57 13.0868
59 12.7588
61 12.514
63 12.514
65 12.514
67 11.532
69 12.0839
71 12.0839
73 12.0839
75 12.085
77 12.6414
79 12.6414
81 12.5697
83 11.5297
85 11.5297
87 11.5297
89 11.5865
91 11.5865
93 11.8505
95 11.8505
97 12.0755
99 11.865
101 11.865
103 12.091
105 11.8179
107 11.7975
109 11.7975
111 11.7975
113 11.7085
115 11.7085
117 12.1292
119 11.5597
121 11.5597
123 11.5597
125 11.4937
127 11.4937
129 11.4665
131 11.496
133 11.496
135 11.3204
137 11.3731
139 11.0904
141 11.0904
143 11.0904
145 11.2522
147 11.5488
149 10.665
151 10.941
153 11.2987
155 11.2987
157 11.2987
159 11.2987
161 12.4296
163 12.0397
165 11.9409
167 12.4669
169 11.638
171 11.6699
173 11.6699
175 11.6699
177 11.6699
179 12.3742
181 12.4055
183 12.4055
185 12.4055
187 12.4055
189 12.0925
191 12.4969
193 12.4969
195 12.3711
197 12.3711
199 12.6431
201 12.304
203 11.9696
205 11.2781
207 11.2781
209 11.4725
211 11.6852
213 12.0744
215 12.0744
217 12.0744
219 12.6394
221 12.9482
223 12.9665
225 12.563
227 12.4217
229 13.1544
231 12.8664
233 12.8664
235 13.2291
237 13.2291
239 13.3555
241 12.9718
243 12.7294
245 12.7294
247 12.7294
249 12.7066
251 12.7066
253 12.7476
255 11.813
257 11.813
259 11.607
261 11.4872
263 11.3778
265 11.9969
267 12.1327
269 12.1327
271 12.6118
273 12.656
275 12.6191
277 12.2717
279 11.8988
281 11.6009
283 10.8509
285 10.8509
287 10.8509
289 10.5203
291 10.9608
293 10.7346
295 10.7346
297 10.7346
299 10.7346
301 10.7346
303 10.7346
305 10.7346
307 10.7346
309 10.7339
311 10.7339
313 10.7339
315 11.73
317 11.7055
319 10.7517
321 10.7517
323 10.7517
325 11.8389
327 11.8389
329 11.7782
331 11.8389
333 11.8353
335 11.8353
337 11.3315
339 11.3315
341 11.1605
343 11.8079
345 11.9267
347 11.9871
349 11.9871
351 12.2913
353 12.4284
355 12.4284
357 12.4284
359 12.4284
361 12.8139
363 12.8139
365 12.6314
367 12.6314
369 12.2572
371 12.4858
373 12.3714
375 12.3714
377 12.3968
379 12.3968
381 12.2097
383 12.2097
385 12.2097
387 12.1466
389 12.1466
391 12.9156
393 12.8416
395 12.6722
397 12.6722
399 11.9327
401 12.1703
403 12.1703
405 12.0538
407 12.0538
409 11.1267
411 11.2647
413 11.7788
415 11.7788
417 11.7788
419 12.3162
421 12.3273
423 12.3273
425 12.2451
427 12.8528
429 12.6319
431 11.8385
433 11.8385
435 11.8385
437 11.8385
439 11.8385
441 11.8385
443 11.3424
445 11.7357
447 11.7357
449 12.146
451 12.146
453 11.668
455 11.422
457 11.2459
459 11.0511
461 11.0511
463 11.0511
465 11.0511
467 11.0511
469 11.0511
471 11.0511
473 11.0511
475 10.9773
477 10.9773
479 10.9773
481 10.8913
483 11.0843
485 11.0843
487 11.1839
489 11.1839
491 11.1839
493 11.1839
495 12.1568
497 12.1568
499 12.0131
501 12.0131
503 12.0131
505 12.0131
507 11.9377
509 11.914
511 11.914
513 11.299
515 11.7859
517 11.7859
519 11.7859
521 11.5969
523 11.5969
525 11.5969
527 11.5989
529 11.5989
531 11.5989
533 11.5183
535 12.3565
537 11.9546
539 11.9546
541 11.9546
543 11.9546
545 11.7955
547 11.7955
549 11.7317
551 11.596
553 12.7711
555 12.79
557 12.8088
559 13.2252
561 12.9939
563 12.6399
565 12.6399
567 12.6399
569 12.6399
571 12.6399
573 12.1583
575 12.5707
577 12.7627
579 12.6813
581 12.7539
583 12.8338
585 13.1803
587 13.1803
589 13.0676
591 13.0676
593 13.0676
595 12.5369
597 12.6758
599 12.6758
601 12.6279
603 11.4756
605 11.4756
607 11.4756
609 11.4756
611 11.5208
613 11.1752
615 11.1752
617 11.1469
619 11.1469
621 11.1469
623 11.5846
625 11.5145
627 11.5145
629 11.5145
631 10.4141
633 10.4141
635 10.4141
637 10.4141
639 10.4141
641 10.2236
643 10.2236
645 10.2236
647 10.2236
649 10.6542
651 10.6542
653 10.6124
655 10.6542
657 10.6542
659 10.8551
661 10.8551
663 12.0501
665 12.0501
667 11.4679
669 11.8777
671 12.0159
673 12.1487
675 11.9597
677 11.5196
679 11.5196
681 10.6423
683 10.6207
685 11.0298
687 11.3256
689 11.3256
691 11.3256
693 11.3256
695 11.3256
697 11.3256
699 10.9745
701 11.0549
703 11.0549
705 11.0431
707 11.0431
709 11.0431
711 11.0431
713 11.5698
715 11.5698
717 11.663
719 11.355
721 11.355
723 11.355
725 11.0866
727 11.582
729 11.6592
731 12.2667
733 12.2667
735 12.1316
737 12.1032
739 12.1032
741 12.1032
743 12.2111
745 12.4544
747 12.162
749 11.8503
751 11.8503
753 11.8503
755 11.8503
757 12.082
759 12.1881
761 11.9375
763 11.9375
765 11.9375
767 12.0414
769 12.0597
771 11.9232
773 11.7709
775 11.7709
777 11.2945
779 11.4173
781 11.4173
783 11.7379
785 11.7379
787 11.7379
789 11.7278
791 11.7278
793 11.5106
795 11.7022
797 11.7022
799 12.1755
801 12.4337
803 12.677
805 12.4573
807 13.0145
809 13.0145
811 12.2216
813 12.2216
815 12.2216
817 12.2216
819 12.2216
821 12.7455
823 12.5606
825 12.4615
827 12.2843
829 12.7886
831 12.7886
833 12.5802
835 12.6124
837 12.6124
839 12.6124
841 12.6124
843 12.6124
845 12.6124
847 12.6124
849 12.6124
851 12.6124
853 12.6124
855 12.0762
857 12.7963
859 12.7455
861 12.7455
863 12.6962
865 11.9952
867 11.9952
869 11.9952
871 11.9952
873 11.9952
875 12.1504
877 12.1504
879 12.1504
881 11.9593
883 11.7259
885 11.931
887 11.8179
889 12.4151
891 12.4151
893 12.4151
895 11.5601
897 11.0251
899 11.0331
901 11.0331
903 11.327
905 11.327
907 11.327
909 11.327
911 11.1967
913 11.1967
915 11.1967
917 11.1967
919 11.1967
921 11.1967
923 11.1967
925 11.0117
927 11.0117
929 11.0117
931 11.2768
933 11.2768
935 11.2768
937 12.1315
939 12.1315
941 12.0402
943 11.8532
945 12.0402
947 12.3683
949 12.3683
951 12.3683
953 12.3683
955 12.3755
957 12.3755
959 12.3755
961 12.2454
963 12.1643
965 11.9716
967 11.9011
969 12.3866
971 12.2366
973 11.6833
975 11.6833
977 11.9283
979 12.0456
981 12.0456
983 12.0456
985 12.0456
987 12.0456
989 12.0456
991 12.0345
993 12.0345
995 12.463
997 12.463
999 12.2008
1001 12.2008
1003 11.8085
1005 11.8085
1007 11.8085
1009 11.8085
1011 11.875
1013 11.8327
1015 11.8327
1017 11.8327
1019 11.8327
1021 11.8327
1023 11.8327
1025 11.8327
1027 11.8327
1029 11.8559
1031 11.8559
1033 11.8559
1035 11.8559
1037 11.7481
1039 11.1955
1041 11.0563
1043 11.0563
1045 11.103
1047 11.103
1049 11.4363
1051 10.8626
1053 10.8626
1055 10.8626
1057 10.8626
1059 10.8626
1061 10.5474
1063 10.5474
1065 10.5474
1067 10.1658
1069 10.1658
1071 11.766
1073 11.766
1075 11.766
1077 11.4572
1079 11.4572
1081 11.6558
1083 11.6558
1085 11.6558
1087 12.514
1089 11.725
1091 11.8197
1093 11.8197
1095 12.1679
1097 12.0073
1099 12.6068
1101 12.1895
1103 12.1895
1105 12.4085
1107 12.4085
1109 12.641
1111 12.4174
1113 12.0967
1115 11.5706
1117 11.5706
1119 11.5706
1121 11.5374
1123 11.3005
1125 11.3005
1127 11.3005
1129 11.3005
1131 11.3005
1133 11.1811
1135 11.1712
1137 10.8345
1139 10.8345
1141 10.8345
1143 10.8066
1145 10.8066
1147 10.8066
1149 10.8066
1151 10.8066
1153 10.8066
1155 10.8066
1157 10.8066
1159 11.3636
1161 11.3636
1163 11.3732
1165 11.4489
1167 11.4489
1169 11.7224
1171 11.1272
1173 11.1272
1175 11.3054
1177 11.3054
1179 11.3054
1181 11.3054
1183 11.235
1185 10.9992
1187 10.9992
1189 11.0614
1191 11.7276
1193 11.6521
1195 11.6521
1197 11.5093
1199 11.776
1201 11.712
1203 11.712
1205 11.8056
1207 11.8056
1209 11.9149
1211 11.9149
1213 12.0242
1215 12.0242
1217 11.9149
1219 11.3649
1221 11.4707
1223 11.4707
1225 11.4707
1227 11.6085
1229 12.0004
1231 12.0004
1233 11.9086
1235 11.6199
1237 11.6199
1239 11.9757
1241 12.1371
1243 12.5333
1245 12.0959
1247 12.0959
1249 12.0959
1251 12.5516
1253 12.7203
1255 12.7203
1257 12.7203
1259 12.7203
1261 12.7203
1263 12.6431
1265 12.7203
1267 12.7203
1269 12.518
1271 12.2408
1273 11.843
1275 11.7353
1277 10.7112
1279 10.3976
1281 10.3976
1283 10.3976
1285 10.1407
1287 10.1407
1289 10.433
1291 10.5902
1293 11.6142
1295 11.68
1297 11.3183
1299 11.3183
1301 11.3183
1303 11.3183
1305 11.3183
1307 11.3183
1309 11.3183
1311 11.085
1313 11.085
1315 11.0953
1317 11.1193
1319 11.1193
1321 11.2469
1323 11.2469
1325 11.7625
1327 11.7625
1329 11.7625
1331 11.7625
1333 11.7625
1335 11.7625
1337 11.7625
1339 12.0275
1341 12.0275
1343 11.775
1345 11.775
1347 11.775
1349 11.6702
1351 11.5857
1353 11.5857
1355 11.6279
1357 11.4141
1359 11.4141
1361 11.4488
1363 11.4488
1365 11.4488
1367 11.4488
1369 11.4488
1371 11.4488
1373 11.1319
1375 11.1319
1377 11.8459
1379 11.5737
1381 11.729
1383 11.1291
1385 11.1291
1387 11.1291
1389 11.1291
1391 11.1291
1393 10.6774
1395 10.6774
1397 10.6774
1399 10.6774
1401 10.405
1403 10.405
1405 10.405
1407 10.405
1409 10.405
1411 10.1594
1413 10.1723
1415 10.1723
1417 10.1723
1419 10.1723
1421 10.1232
1423 10.1232
1425 10.5418
1427 10.5515
1429 10.5515
1431 10.5515
1433 10.208
1435 10.3155
1437 10.3155
1439 10.6491
1441 10.5732
1443 10.139
1445 9.65275
1447 10.0483
1449 10.0483
1451 10.0483
1453 10.0483
1455 10.2743
1457 10.3466
1459 10.5658
1461 10.5658
1463 10.8303
1465 10.8719
1467 11.4367
1469 11.4358
1471 11.4358
1473 11.0774
1475 11.0774
1477 11.0787
1479 11.0787
1481 10.9758
1483 10.9886
1485 10.9886
1487 10.9886
1489 10.9886
1491 10.9886
1493 10.9058
1495 10.9058
1497 10.9058
1499 10.4987
1501 10.2246
1503 9.84128
1505 9.84128
1507 9.84128
1509 9.84128
1511 10.6746
1513 10.6746
1515 10.6746
1517 10.6994
1519 10.2972
1521 10.2972
1523 10.2972
1525 10.2972
1527 10.4239
1529 10.4239
1531 10.3577
1533 10.3577
1535 10.2872
1537 10.5503
1539 10.5299
1541 10.5299
1543 10.1803
1545 10.1803
1547 10.1803
1549 10.1428
1551 9.67653
1553 10.1946
1555 10.1946
1557 10.1946
1559 10.1946
1561 10.1946
1563 10.4232
1565 10.4232
1567 10.4232
1569 10.4232
1571 10.4121
1573 10.4121
1575 11.7762
1577 11.3673
1579 11.3673
1581 11.6156
1583 11.3249
1585 11.417
1587 11.417
1589 11.1719
1591 11.0664
1593 11.0664
1595 10.6044
1597 10.7447
1599 10.7447
1601 10.7447
1603 10.9462
1605 11.0146
1607 11.136
1609 11.136
1611 11.0853
1613 11.0853
1615 11.0853
1617 11.1983
1619 11.1983
1621 10.571
1623 10.3158
1625 10.3158
1627 10.3158
1629 10.3158
1631 10.5436
1633 10.5436
1635 10.7974
1637 10.8152
1639 10.8152
1641 10.8152
1643 10.5066
1645 10.5066
1647 10.3219
1649 10.4558
1651 10.4803
1653 10.3056
1655 10.3056
1657 10.3056
1659 10.394
1661 10.394
1663 10.394
1665 10.8461
1667 10.7728
1669 10.7728
1671 10.7728
1673 10.7728
1675 10.7728
1677 10.7728
1679 10.7728
1681 10.8469
1683 10.8469
1685 10.8469
1687 11.0909
1689 11.0446
1691 11.2153
1693 11.2153
1695 11.2153
1697 10.9438
1699 10.9438
1701 10.9438
1703 10.9438
1705 10.9438
1707 11.2388
1709 11.2388
1711 11.2978
1713 11.1884
1715 11.1884
1717 11.1884
1719 11.0267
1721 11.1884
1723 11.1695
1725 10.9391
1727 10.9391
1729 10.9391
1731 10.9391
1733 10.9391
1735 10.9391
1737 10.9391
1739 10.9391
1741 10.9391
1743 10.9391
1745 10.9391
1747 10.9391
1749 10.9391
1751 10.9391
1753 10.773
1755 10.773
1757 10.773
1759 10.9053
1761 10.9391
1763 10.9391
1765 10.4772
1767 10.4772
1769 10.8625
1771 10.7869
1773 10.7869
1775 11.0282
1777 11.0282
1779 11.0282
1781 10.7261
1783 10.7261
1785 10.8223
1787 10.4617
1789 10.4662
1791 10.4662
1793 10.4662
1795 10.5486
1797 10.5486
1799 10.5486
1801 10.665
1803 11.2833
1805 11.2833
1807 11.5331
1809 11.5331
1811 11.5331
1813 11.4558
1815 10.0994
1817 10.0994
1819 10.0994
1821 10.0994
1823 11.058
1825 11.058
1827 10.9186
1829 10.905
1831 11.0215
1833 11.058
1835 11.1681
1837 11.1681
1839 11.1681
1841 11.1681
1843 11.1681
1845 10.738
1847 10.738
1849 9.955
1851 9.955
1853 9.955
1855 10.7005
1857 11.2034
1859 11.2034
1861 11.2263
1863 10.9314
1865 10.8909
1867 10.8183
1869 10.6546
1871 11.0442
1873 11.114
1875 11.114
1877 11.5561
1879 11.3239
1881 11.2598
1883 11.2598
1885 11.0967
1887 11.0967
1889 10.8886
1891 10.9662
1893 10.9662
1895 11.2508
1897 11.2508
1899 10.7117
1901 10.7117
1903 10.9544
1905 10.9544
1907 10.9544
1909 10.9544
1911 11.0352
1913 11.0352
1915 11.285
1917 11.285
1919 11.285
1921 11.285
1923 11.285
1925 11.3011
1927 11.3011
1929 11.3011
1931 10.958
1933 10.958
1935 10.958
1937 10.958
1939 10.9492
1941 11.1342
1943 10.7525
1945 10.6779
1947 10.7218
1949 10.7218
1951 10.7218
1953 11.3545
1955 11.3821
1957 11.5987
1959 11.5987
1961 11.5987
1963 11.6886
1965 11.6886
1967 11.6886
1969 11.6886
1971 11.6886
1973 11.6886
1975 11.197
1977 11.197
1979 11.197
1981 11.6797
1983 11.6797
1985 11.5548
1987 11.5083
1989 11.5083
1991 11.9605
1993 11.684
1995 11.6811
1997 11.4948
1999 11.4948
2001 10.9876
2003 10.9876
2005 10.9201
2007 11.5714
2009 11.3501
2011 11.3501
2013 11.3501
2015 11.2558
2017 11.3501
2019 11.3501
2021 11.2304
2023 11.2304
2025 11.1092
2027 10.7368
2029 10.1794
2031 10.1794
2033 10.1794
2035 10.4826
2037 10.4826
2039 10.4826
2041 10.4826
2043 10.2075
2045 10.2075
2047 10.2075
2049 10.2075
2051 10.9823
2053 10.9823
2055 10.9823
2057 11.1961
2059 11.2839
2061 11.0715
2063 11.0715
2065 11.2537
2067 11.2537
2069 11.252
2071 11.2902
2073 11.5922
2075 11.5922
2077 11.6684
2079 11.6684
2081 11.323
2083 11.323
2085 11.2137
2087 11.2137
2089 11.2137
2091 11.2137
2093 11.2137
2095 11.2137
2097 11.1831
2099 11.392
2101 11.417
2103 11.417
2105 11.1899
2107 11.1899
2109 11.1899
2111 11.1899
2113 10.7578
2115 10.7578
2117 10.7578
2119 10.7578
2121 11.1565
2123 11.5135
2125 11.5135
2127 11.5135
2129 11.4319
2131 11.0515
2133 11.0515
2135 11.0515
2137 11.0515
2139 11.0515
2141 11.0432
2143 11.0432
2145 10.7336
2147 10.7336
2149 10.7336
2151 10.9793
2153 10.9793
2155 10.9793
2157 10.9793
2159 10.9793
2161 10.9793
2163 10.9793
2165 10.9793
2167 10.9793
2169 10.9793
2171 10.9793
2173 10.9793
2175 11.0615
2177 11.0615
2179 11.0615
2181 10.4234
2183 10.4234
2185 10.4234
2187 9.79519
2189 9.79519
2191 9.79519
2193 9.79519
2195 9.79519
2197 9.79519
2199 9.79519
2201 9.79519
2203 9.59664
2205 9.59664
2207 9.59664
2209 9.59664
2211 9.59664
2213 9.59664
2215 9.59664
2217 9.9523
2219 9.83614
2221 9.74513
2223 10.1845
2225 10.1845
2227 10.3488
2229 10.3371
2231 10.3371
2233 10.3371
2235 10.3302
2237 10.3302
2239 10.3302
2241 10.5361
2243 10.5179
2245 10.0968
2247 10.0968
2249 10.0968
2251 10.0968
2253 10.412
2255 10.4654
2257 10.4654
2259 10.4654
2261 10.4654
2263 10.4654
2265 10.4654
2267 10.6198
2269 10.6198
2271 10.6335
2273 10.6335
2275 10.4837
2277 10.5216
2279 10.5121
2281 10.5121
2283 10.5121
2285 10.5429
2287 10.5429
2289 10.5281
2291 10.5281
2293 10.747
2295 10.747
2297 10.4792
2299 10.4792
2301 10.4792
2303 10.4792
2305 10.4792
2307 10.4792
2309 10.3226
2311 10.4714
2313 10.4714
2315 10.4714
2317 10.4714
2319 10.4877
2321 10.4877
2323 10.4877
2325 10.4877
2327 10.2662
2329 10.2662
2331 10.1193
2333 10.1193
2335 10.1193
2337 10.1193
2339 10.1193
2341 9.64238
2343 10.3661
2345 10.1834
2347 10.1834
2349 10.1834
2351 10.1767
2353 10.6803
2355 10.7841
2357 10.7841
2359 10.5225
2361 10.5225
2363 10.8552
2365 10.9285
2367 10.9285
2369 10.9467
2371 10.9467
2373 10.9467
2375 10.9467
2377 10.9467
2379 10.9467
2381 10.9467
2383 10.9467
2385 10.7305
2387 10.64
2389 10.598
2391 10.598
2393 10.598
2395 10.598
2397 11.0458
2399 11.0458
2401 11.0317
2403 11.0317
2405 11.0317
2407 10.6506
2409 10.6506
2411 11.1563
2413 11.1563
2415 10.9952
2417 10.8992
2419 10.7933
2421 10.7933
2423 10.7933
2425 10.6234
2427 10.6234
2429 10.5623
2431 10.5623
2433 10.6517
2435 10.6517
2437 10.838
2439 10.838
2441 10.3753
2443 10.3753
2445 10.6557
2447 10.8265
2449 10.8265
2451 10.8265
2453 10.7499
2455 10.7499
2457 10.7499
2459 10.7499
2461 10.5692
2463 10.7499
2465 10.7499
2467 10.7499
2469 10.7499
2471 11.0027
2473 10.8066
2475 10.5946
2477 10.5946
2479 10.437
2481 10.437
2483 10.437
2485 10.5047
2487 10.5047
2489 10.6926
2491 10.8548
2493 10.4978
2495 10.4691
2497 10.4691
2499 10.4691
2501 10.4305
2503 10.4305
2505 10.1096
2507 10.1096
2509 10.1096
2511 10.1096
2513 10.3317
2515 10.3317
2517 10.3317
2519 10.29
2521 10.4722
2523 10.4722
2525 10.4722
2527 10.4722
2529 10.4722
2531 10.5062
2533 10.5062
2535 10.5062
2537 10.5062
2539 10.5062
2541 10.5062
2543 10.5062
2545 10.2992
2547 10.2992
2549 10.2992
2551 10.0185
2553 10.0207
2555 10.0207
2557 10.0207
2559 10.0207
2561 10.0207
2563 10.0207
2565 10.0207
2567 9.90645
2569 9.90645
2571 10.5093
2573 10.0727
2575 10.0727
2577 10.3312
2579 10.3312
2581 10.5746
2583 10.8194
2585 10.8194
2587 10.8194
2589 10.6314
2591 10.6314
2593 10.2914
2595 10.2914
2597 10.2914
2599 10.2793
2601 10.2793
2603 10.2793
2605 10.2793
2607 10.3207
2609 10.3207
2611 10.3207
2613 10.3207
2615 10.3207
2617 10.3207
2619 10.3207
2621 10.3207
2623 10.3207
2625 10.3207
2627 10.3207
2629 10.3279
2631 10.3279
2633 10.3279
2635 10.3279
2637 10.3279
2639 10.3279
2641 10.6356
2643 10.6356
2645 10.6356
2647 10.8915
2649 10.8915
2651 10.8915
2653 10.8915
2655 10.8915
2657 10.8915
2659 10.754
2661 10.754
2663 10.754
2665 10.754
2667 10.0495
2669 10.0495
2671 10.0495
2673 9.8718
2675 9.70684
2677 9.70684
2679 9.70684
2681 9.70684
2683 9.70684
2685 9.70684
2687 9.70684
2689 10.1698
2691 10.1698
2693 9.93884
2695 10.1714
2697 10.1714
2699 10.0891
2701 9.99851
2703 9.99851
2705 9.99851
2707 9.99851
2709 9.85539
2711 9.85539
2713 9.85539
2715 9.85539
2717 9.85539
2719 9.85539
2721 10.1894
2723 10.2227
2725 10.2227
2727 10.2227
2729 10.4221
2731 10.4221
2733 10.4221
2735 10.4221
2737 9.8753
2739 9.8753
2741 9.8753
2743 9.8753
2745 9.8753
2747 9.8753
2749 9.8753
2751 9.8753
2753 10.2194
2755 10.2194
2757 10.2194
2759 10.2194
2761 10.2194
2763 10.2194
2765 10.13
2767 10.13
2769 10.3712
2771 10.3712
2773 10.3712
2775 10.4169
2777 10.4169
2779 10.4169
2781 10.4169
2783 10.4169
2785 10.4169
2787 10.4169
2789 10.3209
2791 10.6873
2793 10.504
2795 10.504
2797 10.4829
2799 10.4829
2801 10.0318
2803 10.0318
2805 9.71186
2807 9.71186
2809 9.71186
2811 9.71186
2813 9.71186
2815 9.85932
2817 9.85932
2819 9.85932
2821 9.85932
2823 9.85932
2825 9.85932
2827 9.57787
2829 9.57787
2831 9.57787
2833 9.57787
2835 9.57787
2837 9.57787
2839 9.58149
2841 9.58149
2843 9.58149
2845 9.58149
2847 9.58149
2849 9.58149
2851 9.58149
2853 9.58149
2855 9.58149
2857 9.58149
2859 9.58149
2861 9.58149
2863 9.58149
2865 9.58149
2867 9.58149
2869 9.64994
2871 9.64994
2873 9.64994
2875 9.64994
2877 9.64994
2879 9.64994
2881 9.61408
2883 9.84198
2885 9.78931
2887 9.78931
2889 9.78931
2891 9.78931
2893 9.78931
2895 9.78931
2897 9.54166
2899 9.54166
2901 9.54166
2903 9.54166
2905 9.54166
2907 9.54166
2909 9.54166
2911 9.54166
2913 9.54166
2915 9.54166
2917 9.54166
2919 9.54166
2921 9.54166
2923 9.9393
2925 9.9393
2927 9.9393
2929 9.9393
2931 9.9393
2933 9.9393
2935 9.9393
2937 9.9393
2939 9.80091
2941 9.79165
2943 9.79165
2945 9.72071
2947 9.72071
2949 9.72071
2951 9.72071
2953 9.72071
2955 10.5909
2957 10.5909
2959 10.5909
2961 10.5778
2963 10.1762
2965 10.2268
2967 10.2268
2969 10.3385
2971 10.3385
2973 10.3385
2975 10.3385
2977 10.1523
2979 10.1523
2981 10.8361
2983 10.8392
2985 10.997
2987 10.7212
2989 10.7212
2991 10.5689
2993 10.5689
2995 10.5689
2997 10.5689
2999 10.5689
3001 10.8258
3003 10.8258
3005 10.8258
3007 10.8258
3009 10.7969
3011 10.7969
3013 10.7969
3015 10.7969
3017 10.7969
3019 10.7969
3021 10.7969
3023 10.7969
3025 10.7969
3027 10.7969
3029 10.9798
3031 10.9798
3033 10.379
3035 10.379
3037 10.379
3039 10.379
3041 10.379
3043 10.3377
3045 10.3377
3047 10.3377
3049 10.3377
3051 10.3377
3053 10.3377
3055 10.3377
3057 9.95155
3059 9.95155
3061 9.96573
3063 9.96573
3065 9.85262
3067 9.85262
3069 10.0195
3071 10.0195
3073 10.2386
3075 10.2386
3077 9.86443
3079 9.86443
3081 9.86443
3083 9.17272
3085 9.17272
3087 9.17272
3089 9.17272
3091 9.55721
3093 9.32263
3095 9.57259
3097 9.57259
3099 9.61405
3101 9.61405
3103 9.61405
3105 9.61405
3107 9.36449
3109 9.57835
3111 9.89181
3113 9.89181
3115 9.89181
3117 9.89181
3119 9.8694
3121 9.8694
3123 9.8694
3125 10.0153
3127 9.57107
3129 9.57107
3131 9.68044
3133 9.68044
3135 9.68044
3137 9.68044
3139 9.83863
3141 9.83863
3143 9.83863
3145 9.99806
3147 10.0965
3149 10.0965
3151 10.0965
3153 10.0965
3155 10.0965
3157 10.0965
3159 10.0965
3161 10.0965
3163 10.1775
3165 10.1168
3167 10.0985
3169 10.0985
3171 10.0289
3173 10.0289
3175 10.0289
3177 9.98866
3179 9.98866
3181 9.98866
3183 9.98866
3185 9.98866
3187 9.98866
3189 9.98866
3191 9.95769
3193 9.93649
3195 9.93649
3197 9.93649
3199 9.93649
3201 9.95769
3203 9.95769
3205 9.95769
3207 9.91198
3209 9.91198
3211 9.91198
3213 9.91198
3215 9.91198
3217 9.91198
3219 9.91198
3221 9.91198
3223 9.91198
3225 9.91198
3227 9.91198
3229 9.76126
3231 9.67389
3233 9.67389
3235 9.67389
3237 9.67389
3239 9.67389
3241 9.67389
3243 9.60887
3245 9.60887
3247 9.55884
3249 9.55884
3251 9.55884
3253 9.55884
3255 9.55884
3257 9.851
3259 9.43968
3261 9.43968
3263 9.43968
3265 9.43968
3267 9.09235
3269 9.08951
3271 9.08951
3273 9.08951
3275 9.08951
3277 9.08951
3279 9.08951
3281 9.08951
3283 9.08951
3285 9.08951
3287 9.08951
3289 9.34125
3291 9.34125
3293 9.34125
3295 9.34125
3297 9.34125
3299 9.34125
3301 9.34125
3303 9.34125
3305 9.34125
3307 9.28186
3309 9.28186
3311 9.28186
3313 9.28186
3315 9.28186
3317 9.20057
3319 9.20057
3321 9.04215
3323 8.96663
3325 8.96663
3327 8.96663
3329 8.96663
3331 8.97272
3333 8.97272
3335 8.97272
3337 8.52709
3339 8.52709
3341 8.52709
3343 8.52672
3345 8.22038
3347 8.22038
3349 8.23872
3351 8.23872
3353 8.23872
3355 8.21736
3357 8.21736
3359 8.28861
3361 8.28861
3363 8.28861
3365 8.28861
3367 8.28861
3369 8.28861
3371 8.28861
3373 8.28861
3375 8.28861
3377 8.28861
3379 8.28861
3381 8.28861
3383 8.28861
3385 8.28861
3387 8.28861
3389 8.28861
3391 8.28861
3393 8.28861
3395 8.28861
3397 7.79946
3399 7.79946
3401 7.79946
3403 7.79946
3405 7.79946
3407 7.79946
3409 7.79946
3411 7.79946
3413 7.79946
3415 7.79946
3417 7.79946
3419 7.79946
3421 7.79946
3423 7.79946
3425 7.79946
3427 7.79946
3429 7.79946
3431 7.79946
3433 7.79946
3435 8.03605
3437 8.03605
3439 7.93517
3441 7.93517
3443 7.89143
3445 7.89143
3447 7.89143
3449 7.9869
3451 7.9869
3453 7.9869
3455 7.9869
3457 7.9869
3459 7.9869
3461 7.97798
3463 7.97798
3465 8.09226
3467 8.09226
3469 8.09226
3471 8.09226
3473 8.09226
3475 8.09226
3477 8.09226
3479 8.09226
3481 8.09226
3483 8.09226
3485 8.09226
3487 8.09226
3489 8.09226
3491 7.41323
3493 7.41323
3495 7.41323
3497 7.41323
3499 7.41323
3501 7.41323
3503 7.41323
3505 7.09952
3507 7.09952
3509 7.09952
3511 7.09952
3513 7.29099
3515 7.29099
3517 7.29099
3519 7.29099
3521 7.29099
3523 7.29099
3525 7.29099
3527 7.29099
3529 7.29099
3531 7.29099
3533 7.29099
3535 7.29099
3537 7.13737
3539 7.13737
3541 7.13737
3543 7.41811
3545 7.41811
3547 7.41811
3549 7.41811
3551 7.41811
3553 7.41811
3555 7.41811
3557 7.41811
3559 7.41811
3561 7.41811
3563 7.41811
3565 7.41811
3567 8.30697
3569 8.30697
3571 8.30697
3573 8.30697
3575 8.30697
3577 8.30697
3579 8.30697
3581 8.30697
3583 7.7675
3585 7.7675
3587 7.7675
3589 7.7675
3591 7.7675
3593 7.7675
3595 7.7675
3597 7.7675
3599 7.7675
3601 8.50961
3603 8.50961
3605 8.50961
3607 8.50961
3609 8.50961
3611 8.50961
3613 8.50961
3615 8.44031
3617 8.44031
3619 8.09387
3621 8.09387
3623 8.02414
3625 8.02414
3627 8.02414
3629 8.02414
3631 8.02414
3633 7.90322
3635 7.90322
3637 7.90322
3639 7.8376
3641 7.8376
3643 7.8376
3645 7.8376
3647 7.8376
3649 7.8376
3651 7.8376
3653 7.8376
3655 7.8376
3657 7.8376
3659 7.8376
3661 7.8376
3663 7.8376
3665 7.9029
3667 7.9029
3669 7.9029
3671 7.9029
3673 7.9029
3675 7.9029
3677 7.9029
3679 7.9029
3681 7.9029
3683 7.9029
3685 7.9029
3687 7.9029
3689 7.9029
3691 7.9029
3693 7.9029
3695 7.75261
3697 7.75261
3699 7.75261
3701 7.75261
3703 7.75261
3705 7.75261
3707 7.75261
3709 7.75261
3711 7.75261
3713 7.75261
3715 7.75261
3717 7.75261
3719 7.75261
3721 7.75261
3723 7.75261
3725 7.75261
3727 7.75261
3729 7.69152
3731 7.64465
3733 7.64465
3735 7.64465
3737 7.64465
3739 7.64465
3741 7.64465
3743 7.64465
3745 7.64465
3747 7.64465
3749 7.64465
3751 7.64465
3753 7.89518
3755 7.89518
3757 7.89518
3759 7.89132
3761 7.81545
3763 7.81545
3765 7.81545
3767 7.81545
3769 7.81545
3771 7.81545
3773 7.81545
3775 7.81545
3777 7.81545
3779 7.81545
3781 7.81545
3783 7.81545
3785 7.81545
3787 7.81545
3789 7.81545
3791 7.81545
3793 7.81545
3795 7.81545
3797 7.81545
3799 7.81545
3801 7.35096
3803 7.35096
3805 7.35096
3807 7.35096
3809 7.35096
3811 7.35096
3813 7.35096
3815 7.35096
3817 7.35096
3819 7.35096
3821 7.35096
3823 7.35096
3825 7.35096
3827 7.57089
3829 7.37805
3831 7.37805
3833 7.37805
3835 7.37805
3837 7.37805
3839 7.37805
3841 7.37805
3843 7.37805
3845 7.37805
3847 7.37805
3849 7.37805
3851 7.37805
3853 7.5175
3855 8.00553
3857 8.00553
3859 8.00553
3861 8.00553
3863 8.00553
3865 8.00553
3867 8.00553
3869 8.00553
3871 8.00553
3873 8.00553
3875 8.00553
3877 8.00553
3879 8.00553
3881 8.00553
3883 8.00553
3885 8.00553
3887 8.00553
3889 8.00553
3891 8.00553
3893 8.00553
3895 8.00553
3897 8.00553
3899 7.9807
3901 7.9807
3903 7.9807
3905 7.9807
3907 7.9807
3909 7.9807
3911 7.9807
3913 7.9807
3915 7.9807
3917 7.9807
3919 8.02376
3921 8.02376
3923 8.02376
3925 7.72353
3927 7.72353
3929 7.72353
3931 7.72353
3933 7.92061
3935 7.92061
3937 7.92061
3939 7.92061
3941 8.00661
3943 8.00661
3945 8.10192
3947 8.10192
3949 8.07879
3951 8.09042
3953 8.14369
3955 8.14369
3957 8.14369
3959 8.14369
3961 8.14369
3963 8.14369
3965 7.82624
3967 7.82624
3969 7.82624
3971 7.57947
3973 7.57947
3975 7.57947
3977 7.57947
3979 7.57947
3981 7.57947
3983 7.57947
3985 7.69795
3987 7.69795
3989 7.69795
3991 7.69795
3993 7.69795
3995 7.69795
3997 7.69795
3999 7.57947
4001 7.57947
4003 7.43174
4005 7.43174
4007 7.43174
4009 7.43174
4011 7.43174
4013 7.43174
4015 7.43174
4017 7.43174
4019 7.43174
4021 7.43174
4023 7.46423
4025 7.46423
4027 7.65148
4029 7.65148
4031 7.65148
4033 7.65148
4035 7.65148
4037 7.65148
4039 7.65148
4041 7.54568
4043 7.54568
4045 7.54568
4047 7.54568
4049 7.54568
4051 7.54568
4053 7.54568
4055 7.54568
4057 7.54568
4059 7.54568
4061 7.54568
4063 7.54568
4065 7.54568
4067 7.54568
4069 7.54568
4071 7.54568
4073 7.54568
4075 7.54568
4077 7.54568
4079 7.54568
4081 7.54568
4083 7.54568
4085 7.54568
4087 7.54568
4089 7.54568
4091 7.54568
4093 7.54568
4095 7.54568
4097 7.51158
4099 7.51158
4101 7.51158
4103 7.51158
4105 7.51158
4107 7.51158
4109 7.51158
4111 7.51158
4113 7.51158
4115 7.51158
4117 7.51158
4119 7.51158
4121 7.51158
4123 7.51158
4125 7.51158
4127 7.51158
4129 7.51158
4131 7.51158
4133 7.51158
4135 7.50827
4137 7.50827
4139 7.50827
4141 7.50827
4143 7.50827
4145 7.50827
4147 7.50827
4149 7.50827
4151 7.50827
4153 7.50827
4155 7.50827
4157 7.50827
4159 7.50827
4161 7.50827
4163 7.50827
4165 7.50827
4167 7.50973
4169 7.50973
4171 7.13264
4173 7.13264
4175 7.13264
4177 7.13264
4179 7.13264
4181 7.13264
4183 7.2616
4185 7.2616
4187 7.48833
4189 7.48833
4191 7.48833
4193 7.48833
4195 7.48833
4197 7.48833
4199 7.48833
4201 7.48833
4203 7.48833
4205 7.48833
4207 7.48833
4209 7.48833
4211 7.48833
4213 7.48833
4215 7.48833
4217 7.48833
4219 7.48833
4221 7.27703
4223 7.27703
4225 7.27703
4227 7.27703
4229 7.27703
4231 7.27703
4233 7.27703
4235 7.27703
4237 7.27703
4239 7.27703
4241 7.27703
4243 7.56953
4245 7.56953
4247 7.71832
4249 7.71832
4251 7.84382
4253 7.94391
4255 7.94391
4257 7.94391
4259 7.94391
4261 7.94391
4263 7.94391
4265 7.94391
4267 7.75351
4269 7.75351
4271 7.75351
4273 7.75351
4275 7.75351
4277 7.75351
4279 7.81329
4281 7.81329
4283 7.81329
4285 7.81329
4287 7.81329
4289 7.81329
4291 7.94137
4293 7.94137
4295 7.79826
4297 7.79826
4299 7.79826
4301 7.79826
4303 7.79826
4305 7.79826
4307 7.79826
4309 7.79826
4311 7.79826
4313 7.79826
4315 7.79488
4317 7.76512
4319 7.76512
4321 7.76512
4323 7.76512
4325 7.76512
4327 7.76512
4329 7.76512
4331 7.76512
4333 7.90772
4335 7.90772
4337 7.90772
4339 7.90772
4341 7.90772
4343 7.90772
4345 7.90772
4347 7.90772
4349 7.84022
4351 7.84022
4353 7.84022
4355 7.84022
4357 7.84022
4359 7.84022
4361 7.84022
4363 7.84022
4365 7.84022
4367 7.84022
4369 7.58554
4371 7.58554
4373 7.59455
4375 7.59455
4377 7.59455
4379 7.59455
4381 7.59455
4383 7.59455
4385 7.59455
4387 7.59455
4389 7.59455
4391 7.59455
4393 7.59455
4395 7.59455
4397 7.59455
4399 7.59455
4401 7.59455
4403 7.59455
4405 7.59455
4407 7.59455
4409 7.59455
4411 7.59455
4413 7.59455
4415 7.59455
4417 7.59455
4419 7.59455
4421 7.59455
4423 7.59455
4425 7.54444
4427 7.54444
4429 7.54444
4431 7.54444
4433 7.54444
4435 7.54444
4437 7.54444
4439 7.54444
4441 7.54444
4443 7.54444
4445 7.54444
4447 7.54444
4449 7.54444
4451 7.54444
4453 7.54444
4455 7.54444
4457 7.54444
4459 7.54444
4461 7.54444
4463 7.54444
4465 7.54444
4467 7.54444
4469 7.54444
4471 7.54444
4473 7.54444
4475 7.54444
4477 7.54444
4479 7.54444
4481 7.54444
4483 7.54444
4485 7.54444
4487 7.52472
4489 7.55433
4491 7.4832
4493 7.4832
4495 7.55433
4497 7.55433
4499 7.50318
4501 7.50318
4503 7.50318
4505 7.50318
4507 7.52928
4509 7.52928
4511 7.52928
4513 7.55433
4515 7.55433
4517 7.55433
4519 7.55433
4521 7.55433
4523 7.55433
4525 7.55433
4527 7.55433
4529 7.55433
4531 7.55433
4533 7.55433
4535 7.55433
4537 7.55433
4539 7.55433
4541 7.55433
4543 7.55433
4545 7.55433
4547 7.55433
4549 7.55433
4551 7.55433
4553 7.55433
4555 7.55433
4557 7.55433
4559 7.55433
4561 7.55433
4563 7.55433
4565 7.55433
4567 7.55433
4569 7.55433
4571 7.54108
4573 7.54108
4575 7.54108
4577 7.54108
4579 7.54108
4581 7.54108
4583 7.54108
4585 7.54108
4587 7.54108
4589 7.54108
4591 7.54108
4593 7.56787
4595 7.56787
4597 7.56787
4599 7.56787
4601 7.56787
4603 7.56787
4605 7.56787
4607 7.56787
4609 7.56787
4611 7.56787
4613 7.56787
4615 7.56787
4617 7.67631
4619 7.67631
4621 7.63808
4623 7.65251
4625 7.65251
4627 7.65251
4629 7.65251
4631 7.65251
4633 7.66214
4635 7.66214
4637 7.66214
4639 7.42232
4641 7.42232
4643 7.42232
4645 7.42232
4647 7.34652
4649 7.34652
4651 7.39415
4653 7.42232
4655 7.42232
4657 7.42232
4659 7.42232
4661 7.42232
4663 7.42232
4665 7.42232
4667 7.42232
4669 7.42232
4671 7.48823
4673 7.48823
4675 7.48823
4677 7.42785
4679 7.42785
4681 7.42785
4683 7.42785
4685 7.42785
4687 7.31976
4689 7.31976
4691 7.46542
4693 7.46542
4695 7.46542
4697 7.4408
4699 7.4408
4701 7.4408
4703 7.4408
4705 7.4408
4707 7.4408
4709 7.4408
4711 7.21611
4713 7.21611
4715 7.21611
4717 7.21611
4719 7.21611
4721 7.21611
4723 7.21611
4725 7.21611
4727 7.21611
4729 7.21611
4731 7.21611
4733 7.21611
4735 7.21611
4737 7.21611
4739 7.21611
4741 7.22868
4743 7.22868
4745 7.22868
4747 7.22868
4749 7.22868
4751 7.22868
4753 7.22868
4755 7.22868
4757 7.22868
4759 7.22868
4761 7.22868
4763 7.22287
4765 7.22287
4767 7.22287
4769 7.22287
4771 7.22287
4773 7.22287
4775 7.22287
4777 7.22287
4779 7.22287
4781 7.22287
4783 7.22287
4785 7.22287
4787 7.22287
4789 7.22287
4791 7.22287
4793 7.22287
4795 7.22287
4797 7.22287
4799 7.22287
4801 7.22287
4803 7.22287
4805 7.22287
4807 7.22287
4809 7.22287
4811 7.22287
4813 7.22287
4815 7.22287
4817 6.9917
4819 6.9917
4821 6.9917
4823 6.9917
4825 6.76129
4827 6.76129
4829 6.76129
4831 6.76129
4833 6.76129
4835 6.76129
4837 6.76129
4839 6.76129
4841 6.78134
4843 6.78134
4845 6.78134
4847 6.78134
4849 6.78134
4851 6.78134
4853 6.78134
4855 6.78134
4857 6.78134
4859 6.78134
4861 6.78134
4863 6.78134
4865 6.78134
4867 6.78134
4869 6.78134
4871 6.78134
4873 6.78134
4875 6.78134
4877 6.78134
4879 6.78134
4881 6.78134
4883 6.78134
4885 6.78134
4887 6.78134
4889 6.78134
4891 6.78134
4893 6.78134
4895 6.78134
4897 6.78134
4899 6.78134
4901 6.78134
4903 6.78134
4905 6.78134
4907 6.78134
4909 6.78134
4911 6.78134
4913 6.87259
4915 6.87259
4917 6.87259
4919 6.87259
4921 6.87259
4923 6.85254
4925 6.85254
4927 6.79132
4929 6.79132
4931 6.79132
4933 6.82871
4935 6.82871
4937 6.82871
4939 6.82871
4941 6.82871
4943 6.82871
4945 6.82871
4947 6.82871
4949 6.82871
4951 6.82871
4953 6.81892
4955 6.81892
4957 6.81892
4959 6.81892
4961 6.53956
4963 6.53956
4965 6.53956
4967 6.53956
4969 6.53956
4971 6.53956
4973 6.53956
4975 6.53956
4977 6.53956
4979 6.53956
4981 6.53956
4983 6.53956
4985 6.53956
4987 6.53956
4989 6.53956
4991 6.53956
4993 6.53956
4995 6.53956
4997 6.53956
4999 6.53956
5001 6.53956
5003 6.53956
5005 6.53956
5007 6.53956
5009 6.53956
5011 6.53956
5013 6.53956
5015 6.53956
5017 6.53956
5019 6.53956
5021 6.53956
5023 6.53956
5025 6.53956
5027 6.53956
5029 6.53956
5031 6.53956
5033 6.53956
5035 6.53956
5037 6.53956
5039 6.53956
5041 6.53956
5043 6.53956
5045 6.53956
5047 6.53956
5049 6.53956
5051 6.53956
5053 6.4829
5055 6.4829
5057 6.4829
5059 6.4829
5061 6.4829
5063 6.4829
5065 6.4829
5067 6.4829
5069 6.4829
5071 6.4829
5073 6.4829
5075 6.4829
5077 6.38858
5079 6.12392
5081 6.12392
5083 6.12392
5085 6.12392
5087 6.12392
5089 6.12392
5091 6.12392
5093 6.12392
5095 6.12392
5097 6.12392
5099 6.12392
5101 6.12392
5103 6.12392
5105 6.12392
5107 6.12392
5109 6.12392
5111 6.12392
5113 6.12392
5115 6.12392
5117 6.12392
5119 6.12392
5121 6.12392
5123 6.12392
5125 6.12392
5127 6.12392
5129 6.12392
5131 6.12392
5133 6.12392
5135 6.02201
5137 6.02201
5139 6.02201
5141 6.02201
5143 6.02201
5145 6.02201
5147 6.02201
5149 6.15808
5151 6.15808
5153 6.15808
5155 6.15808
5157 6.15808
5159 6.15808
5161 6.15808
5163 6.15808
5165 6.15808
5167 6.15808
5169 6.15808
5171 6.15808
5173 6.15808
5175 6.15808
5177 6.15808
5179 6.15808
5181 6.15808
5183 6.06812
5185 6.06812
5187 6.06812
5189 6.06812
5191 6.06812
5193 6.06812
5195 6.08824
5197 6.08824
5199 6.08824
5201 6.08824
5203 6.08824
5205 6.08824
5207 6.08824
5209 6.08824
5211 6.00925
5213 6.00925
5215 6.00925
5217 6.00136
5219 6.00136
5221 6.00136
5223 6.00136
5225 6.00136
5227 6.00136
5229 6.00136
5231 6.00136
5233 6.00136
5235 6.00136
5237 6.00136
5239 6.00136
5241 6.00136
5243 6.00136
5245 6.00136
5247 6.00136
5249 6.00136
5251 6.00136
5253 6.00136
5255 6.00136
5257 6.00136
5259 6.00136
5261 6.00136
5263 6.00136
5265 6.00136
5267 6.05315
5269 6.05315
5271 6.05315
5273 6.05315
5275 6.05315
5277 6.05315
5279 6.05315
5281 6.05315
5283 6.05315
5285 6.05315
5287 6.05315
5289 6.05315
5291 6.05315
5293 6.05315
5295 6.05315
5297 6.05315
5299 6.05315
5301 6.05315
5303 6.05315
5305 6.05315
5307 6.05315
5309 6.05315
5311 6.05315
5313 6.05315
5315 6.05315
5317 6.05315
5319 6.05315
5321 6.05315
5323 6.05315
5325 6.05315
5327 6.05315
5329 6.05315
5331 6.05315
5333 6.05315
5335 6.05315
5337 6.05315
5339 6.05315
5341 6.05315
5343 6.05315
5345 5.82896
5347 5.82896
5349 5.82896
5351 5.82896
5353 5.82896
5355 5.51094
5357 5.51094
5359 5.51094
5361 5.51094
5363 5.51094
5365 5.51094
5367 5.51094
5369 5.51094
5371 5.51094
5373 5.51094
5375 5.51094
5377 5.51094
5379 5.51094
5381 5.51094
5383 5.51094
5385 5.51094
5387 5.51094
5389 5.51094
5391 5.51094
5393 5.51094
5395 5.51094
5397 5.51094
5399 5.51094
5401 5.51094
5403 5.51094
5405 5.35412
5407 5.35412
5409 5.35412
5411 5.35412
5413 5.35412
5415 5.35412
5417 5.35412
5419 5.35412
5421 5.35412
5423 5.35412
5425 5.35412
5427 5.35412
5429 5.35412
5431 5.35412
5433 5.35412
5435 5.35412
5437 5.35412
5439 5.35412
5441 5.35412
5443 5.35412
5445 5.2802
5447 5.2802
5449 5.2802
5451 5.2802
5453 5.2802
5455 5.2802
5457 5.2802
5459 5.2802
5461 5.2802
5463 5.2802
5465 5.2802
5467 5.2802
5469 5.2802
5471 5.2802
5473 5.2802
5475 5.2802
5477 5.2802
5479 5.2802
5481 5.2802
5483 5.2802
5485 5.2802
5487 5.2802
5489 5.2802
5491 5.2802
5493 5.2802
5495 5.2802
5497 5.2802
5499 5.2802
5501 5.2802
5503 5.2802
5505 5.2802
5507 5.2802
5509 5.2802
5511 5.2802
5513 5.2802
5515 5.2802
5517 5.2802
5519 5.2802
5521 5.2802
5523 5.2802
5525 5.2802
5527 5.20989
5529 5.20989
5531 5.20989
5533 5.20989
5535 5.20989
5537 5.20989
5539 5.20989
5541 5.20989
5543 5.20989
5545 5.20989
5547 5.20989
5549 5.20989
5551 5.20989
5553 5.20989
5555 5.20989
5557 5.20989
5559 5.20989
5561 5.13729
5563 5.13729
5565 5.13729
5567 5.13729
5569 5.13729
5571 5.13729
5573 5.13729
5575 5.13729
5577 5.13729
5579 5.13729
5581 5.13729
5583 5.13729
5585 5.13729
5587 5.13729
5589 5.13729
5591 5.13729
5593 5.13729
5595 5.13729
5597 5.13729
5599 5.13729
5601 5.13729
5603 5.13729
5605 5.13729
5607 5.13729
5609 5.13729
5611 5.13729
5613 5.13729
5615 5.13729
5617 5.13729
5619 5.13729
5621 5.13729
5623 5.13729
5625 5.13729
5627 5.13729
5629 5.13729
5631 5.13729
5633 5.13729
5635 5.13729
5637 5.13729
5639 5.13729
5641 5.13729
5643 5.13729
5645 5.13729
5647 5.13729
5649 5.13729
5651 5.13729
5653 5.13729
5655 5.13729
5657 5.13729
5659 5.13729
5661 5.13729
5663 5.13729
5665 5.13729
5667 5.13729
5669 5.13729
5671 5.13729
5673 5.13729
5675 5.13729
5677 5.13729
5679 5.13729
5681 5.13729
5683 5.13729
5685 5.13729
5687 5.13729
5689 5.13729
5691 5.13729
5693 5.13729
5695 5.13729
5697 5.13729
5699 5.13729
5701 5.13926
5703 5.13729
5705 5.13729
5707 5.13729
5709 5.13729
5711 5.13729
5713 5.13729
5715 5.34367
5717 5.34367
5719 5.34367
5721 5.34367
5723 5.34367
5725 5.34367
5727 5.34367
5729 5.34367
5731 5.46737
5733 5.46737
5735 5.46737
5737 5.46737
5739 5.46737
5741 5.46737
5743 5.46737
5745 5.46737
5747 5.46737
5749 5.46737
5751 5.46737
5753 5.46737
5755 5.46737
5757 5.46737
5759 5.46737
5761 5.46737
5763 5.46737
5765 5.46737
5767 5.46737
5769 5.46737
5771 5.46737
5773 5.46737
5775 5.46737
5777 5.46737
5779 5.46737
5781 5.46737
5783 5.46737
5785 5.46737
5787 5.46737
5789 5.46737
5791 5.46737
5793 5.46737
5795 5.46737
5797 5.46737
5799 5.46737
5801 5.46737
5803 5.46737
5805 5.46737
5807 5.46737
5809 5.46737
5811 5.46737
5813 5.46737
5815 5.46737
5817 5.46737
5819 5.46737
5821 5.46737
5823 5.46737
5825 5.46737
5827 5.46737
5829 5.46737
5831 5.59622
5833 5.59622
5835 5.59622
5837 5.59622
5839 5.59622
5841 5.59622
5843 5.59622
5845 5.59622
5847 5.59622
5849 5.59622
5851 5.59622
5853 5.59622
5855 5.59622
5857 5.59622
5859 5.59622
5861 5.59622
5863 5.59622
5865 5.59622
5867 5.59622
5869 5.59622
5871 5.59622
5873 5.59622
5875 5.59622
5877 5.59622
5879 5.59622
5881 5.59622
5883 5.59622
5885 5.59622
5887 5.59622
5889 5.59622
5891 5.59622
5893 5.59622
5895 5.59622
5897 5.59622
5899 5.59622
5901 5.59622
5903 5.59622
5905 5.59622
5907 5.59622
5909 5.59622
5911 5.47133
5913 5.47133
5915 5.47133
5917 5.47133
5919 5.47133
5921 5.47133
5923 5.47133
5925 5.47133
5927 5.47133
5929 5.47133
5931 5.47133
5933 5.40133
5935 5.40133
5937 5.40133
5939 5.40133
5941 5.33596
5943 5.33596
5945 5.33596
5947 5.33217
5949 5.33217
5951 5.33217
5953 5.33217
5955 5.33217
5957 5.33217
5959 5.33217
5961 5.33217
5963 5.30527
5965 5.30527
5967 5.30527
5969 5.30527
5971 5.30527
5973 5.30527
5975 5.30527
5977 5.30527
5979 5.30527
5981 5.30527
5983 5.30527
5985 5.30527
5987 5.30527
5989 5.30527
5991 5.30527
5993 5.30527
5995 5.30527
5997 5.30527
5999 5.30527
6001 5.30527
6003 5.30527
6005 5.30527
6007 5.30527
6009 5.30527
6011 5.30527
6013 5.30527
6015 5.30527
6017 5.30527
6019 5.30527
6021 5.30527
6023 5.30527
6025 5.39261
6027 5.39261
6029 5.39261
6031 5.39261
6033 5.39261
6035 5.39261
6037 5.39261
6039 5.39261
6041 5.39261
6043 5.39261
6045 5.39261
6047 5.39261
6049 5.39261
6051 5.39261
6053 5.39261
6055 5.39261
6057 5.39261
6059 5.39261
6061 5.39261
6063 5.39261
6065 5.39261
6067 5.39261
6069 5.39261
6071 5.39261
6073 5.39261
6075 5.39261
6077 5.39261
6079 5.39261
6081 5.39261
6083 5.39261
6085 5.39261
6087 5.44126
6089 5.44126
6091 5.44126
6093 5.44126
6095 5.44126
6097 5.44126
6099 5.44126
6101 5.44126
6103 5.44126
6105 5.44126
6107 5.44126
6109 5.44126
6111 5.44126
6113 5.44126
6115 5.44126
6117 5.44126
6119 5.44126
6121 5.44126
6123 5.44126
6125 5.44126
6127 5.44126
6129 5.44126
6131 5.44126
6133 5.44126
6135 5.44126
6137 5.44126
6139 5.44126
6141 5.44126
6143 5.44126
6145 5.44126
6147 5.44126
6149 5.44126
6151 5.44126
6153 5.44126
6155 5.50384
6157 5.50384
6159 5.50384
6161 5.50384
6163 5.50384
6165 5.50384
6167 5.50384
6169 5.50384
6171 5.50384
6173 5.50384
6175 5.50384
6177 5.50384
6179 5.44323
6181 5.44323
6183 5.44323
6185 5.44323
6187 5.44323
6189 5.44323
6191 5.44323
6193 5.44323
6195 5.44323
6197 5.43519
6199 5.43519
6201 5.43519
6203 5.43519
6205 5.43519
6207 5.43519
6209 5.43519
6211 5.43519
6213 5.43519
6215 5.37001
6217 5.37001
6219 5.37001
6221 5.37001
6223 5.37001
6225 5.37001
6227 5.37001
6229 5.37001
6231 5.37001
6233 5.37001
6235 5.37001
6237 5.37001
6239 5.37001
6241 5.37001
6243 5.37001
6245 5.37001
6247 5.37001
6249 5.37001
6251 5.32733
6253 5.32733
6255 5.32733
6257 5.32733
6259 5.32733
6261 5.32733
6263 5.27236
6265 5.27236
6267 5.27236
6269 5.27236
6271 5.27236
6273 5.27236
6275 5.27236
6277 5.27236
6279 5.27236
6281 5.27236
6283 5.27236
6285 5.27236
6287 5.27236
6289 5.27236
6291 5.27236
6293 5.16065
6295 5.16065
6297 5.16065
6299 5.16065
6301 5.16065
6303 5.16065
6305 5.16065
6307 5.16065
6309 5.16065
6311 5.16065
6313 5.16065
6315 5.16065
6317 5.16065
6319 5.16065
6321 5.16065
6323 5.16065
6325 5.16065
6327 5.16065
6329 5.16065
6331 5.16065
6333 5.16065
6335 5.16065
6337 5.16065
6339 5.16065
6341 5.16065
6343 5.16065
6345 5.16065
6347 5.16065
6349 5.16065
6351 5.16065
6353 5.16065
6355 5.16065
6357 5.16065
6359 5.16065
6361 5.16065
6363 5.16065
6365 5.16065
6367 5.16065
6369 5.16065
6371 5.16065
6373 5.16065
6375 5.16065
6377 5.16065
6379 5.16065
6381 5.16065
6383 5.16065
6385 5.16065
6387 5.16065
6389 5.16065
6391 5.16065
6393 5.16065
6395 5.16065
6397 5.16065
6399 5.16065
6401 5.16065
6403 5.16065
6405 5.16065
6407 5.19103
6409 5.19103
6411 5.19103
6413 5.19103
6415 5.16065
6417 5.16065
6419 5.16065
6421 5.16065
6423 5.16065
6425 5.16065
6427 5.16065
6429 5.16065
6431 5.16065
6433 5.16065
6435 5.16065
6437 5.16065
6439 5.16065
6441 5.16065
6443 5.16065
6445 5.16065
6447 5.16065
6449 5.16065
6451 5.13979
6453 5.13979
6455 5.13979
6457 5.13979
6459 5.13979
6461 5.13979
6463 5.13979
6465 5.13979
6467 5.13979
6469 5.13979
6471 5.13979
6473 5.13979
6475 5.13979
6477 5.13979
6479 5.13979
6481 5.13979
6483 5.13979
6485 5.13979
6487 5.13979
6489 5.13979
6491 5.13979
6493 5.13979
6495 5.13979
6497 5.13979
6499 5.13979
6501 5.13979
6503 5.13979
6505 5.13979
6507 5.13979
6509 5.13979
6511 5.13979
6513 5.13979
6515 5.13979
6517 5.13979
6519 5.13979
6521 5.13979
6523 5.20552
6525 5.20552
6527 5.20552
6529 5.20552
6531 5.20552
6533 5.20552
6535 5.20552
6537 5.20552
6539 5.20552
6541 5.20552
6543 5.20552
6545 5.20552
6547 5.20552
6549 5.20552
6551 5.20552
6553 5.20552
6555 5.20552
6557 5.20552
6559 5.18228
6561 5.18228
6563 5.20716
6565 5.20716
6567 5.14143
6569 5.14143
6571 5.14143
6573 5.14143
6575 5.14143
6577 5.14143
6579 5.14143
6581 5.14143
6583 5.14143
6585 5.14143
6587 5.14143
6589 5.14143
6591 5.14143
6593 5.14143
6595 5.14068
6597 5.14068
6599 5.14068
6601 5.14068
6603 5.14068
6605 5.14068
6607 5.14068
6609 5.14068
6611 5.14068
6613 5.14068
6615 5.14068
6617 5.14068
6619 5.14068
6621 5.14068
6623 5.14068
6625 5.14068
6627 5.12748
6629 5.12748
6631 5.12748
6633 5.12748
6635 5.12748
6637 5.12748
6639 5.12748
6641 5.12748
6643 5.12748
6645 5.12748
6647 5.12748
6649 5.12748
6651 5.12748
6653 5.12748
6655 5.12748
6657 5.12418
6659 5.12418
6661 5.12418
6663 5.12418
6665 5.12418
6667 5.12418
6669 5.12418
6671 5.12418
6673 5.12418
6675 5.12418
6677 5.12418
6679 5.12418
6681 5.12418
6683 5.12418
6685 5.12418
6687 5.12418
6689 5.12418
6691 5.12418
6693 5.12418
6695 5.12418
6697 5.12418
6699 5.12418
6701 5.12418
6703 5.12418
6705 5.12418
6707 5.12418
6709 4.95095
6711 4.95095
6713 4.95095
6715 4.95095
6717 4.95095
6719 4.95095
6721 4.95095
6723 4.95095
6725 4.95095
6727 4.95095
6729 4.95095
6731 4.95095
6733 4.95095
6735 4.95095
6737 4.95095
6739 4.95095
6741 4.95095
6743 4.95095
6745 4.95095
6747 4.95095
6749 4.95095
6751 4.95095
6753 4.95095
6755 4.95095
6757 4.95095
6759 4.95095
6761 4.95095
6763 4.95095
6765 4.95095
6767 4.95095
6769 4.95095
6771 4.95095
6773 4.95095
6775 4.95095
6777 4.95095
6779 4.95095
6781 4.95095
6783 4.95095
6785 4.88044
6787 4.88044
6789 4.88044
6791 4.88044
6793 4.88044
6795 4.88044
6797 4.88044
6799 4.88044
6801 4.88044
6803 4.88044
6805 4.88044
6807 4.88044
6809 4.88044
6811 4.88044
6813 4.88044
6815 4.88044
6817 4.88044
6819 4.88044
6821 4.88044
6823 4.88044
6825 4.88044
6827 4.88044
6829 4.88044
6831 4.88044
6833 4.88044
6835 4.88044
6837 4.88044
6839 4.88044
6841 4.88044
6843 4.88044
6845 4.88044
6847 4.88044
6849 4.88044
6851 4.88044
6853 4.88044
6855 4.88044
6857 4.88044
6859 4.88044
6861 4.88044
6863 4.88044
6865 4.88044
6867 4.88044
6869 4.88044
6871 4.88044
6873 4.88044
6875 4.88044
6877 4.88044
6879 4.88044
6881 4.88044
6883 4.88044
6885 4.88044
6887 4.88044
6889 4.87228
6891 4.87228
6893 4.87228
6895 4.87228
6897 4.87228
6899 4.87228
6901 4.87228
6903 4.87228
6905 4.87228
6907 4.87228
6909 4.87228
6911 4.87228
6913 4.87228
6915 4.87228
6917 4.87228
6919 4.87228
6921 4.87228
6923 4.87228
6925 4.87228
6927 4.87228
6929 4.87228
6931 4.87228
6933 4.87228
6935 4.87228
6937 4.87228
6939 4.87228
6941 4.87228
6943 4.87228
6945 4.87228
6947 4.87228
6949 4.87228
6951 4.87228
6953 4.87228
6955 4.87228
6957 4.87228
6959 4.87228
6961 4.87228
6963 4.87228
6965 4.87228
6967 4.87228
6969 4.87228
6971 4.87228
6973 4.87228
6975 4.87228
6977 4.87228
6979 4.87228
6981 4.87228
6983 4.87228
6985 4.87228
6987 4.87228
6989 4.87228
6991 4.87228
6993 4.87228
6995 4.87228
6997 4.87228
6999 4.87228
7001 4.87228
7003 4.87228
7005 4.87228
7007 4.87228
7009 4.87228
7011 4.87228
7013 4.87228
7015 4.87228
7017 4.87228
7019 4.87228
7021 4.87228
7023 4.87228
7025 4.87228
7027 4.87228
7029 4.87228
7031 4.87228
7033 4.87228
7035 4.87228
7037 4.87228
7039 4.87228
7041 4.87228
7043 4.87228
7045 4.87228
7047 4.87228
7049 4.87228
7051 4.87228
7053 4.87228
7055 4.87228
7057 4.87228
7059 4.87228
7061 4.87228
7063 4.87228
7065 4.87228
7067 4.87228
7069 4.87228
7071 4.87228
7073 4.87228
7075 4.87228
7077 4.87228
7079 4.87228
7081 4.87228
7083 4.87228
7085 4.87228
7087 4.87228
7089 4.87228
7091 4.87228
7093 4.87228
7095 4.87228
7097 4.87228
7099 4.87228
7101 4.87228
7103 4.87228
7105 4.87228
7107 4.87228
7109 4.87228
7111 4.87228
7113 4.87228
7115 4.87228
7117 4.87228
7119 4.87228
7121 4.95856
7123 4.95856
7125 4.95856
7127 4.95856
7129 4.95856
7131 4.95856
7133 4.95856
7135 4.95856
7137 4.95856
7139 4.95856
7141 4.95856
7143 4.95856
7145 4.95856
7147 4.95856
7149 4.95856
7151 4.95856
7153 4.95856
7155 4.95856
7157 4.95856
7159 4.95856
7161 4.95856
7163 4.95856
7165 4.95856
7167 4.95856
7169 4.95856
7171 4.95856
7173 4.95856
7175 4.95856
7177 4.95856
7179 4.95856
7181 4.95856
7183 4.95856
7185 4.95856
7187 4.95856
7189 4.95856
7191 4.95856
7193 4.95856
7195 4.95856
7197 4.95856
7199 4.95856
7201 4.95856
7203 4.95856
7205 4.95856
7207 4.95856
7209 4.95856
7211 4.95856
7213 4.95856
7215 4.95856
7217 4.95856
7219 4.95856
7221 4.95856
7223 4.95856
7225 4.95856
7227 4.95856
7229 4.95856
7231 4.95856
7233 4.95856
7235 4.95856
7237 4.95856
7239 4.95856
7241 4.95856
7243 4.95856
7245 4.95856
7247 4.95856
7249 4.95856
7251 4.95856
7253 4.95856
7255 4.95856
7257 4.95856
7259 4.95856
7261 4.95856
7263 4.95856
7265 4.95856
7267 4.95856
7269 4.95856
7271 4.95856
7273 4.95856
7275 4.95856
7277 4.95856
7279 4.95856
7281 4.95856
7283 4.95856
7285 4.95856
7287 4.95856
7289 4.95856
7291 4.95856
7293 4.95856
7295 4.95856
7297 4.95856
7299 4.95856
7301 4.95856
7303 4.95856
7305 4.95856
7307 4.95856
7309 4.95856
7311 4.95856
7313 4.95856
7315 4.95856
7317 4.95856
7319 4.95856
7321 4.95856
7323 4.95856
7325 4.95856
7327 4.95856
7329 4.95856
7331 4.95856
7333 4.95856
7335 4.95856
7337 4.95856
7339 4.95856
7341 4.95856
7343 4.95856
7345 4.95856
7347 4.95856
7349 4.95856
7351 4.95856
7353 4.95856
7355 4.95856
7357 4.95856
7359 4.95856
7361 4.95856
7363 4.95856
7365 4.95856
7367 4.95856
7369 4.95856
7371 4.95856
7373 4.95856
7375 4.95856
7377 4.95856
7379 4.95856
7381 4.95856
7383 4.95856
7385 4.95856
7387 4.95856
7389 4.95856
7391 4.95856
7393 4.95856
7395 4.95856
7397 4.95856
7399 4.95856
7401 4.95856
7403 4.95856
7405 4.95856
7407 4.95856
7409 4.95856
7411 4.95856
7413 4.95856
7415 4.95856
7417 4.95856
7419 4.95856
7421 4.95856
7423 4.95856
7425 4.95856
7427 4.95856
7429 4.95856
7431 4.95856
7433 4.95856
7435 4.95856
7437 4.95856
7439 4.95856
7441 4.95856
7443 4.95856
7445 4.95856
7447 4.95856
7449 4.95856
7451 4.95856
7453 4.95856
7455 4.95856
7457 4.95856
7459 4.95856
7461 4.95856
7463 4.95856
7465 4.95856
7467 4.95856
7469 4.95856
7471 4.95856
7473 4.95856
7475 4.95856
7477 4.95856
7479 4.95856
7481 4.95856
7483 4.95856
7485 4.95856
7487 4.95856
7489 4.95856
7491 4.95856
7493 4.95856
7495 4.95856
7497 4.95856
7499 4.95856
7501 4.95856
7503 4.95856
7505 4.95856
7507 4.95856
7509 4.95856
7511 4.95856
7513 4.95856
7515 4.95856
7517 4.95856
7519 4.95856
7521 4.95856
7523 4.95856
7525 4.95856
7527 4.95856
7529 4.95856
7531 4.95856
7533 4.95856
7535 4.95856
7537 4.95856
7539 4.95856
7541 4.95856
7543 4.95856
7545 4.95856
7547 4.95856
7549 4.95856
7551 4.95856
7553 4.95856
7555 4.95856
7557 4.95856
7559 4.95856
7561 4.98101
7563 4.98101
7565 4.98101
7567 4.98101
7569 4.98101
7571 4.98101
7573 4.98101
7575 4.98101
7577 4.98101
7579 4.93999
7581 4.93999
7583 4.95405
7585 4.95405
7587 4.95405
7589 4.95405
7591 4.95405
7593 4.95405
7595 4.95405
7597 4.95405
7599 4.95405
7601 4.95405
7603 4.95405
7605 4.95405
7607 4.95405
7609 4.95405
7611 4.95405
7613 4.95405
7615 4.95405
7617 4.95405
7619 4.95405
7621 4.95405
7623 4.95405
7625 4.95405
7627 4.95405
7629 4.95405
7631 4.95405
7633 4.95405
7635 4.95405
7637 4.95405
7639 4.95405
7641 4.95405
7643 4.95405
7645 4.95405
7647 4.95405
7649 4.95405
7651 4.95405
7653 4.95405
7655 4.95405
7657 4.95405
7659 4.95405
7661 4.95405
7663 4.95405
7665 4.95405
7667 4.95405
7669 4.95405
7671 4.95405
7673 4.95405
7675 4.95405
7677 4.95405
7679 4.95405
7681 4.95405
7683 4.95405
7685 4.95405
7687 4.95405
7689 4.95405
7691 4.93781
7693 4.93781
7695 4.93781
7697 4.93781
7699 4.89248
7701 4.89248
7703 4.89248
7705 4.89248
7707 4.89248
7709 4.89248
7711 4.89248
7713 4.89248
7715 4.89248
7717 4.89248
7719 4.89248
7721 4.89248
7723 4.89248
7725 4.89248
7727 4.89248
7729 4.89248
7731 4.89248
7733 4.89248
7735 4.89248
7737 4.89248
7739 4.89248
7741 4.89248
7743 4.89248
7745 4.89248
7747 4.89248
7749 4.89248
7751 4.89248
7753 4.89248
7755 4.89248
7757 4.89248
7759 4.89248
7761 4.89248
7763 4.89248
7765 4.89248
7767 4.89248
7769 4.89248
7771 4.89248
7773 4.89248
7775 4.89248
7777 4.89248
7779 4.89248
7781 4.89248
7783 4.89248
7785 4.89248
7787 4.89248
7789 4.89248
7791 4.89248
7793 4.89248
7795 4.89248
7797 4.89248
7799 4.89248
7801 4.89248
7803 4.89248
7805 4.89248
7807 4.89248
7809 4.89248
7811 4.89248
7813 4.89248
7815 4.89248
7817 4.89248
7819 4.89248
7821 4.89248
7823 4.89248
7825 4.89248
7827 4.89248
7829 4.89248
7831 4.89248
7833 4.89248
7835 4.89248
7837 4.89248
7839 4.89248
7841 4.89248
7843 4.89248
7845 4.89248
7847 4.89248
7849 4.86336
7851 4.86336
7853 4.86336
7855 4.86336
7857 4.86336
7859 4.86336
7861 4.86336
7863 4.86336
7865 4.86336
7867 4.86336
7869 4.86336
7871 4.86336
7873 4.86336
7875 4.86336
7877 4.86336
7879 4.86336
7881 4.86336
7883 4.86336
7885 4.86336
7887 4.86336
7889 4.86336
7891 4.86336
7893 4.86336
7895 4.86336
7897 4.86336
7899 4.86336
7901 4.86336
7903 4.86336
7905 4.86336
7907 4.86336
7909 4.86336
7911 4.86336
7913 4.86336
7915 4.86336
7917 4.86336
7919 4.86336
7921 4.86336
7923 4.86336
7925 4.86336
7927 4.87216
7929 4.87216
7931 4.87216
7933 4.87216
7935 4.87216
7937 4.87216
7939 4.87216
7941 4.87216
7943 4.87216
7945 4.87216
7947 4.87216
7949 4.87216
7951 4.87216
7953 4.87216
7955 4.82249
7957 4.82249
7959 4.82249
7961 4.82249
7963 4.82249
7965 4.82249
7967 4.82249
7969 4.82249
7971 4.82249
7973 4.82249
7975 4.82249
7977 4.82249
7979 4.82249
7981 4.82249
7983 4.82249
7985 4.82249
7987 4.82249
7989 4.82249
7991 4.82249
7993 4.82249
7995 4.82249
7997 4.82249
7999 4.82249
8001 4.82249
8003 4.82249
8005 4.82249
8007 4.82249
8009 4.82249
8011 4.82249
8013 4.82249
8015 4.82249
8017 4.82249
8019 4.82249
8021 4.82249
8023 4.82249
8025 4.82249
8027 4.82249
8029 4.82249
8031 4.82249
8033 4.82249
8035 4.82249
8037 4.82249
8039 4.82249
8041 4.82249
8043 4.82249
8045 4.82249
8047 4.82249
8049 4.82249
8051 4.82249
8053 4.82249
8055 4.82249
8057 4.82249
8059 4.82249
8061 4.82249
8063 4.82249
8065 4.82249
8067 4.82249
8069 4.82249
8071 4.82249
8073 4.82249
8075 4.82249
8077 4.82249
8079 4.82249
8081 4.82249
8083 4.82249
8085 4.82249
8087 4.82249
8089 4.82249
8091 4.82249
8093 4.82249
8095 4.82249
8097 4.82249
8099 4.82249
8101 4.82249
8103 4.82249
8105 4.82249
8107 4.82249
8109 4.82249
8111 4.82249
8113 4.82249
8115 4.82249
8117 4.82249
8119 4.82249
8121 4.82249
8123 4.82249
8125 4.82249
8127 4.82249
8129 4.82249
8131 4.82249
8133 4.82249
8135 4.82249
8137 4.85371
8139 4.85371
8141 4.85371
8143 4.85371
8145 4.85371
8147 4.85371
8149 4.85371
8151 4.85371
8153 4.85371
8155 4.85371
8157 4.85371
8159 4.85371
8161 4.85371
8163 4.85371
8165 4.85371
8167 4.85371
8169 4.85371
8171 4.85371
8173 4.85371
8175 4.85371
8177 4.85371
8179 4.85371
8181 4.85371
8183 4.85371
8185 4.85371
8187 4.85371
8189 4.85371
8191 4.85371
8193 4.85371
8195 4.85371
8197 4.85371
8199 4.85371
8201 4.85371
8203 4.85371
8205 4.85371
8207 4.85371
8209 4.85371
8211 4.85371
8213 4.85371
8215 4.85371
8217 4.85371
8219 4.85371
8221 4.87216
8223 4.87216
8225 4.87216
8227 4.87216
8229 4.87216
8231 4.87216
8233 4.87216
8235 4.87216
8237 4.87216
8239 4.87216
8241 4.87216
8243 4.87216
8245 4.87216
8247 4.87216
8249 4.87216
8251 4.87216
8253 4.87216
8255 4.87216
8257 4.87216
8259 4.87216
8261 4.87216
8263 4.87216
8265 4.87216
8267 4.87216
8269 4.87216
8271 4.87216
8273 4.87216
8275 4.87216
8277 4.87216
8279 4.87216
8281 4.87216
8283 4.87216
8285 4.87216
8287 4.87216
8289 4.87216
8291 4.87216
8293 4.87216
8295 4.87216
8297 4.87216
8299 4.87216
8301 4.87216
8303 4.87216
8305 4.87216
8307 4.87216
8309 4.87216
8311 4.87216
8313 4.87216
8315 4.87216
8317 4.87216
8319 4.87216
8321 4.87216
8323 4.8506
8325 4.8506
8327 4.8506
8329 4.8506
8331 4.8506
8333 4.8506
8335 4.8506
8337 4.8506
8339 4.8506
8341 4.8506
8343 4.8506
8345 4.8506
8347 4.8506
8349 4.8506
8351 4.8506
8353 4.8506
8355 4.8506
8357 4.87216
8359 4.87216
8361 4.87216
8363 4.87216
8365 4.87216
8367 4.87216
8369 4.87216
8371 4.87216
8373 4.87216
8375 4.87216
8377 4.87216
8379 4.87216
8381 4.87216
8383 4.87216
8385 4.87216
8387 4.87216
8389 4.87216
8391 4.87216
8393 4.87216
8395 4.87216
8397 4.87216
8399 4.87216
8401 4.87216
8403 4.87216
8405 4.87216
8407 4.87216
8409 4.87216
8411 4.87216
8413 4.87216
8415 4.87216
8417 4.87216
8419 4.87216
8421 4.87216
8423 4.87216
8425 4.87216
8427 4.87216
8429 4.87216
8431 4.87216
8433 4.87216
8435 4.87216
8437 4.87216
8439 4.87216
8441 4.87216
8443 4.87216
8445 4.87216
8447 4.87216
8449 4.87216
8451 4.87216
8453 4.87216
8455 4.87216
8457 4.87216
8459 4.87216
8461 4.87216
8463 4.87216
8465 4.87216
8467 4.87216
8469 4.73408
8471 4.73408
8473 4.73408
8475 4.73408
8477 4.73408
8479 4.73408
8481 4.73408
8483 4.73408
8485 4.73408
8487 4.73408
8489 4.73408
8491 4.73408
8493 4.73408
8495 4.73408
8497 4.73408
8499 4.73408
8501 4.73408
8503 4.73408
8505 4.73408
8507 4.73408
8509 4.73408
8511 4.72893
8513 4.72893
8515 4.72893
8517 4.72893
8519 4.72893
8521 4.72893
8523 4.72893
8525 4.72893
8527 4.72893
8529 4.72893
8531 4.72893
8533 4.72893
8535 4.72893
8537 4.72893
8539 4.72893
8541 4.72893
8543 4.72893
8545 4.72893
8547 4.72893
8549 4.72893
8551 4.72893
8553 4.72893
8555 4.72893
8557 4.72893
8559 4.72893
8561 4.72893
8563 4.72893
8565 4.72893
8567 4.72893
8569 4.72893
8571 4.72893
8573 4.72893
8575 4.72893
8577 4.72893
8579 4.72893
8581 4.72893
8583 4.72893
8585 4.72893
8587 4.72893
8589 4.72893
8591 4.72893
8593 4.72893
8595 4.72893
8597 4.72893
8599 4.72893
8601 4.72893
8603 4.72893
8605 4.72893
8607 4.72893
8609 4.72893
8611 4.72893
8613 4.72893
8615 4.72893
8617 4.72893
8619 4.72893
8621 4.72893
8623 4.72893
8625 4.72893
8627 4.72893
8629 4.72893
8631 4.72893
8633 4.72893
8635 4.72893
8637 4.72893
8639 4.72893
8641 4.72893
8643 4.72893
8645 4.72893
8647 4.72893
8649 4.72893
8651 4.72893
8653 4.72893
8655 4.72893
8657 4.72893
8659 4.72893
8661 4.72893
8663 4.72893
8665 4.72893
8667 4.72893
8669 4.72893
8671 4.72893
8673 4.72893
8675 4.72893
8677 4.72893
8679 4.67809
8681 4.67809
8683 4.67809
8685 4.67809
8687 4.67809
8689 4.67809
8691 4.67809
8693 4.67809
8695 4.67809
8697 4.67809
8699 4.67809
8701 4.67809
8703 4.67809
8705 4.67809
8707 4.67809
8709 4.67809
8711 4.67809
8713 4.67809
8715 4.67809
8717 4.67809
8719 4.67809
8721 4.67809
8723 4.67809
8725 4.67809
8727 4.67809
8729 4.67809
8731 4.67809
8733 4.67809
8735 4.67809
8737 4.67809
8739 4.67809
8741 4.67809
8743 4.67809
8745 4.67809
8747 4.67809
8749 4.67809
8751 4.67809
8753 4.67809
8755 4.67809
8757 4.67809
8759 4.67809
8761 4.67809
8763 4.67809
8765 4.67809
8767 4.67809
8769 4.67809
8771 4.67809
8773 4.67809
8775 4.67809
8777 4.67809
8779 4.67809
8781 4.67809
8783 4.67809
8785 4.67809
8787 4.67809
8789 4.67809
8791 4.67809
8793 4.67809
8795 4.67809
8797 4.67809
8799 4.67809
8801 4.67809
8803 4.67809
8805 4.67809
8807 4.67809
8809 4.67809
8811 4.67809
8813 4.67809
8815 4.67809
8817 4.67809
8819 4.67809
8821 4.67809
8823 4.67809
8825 4.67809
8827 4.67809
8829 4.67809
8831 4.67809
8833 4.67809
8835 4.67809
8837 4.67809
8839 4.67809
8841 4.67809
8843 4.67809
8845 4.67809
8847 4.67809
8849 4.67809
8851 4.67809
8853 4.67809
8855 4.67809
8857 4.67809
8859 4.67809
8861 4.67809
8863 4.67809
8865 4.67809
8867 4.67809
8869 4.67809
8871 4.67809
8873 4.67809
8875 4.67809
8877 4.67809
8879 4.67809
8881 4.67809
8883 4.67809
8885 4.67809
8887 4.67809
8889 4.67809
8891 4.67809
8893 4.67809
8895 4.67809
8897 4.67809
8899 4.67809
8901 4.67809
8903 4.67809
8905 4.67809
8907 4.67809
8909 4.67809
8911 4.67809
8913 4.67809
8915 4.67809
8917 4.67809
8919 4.67809
8921 4.67809
8923 4.67809
8925 4.67809
8927 4.67809
8929 4.67809
8931 4.67809
8933 4.67809
8935 4.67809
8937 4.67809
8939 4.67809
8941 4.67809
8943 4.67809
8945 4.67809
8947 4.67809
8949 4.67809
8951 4.67809
8953 4.67809
8955 4.67809
8957 4.67809
8959 4.67809
8961 4.65215
8963 4.65215
8965 4.65215
8967 4.65215
8969 4.65215
8971 4.65215
8973 4.65215
8975 4.65215
8977 4.65215
8979 4.65215
8981 4.65215
8983 4.65215
8985 4.65215
8987 4.65215
8989 4.65215
8991 4.65215
8993 4.65215
8995 4.65215
8997 4.65215
8999 4.65215
9001 4.65215
9003 4.65215
9005 4.65215
9007 4.65215
9009 4.65215
9011 4.65215
9013 4.65215
9015 4.65215
9017 4.65215
9019 4.65215
9021 4.65215
9023 4.65215
9025 4.65215
9027 4.65215
9029 4.65215
9031 4.65215
9033 4.65215
9035 4.65215
9037 4.65215
9039 4.65215
9041 4.65215
9043 4.65215
9045 4.65215
9047 4.65215
9049 4.65215
9051 4.65215
9053 4.65215
9055 4.65215
9057 4.65215
9059 4.65215
9061 4.65215
9063 4.65215
9065 4.65215
9067 4.65215
9069 4.65215
9071 4.65215
9073 4.65215
9075 4.65215
9077 4.65215
9079 4.65215
9081 4.65215
9083 4.65215
9085 4.65215
9087 4.65215
9089 4.65215
9091 4.65215
9093 4.65215
9095 4.65215
9097 4.65215
9099 4.65215
9101 4.65215
9103 4.65215
9105 4.65215
9107 4.65215
9109 4.65215
9111 4.65215
9113 4.65215
9115 4.65215
9117 4.65215
9119 4.65215
9121 4.65215
9123 4.65215
9125 4.65215
9127 4.65215
9129 4.65215
9131 4.65215
9133 4.65215
9135 4.65215
9137 4.65215
9139 4.65215
9141 4.65215
9143 4.65215
9145 4.65215
9147 4.65215
9149 4.65215
9151 4.65215
9153 4.65215
9155 4.65215
9157 4.65215
9159 4.65215
9161 4.65215
9163 4.65215
9165 4.65215
9167 4.65215
9169 4.65215
9171 4.65215
9173 4.65215
9175 4.65215
9177 4.65215
9179 4.65215
9181 4.65215
9183 4.65215
9185 4.65215
9187 4.65215
9189 4.65215
9191 4.65215
9193 4.65215
9195 4.65215
9197 4.65215
9199 4.65215
9201 4.65215
9203 4.65215
9205 4.65215
9207 4.65215
9209 4.65215
9211 4.65215
9213 4.65215
9215 4.65215
9217 4.65215
9219 4.65215
9221 4.65215
9223 4.65215
9225 4.65215
9227 4.65139
9229 4.65139
9231 4.65215
9233 4.65215
9235 4.65215
9237 4.65215
9239 4.65215
9241 4.65215
9243 4.65215
9245 4.65215
9247 4.65215
9249 4.65215
9251 4.65215
9253 4.65215
9255 4.65215
9257 4.65215
9259 4.65215
9261 4.65215
9263 4.65215
9265 4.65215
9267 4.65215
9269 4.65215
9271 4.65215
9273 4.65215
9275 4.65215
9277 4.65215
9279 4.65215
9281 4.65215
9283 4.65215
9285 4.65215
9287 4.65215
9289 4.65215
9291 4.65215
9293 4.65215
9295 4.65215
9297 4.65215
9299 4.65215
9301 4.65215
9303 4.65215
9305 4.65215
9307 4.65215
9309 4.65215
9311 4.65215
9313 4.65215
9315 4.6256
9317 4.6256
9319 4.6256
9321 4.6256
9323 4.6256
9325 4.6256
9327 4.6256
9329 4.6256
9331 4.6256
9333 4.6256
9335 4.6256
9337 4.6256
9339 4.6256
9341 4.6256
9343 4.6256
9345 4.6256
9347 4.6256
9349 4.6256
9351 4.6256
9353 4.6256
9355 4.6256
9357 4.6256
9359 4.6256
9361 4.6256
9363 4.6256
9365 4.6256
9367 4.6256
9369 4.6256
9371 4.6256
9373 4.6256
9375 4.6256
9377 4.6256
9379 4.6256
9381 4.6256
9383 4.6256
9385 4.6256
9387 4.6256
9389 4.6256
9391 4.6256
9393 4.6256
9395 4.6256
9397 4.6256
9399 4.6256
9401 4.6256
9403 4.6256
9405 4.6256
9407 4.6256
9409 4.6256
9411 4.6256
9413 4.6256
9415 4.6256
9417 4.6256
9419 4.6256
9421 4.6256
9423 4.6256
9425 4.6256
9427 4.6256
9429 4.6256
9431 4.6256
9433 4.6256
9435 4.6256
9437 4.6256
9439 4.6256
9441 4.6256
9443 4.6256
9445 4.6256
9447 4.6256
9449 4.6256
9451 4.6256
9453 4.6256
9455 4.6256
9457 4.6256
9459 4.6256
9461 4.6256
9463 4.6256
9465 4.6256
9467 4.6256
9469 4.6256
9471 4.6256
9473 4.6256
9475 4.6256
9477 4.6256
9479 4.6256
9481 4.6256
9483 4.6256
9485 4.6256
9487 4.6256
9489 4.6256
9491 4.6256
9493 4.6256
9495 4.6256
9497 4.6256
9499 4.6256
9501 4.6256
9503 4.6256
9505 4.6256
9507 4.6256
9509 4.6256
9511 4.6256
9513 4.6256
9515 4.6256
9517 4.6256
9519 4.6256
9521 4.6256
9523 4.6256
9525 4.6256
9527 4.6256
9529 4.6256
9531 4.6256
9533 4.6256
9535 4.6256
9537 4.6256
9539 4.6256
9541 4.6256
9543 4.6256
9545 4.6256
9547 4.6256
9549 4.6256
9551 4.6256
9553 4.6256
9555 4.6256
9557 4.6256
9559 4.6256
9561 4.6256
9563 4.6256
9565 4.6256
9567 4.6256
9569 4.6256
9571 4.6256
9573 4.6256
9575 4.6256
9577 4.6256
9579 4.6256
9581 4.6256
9583 4.6256
9585 4.6256
9587 4.6256
9589 4.6256
9591 4.6256
9593 4.6256
9595 4.6256
9597 4.6256
9599 4.6256
